# Timestamp,Type of mobile,MMSI,Latitude,Longitude,Navigational status,ROT,SOG,COG,Heading,IMO,Callsign,Name,Ship type,Cargo type,Width,Length,Type of position fixing device,Draught,Destination,ETA,Data source type,A,B,C,D
26/11/2024 00:02:58,Class A,255802580,55.459658,12.20548,Moored,4.5,0.0,113.1,181.0,Unknown,Unknown,,Undefined,,,,Undefined,,Unknown,,AIS,,,,
26/11/2024 00:02:58,Class A,255802580,55.459658,12.20548,Moored,4.5,0.0,113.1,181.0,Unknown,Unknown,,Undefined,,,,Undefined,,Unknown,,AIS,,,,
26/11/2024 00:05:52,Class A,255802580,55.459658,12.20548,Moored,4.5,0.0,113.1,181.0,9428396,CQPH,MANISA SOFIA,Cargo,,19.0,137.0,GPS,8.5,DKKOG,25/10/2025 16:00:00,AIS,127.0,10.0,15.0,4.0
26/11/2024 00:05:54,Class A,255802580,55.459655,12.205485,Moored,2.2,0.0,113.1,181.0,9428396,CQPH,MANISA SOFIA,Cargo,,19.0,137.0,GPS,8.5,DKKOG,25/10/2025 16:00:00,AIS,127.0,10.0,15.0,4.0
26/11/2024 00:05:54,Class A,255802580,55.459655,12.205485,Moored,2.2,0.0,113.1,181.0,9428396,CQPH,MANISA SOFIA,Cargo,,19.0,137.0,GPS,8.5,DKKOG,25/10/2025 16:00:00,AIS,127.0,10.0,15.0,4.0
26/11/2024 00:05:54,Class A,255802580,55.459655,12.205485,Moored,2.2,0.0,113.1,181.0,9428396,CQPH,MANISA SOFIA,Cargo,,19.0,137.0,GPS,8.5,DKKOG,25/10/2025 16:00:00,AIS,127.0,10.0,15.0,4.0
26/11/2024 00:08:58,Class A,255802580,55.459707,12.2055,Moored,4.5,0.0,113.1,181.0,9428396,CQPH,MANISA SOFIA,Cargo,,19.0,137.0,GPS,8.5,DKKOG,25/10/2025 16:00:00,AIS,127.0,10.0,15.0,4.0
26/11/2024 00:08:58,Class A,255802580,55.459707,12.2055,Moored,4.5,0.0,113.1,181.0,9428396,CQPH,MANISA SOFIA,Cargo,,19.0,137.0,GPS,8.5,DKKOG,25/10/2025 16:00:00,AIS,127.0,10.0,15.0,4.0
26/11/2024 00:08:58,Class A,255802580,55.459707,12.2055,Moored,4.5,0.0,113.1,181.0,9428396,CQPH,MANISA SOFIA,Cargo,,19.0,137.0,GPS,8.5,DKKOG,25/10/2025 16:00:00,AIS,127.0,10.0,15.0,4.0
26/11/2024 00:11:52,Class A,255802580,55.459707,12.2055,Moored,4.5,0.0,113.1,181.0,9428396,CQPH,MANISA SOFIA,Cargo,,19.0,137.0,GPS,8.5,DKKOG,25/10/2025 16:00:00,AIS,127.0,10.0,15.0,4.0
26/11/2024 00:11:52,Class A,255802580,55.459707,12.2055,Moored,4.5,0.0,113.1,181.0,9428396,CQPH,MANISA SOFIA,Cargo,,19.0,137.0,GPS,8.5,DKKOG,25/10/2025 16:00:00,AIS,127.0,10.0,15.0,4.0
26/11/2024 00:11:55,Class A,255802580,55.459678,12.20551,Moored,1.6,0.0,113.1,181.0,9428396,CQPH,MANISA SOFIA,Cargo,,19.0,137.0,GPS,8.5,DKKOG,25/10/2025 16:00:00,AIS,127.0,10.0,15.0,4.0
26/11/2024 00:11:55,Class A,255802580,55.459678,12.20551,Moored,1.6,0.0,113.1,181.0,9428396,CQPH,MANISA SOFIA,Cargo,,19.0,137.0,GPS,8.5,DKKOG,25/10/2025 16:00:00,AIS,127.0,10.0,15.0,4.0
26/11/2024 00:11:55,Class A,255802580,55.459678,12.20551,Moored,1.6,0.0,113.1,181.0,9428396,CQPH,MANISA SOFIA,Cargo,,19.0,137.0,GPS,8.5,DKKOG,25/10/2025 16:00:00,AIS,127.0,10.0,15.0,4.0
26/11/2024 00:14:58,Class A,255802580,55.459692,12.205535,Moored,-2.2,0.0,113.1,181.0,9428396,CQPH,MANISA SOFIA,Cargo,,19.0,137.0,GPS,8.5,DKKOG,25/10/2025 16:00:00,AIS,127.0,10.0,15.0,4.0
26/11/2024 00:14:58,Class A,255802580,55.459692,12.205535,Moored,-2.2,0.0,113.1,181.0,9428396,CQPH,MANISA SOFIA,Cargo,,19.0,137.0,GPS,8.5,DKKOG,25/10/2025 16:00:00,AIS,127.0,10.0,15.0,4.0
26/11/2024 00:14:58,Class A,255802580,55.459692,12.205535,Moored,-2.2,0.0,113.1,181.0,9428396,CQPH,MANISA SOFIA,Cargo,,19.0,137.0,GPS,8.5,DKKOG,25/10/2025 16:00:00,AIS,127.0,10.0,15.0,4.0
26/11/2024 00:17:54,Class A,255802580,55.459688,12.205523,Moored,-1.6,0.0,113.1,181.0,9428396,CQPH,MANISA SOFIA,Cargo,,19.0,137.0,GPS,8.5,DKKOG,25/10/2025 16:00:00,AIS,127.0,10.0,15.0,4.0
26/11/2024 00:17:54,Class A,255802580,55.459688,12.205523,Moored,-1.6,0.0,113.1,181.0,9428396,CQPH,MANISA SOFIA,Cargo,,19.0,137.0,GPS,8.5,DKKOG,25/10/2025 16:00:00,AIS,127.0,10.0,15.0,4.0
26/11/2024 00:17:54,Class A,255802580,55.459688,12.205523,Moored,-1.6,0.0,113.1,181.0,9428396,CQPH,MANISA SOFIA,Cargo,,19.0,137.0,GPS,8.5,DKKOG,25/10/2025 16:00:00,AIS,127.0,10.0,15.0,4.0
26/11/2024 00:20:59,Class A,255802580,55.45968,12.205483,Moored,-2.2,0.0,113.1,181.0,9428396,CQPH,MANISA SOFIA,Cargo,,19.0,137.0,GPS,8.5,DKKOG,25/10/2025 16:00:00,AIS,127.0,10.0,15.0,4.0
26/11/2024 00:20:59,Class A,255802580,55.45968,12.205483,Moored,-2.2,0.0,113.1,181.0,9428396,CQPH,MANISA SOFIA,Cargo,,19.0,137.0,GPS,8.5,DKKOG,25/10/2025 16:00:00,AIS,127.0,10.0,15.0,4.0
26/11/2024 00:20:59,Class A,255802580,55.45968,12.205483,Moored,-2.2,0.0,113.1,181.0,9428396,CQPH,MANISA SOFIA,Cargo,,19.0,137.0,GPS,8.5,DKKOG,25/10/2025 16:00:00,AIS,127.0,10.0,15.0,4.0
26/11/2024 00:23:52,Class A,255802580,55.45968,12.205483,Moored,-2.2,0.0,113.1,181.0,9428396,CQPH,MANISA SOFIA,Cargo,,19.0,137.0,GPS,8.5,DKKOG,25/10/2025 16:00:00,AIS,127.0,10.0,15.0,4.0
26/11/2024 00:23:52,Class A,255802580,55.45968,12.205483,Moored,-2.2,0.0,113.1,181.0,9428396,CQPH,MANISA SOFIA,Cargo,,19.0,137.0,GPS,8.5,DKKOG,25/10/2025 16:00:00,AIS,127.0,10.0,15.0,4.0
26/11/2024 00:23:52,Class A,255802580,55.45968,12.205483,Moored,-2.2,0.0,113.1,181.0,9428396,CQPH,MANISA SOFIA,Cargo,,19.0,137.0,GPS,8.5,DKKOG,25/10/2025 16:00:00,AIS,127.0,10.0,15.0,4.0
26/11/2024 00:23:55,Class A,255802580,55.459708,12.205558,Moored,4.5,0.0,113.1,181.0,9428396,CQPH,MANISA SOFIA,Cargo,,19.0,137.0,GPS,8.5,DKKOG,25/10/2025 16:00:00,AIS,127.0,10.0,15.0,4.0
26/11/2024 00:23:55,Class A,255802580,55.459708,12.205558,Moored,4.5,0.0,113.1,181.0,9428396,CQPH,MANISA SOFIA,Cargo,,19.0,137.0,GPS,8.5,DKKOG,25/10/2025 16:00:00,AIS,127.0,10.0,15.0,4.0
26/11/2024 00:26:57,Class A,255802580,55.459667,12.205473,Moored,-2.2,0.0,113.1,181.0,9428396,CQPH,MANISA SOFIA,Cargo,,19.0,137.0,GPS,8.5,DKKOG,25/10/2025 16:00:00,AIS,127.0,10.0,15.0,4.0
26/11/2024 00:26:57,Class A,255802580,55.459667,12.205473,Moored,-2.2,0.0,113.1,181.0,9428396,CQPH,MANISA SOFIA,Cargo,,19.0,137.0,GPS,8.5,DKKOG,25/10/2025 16:00:00,AIS,127.0,10.0,15.0,4.0
26/11/2024 00:26:57,Class A,255802580,55.459667,12.205473,Moored,-2.2,0.0,113.1,181.0,9428396,CQPH,MANISA SOFIA,Cargo,,19.0,137.0,GPS,8.5,DKKOG,25/10/2025 16:00:00,AIS,127.0,10.0,15.0,4.0
26/11/2024 00:29:52,Class A,255802580,55.459667,12.205473,Moored,-2.2,0.0,113.1,181.0,9428396,CQPH,MANISA SOFIA,Cargo,,19.0,137.0,GPS,8.5,DKKOG,25/10/2025 16:00:00,AIS,127.0,10.0,15.0,4.0
26/11/2024 00:29:54,Class A,255802580,55.459685,12.205497,Moored,4.5,0.0,113.1,182.0,9428396,CQPH,MANISA SOFIA,Cargo,,19.0,137.0,GPS,8.5,DKKOG,25/10/2025 16:00:00,AIS,127.0,10.0,15.0,4.0
26/11/2024 00:29:54,Class A,255802580,55.459685,12.205497,Moored,4.5,0.0,113.1,182.0,9428396,CQPH,MANISA SOFIA,Cargo,,19.0,137.0,GPS,8.5,DKKOG,25/10/2025 16:00:00,AIS,127.0,10.0,15.0,4.0
26/11/2024 00:29:54,Class A,255802580,55.459685,12.205497,Moored,4.5,0.0,113.1,182.0,9428396,CQPH,MANISA SOFIA,Cargo,,19.0,137.0,GPS,8.5,DKKOG,25/10/2025 16:00:00,AIS,127.0,10.0,15.0,4.0
26/11/2024 00:32:57,Class A,255802580,55.459677,12.205477,Moored,-0.0,0.0,113.1,181.0,9428396,CQPH,MANISA SOFIA,Cargo,,19.0,137.0,GPS,8.5,DKKOG,25/10/2025 16:00:00,AIS,127.0,10.0,15.0,4.0
26/11/2024 00:32:57,Class A,255802580,55.459677,12.205477,Moored,-0.0,0.0,113.1,181.0,9428396,CQPH,MANISA SOFIA,Cargo,,19.0,137.0,GPS,8.5,DKKOG,25/10/2025 16:00:00,AIS,127.0,10.0,15.0,4.0
26/11/2024 00:32:57,Class A,255802580,55.459677,12.205477,Moored,-0.0,0.0,113.1,181.0,9428396,CQPH,MANISA SOFIA,Cargo,,19.0,137.0,GPS,8.5,DKKOG,25/10/2025 16:00:00,AIS,127.0,10.0,15.0,4.0
26/11/2024 00:35:52,Class A,255802580,55.459677,12.205477,Moored,-0.0,0.0,113.1,181.0,9428396,CQPH,MANISA SOFIA,Cargo,,19.0,137.0,GPS,8.5,DKKOG,25/10/2025 16:00:00,AIS,127.0,10.0,15.0,4.0
26/11/2024 00:35:52,Class A,255802580,55.459677,12.205477,Moored,-0.0,0.0,113.1,181.0,9428396,CQPH,MANISA SOFIA,Cargo,,19.0,137.0,GPS,8.5,DKKOG,25/10/2025 16:00:00,AIS,127.0,10.0,15.0,4.0
26/11/2024 00:35:52,Class A,255802580,55.459677,12.205477,Moored,-0.0,0.0,113.1,181.0,9428396,CQPH,MANISA SOFIA,Cargo,,19.0,137.0,GPS,8.5,DKKOG,25/10/2025 16:00:00,AIS,127.0,10.0,15.0,4.0
26/11/2024 00:35:54,Class A,255802580,55.45964,12.205473,Moored,-2.2,0.0,113.1,181.0,9428396,CQPH,MANISA SOFIA,Cargo,,19.0,137.0,GPS,8.5,DKKOG,25/10/2025 16:00:00,AIS,127.0,10.0,15.0,4.0
26/11/2024 00:35:54,Class A,255802580,55.45964,12.205473,Moored,-2.2,0.0,113.1,181.0,9428396,CQPH,MANISA SOFIA,Cargo,,19.0,137.0,GPS,8.5,DKKOG,25/10/2025 16:00:00,AIS,127.0,10.0,15.0,4.0
26/11/2024 00:38:56,Class A,255802580,55.459697,12.205513,Moored,-3.6,0.0,113.1,181.0,9428396,CQPH,MANISA SOFIA,Cargo,,19.0,137.0,GPS,8.5,DKKOG,25/10/2025 16:00:00,AIS,127.0,10.0,15.0,4.0
26/11/2024 00:38:56,Class A,255802580,55.459697,12.205513,Moored,-3.6,0.0,113.1,181.0,9428396,CQPH,MANISA SOFIA,Cargo,,19.0,137.0,GPS,8.5,DKKOG,25/10/2025 16:00:00,AIS,127.0,10.0,15.0,4.0
26/11/2024 00:38:56,Class A,255802580,55.459697,12.205513,Moored,-3.6,0.0,113.1,181.0,9428396,CQPH,MANISA SOFIA,Cargo,,19.0,137.0,GPS,8.5,DKKOG,25/10/2025 16:00:00,AIS,127.0,10.0,15.0,4.0
26/11/2024 00:41:52,Class A,255802580,55.459697,12.205513,Moored,-3.6,0.0,113.1,181.0,9428396,CQPH,MANISA SOFIA,Cargo,,19.0,137.0,GPS,8.5,DKKOG,25/10/2025 16:00:00,AIS,127.0,10.0,15.0,4.0
26/11/2024 00:41:52,Class A,255802580,55.459697,12.205513,Moored,-3.6,0.0,113.1,181.0,9428396,CQPH,MANISA SOFIA,Cargo,,19.0,137.0,GPS,8.5,DKKOG,25/10/2025 16:00:00,AIS,127.0,10.0,15.0,4.0
26/11/2024 00:41:55,Class A,255802580,55.459648,12.205442,Moored,-2.9,0.0,113.1,181.0,9428396,CQPH,MANISA SOFIA,Cargo,,19.0,137.0,GPS,8.5,DKKOG,25/10/2025 16:00:00,AIS,127.0,10.0,15.0,4.0
26/11/2024 00:41:55,Class A,255802580,55.459648,12.205442,Moored,-2.9,0.0,113.1,181.0,9428396,CQPH,MANISA SOFIA,Cargo,,19.0,137.0,GPS,8.5,DKKOG,25/10/2025 16:00:00,AIS,127.0,10.0,15.0,4.0
26/11/2024 00:41:55,Class A,255802580,55.459648,12.205442,Moored,-2.9,0.0,113.1,181.0,9428396,CQPH,MANISA SOFIA,Cargo,,19.0,137.0,GPS,8.5,DKKOG,25/10/2025 16:00:00,AIS,127.0,10.0,15.0,4.0
26/11/2024 00:44:58,Class A,255802580,55.459643,12.205447,Moored,5.4,0.0,113.1,181.0,9428396,CQPH,MANISA SOFIA,Cargo,,19.0,137.0,GPS,8.5,DKKOG,25/10/2025 16:00:00,AIS,127.0,10.0,15.0,4.0
26/11/2024 00:44:58,Class A,255802580,55.459643,12.205447,Moored,5.4,0.0,113.1,181.0,9428396,CQPH,MANISA SOFIA,Cargo,,19.0,137.0,GPS,8.5,DKKOG,25/10/2025 16:00:00,AIS,127.0,10.0,15.0,4.0
26/11/2024 00:44:58,Class A,255802580,55.459643,12.205447,Moored,5.4,0.0,113.1,181.0,9428396,CQPH,MANISA SOFIA,Cargo,,19.0,137.0,GPS,8.5,DKKOG,25/10/2025 16:00:00,AIS,127.0,10.0,15.0,4.0
26/11/2024 00:47:52,Class A,255802580,55.459643,12.205447,Moored,5.4,0.0,113.1,181.0,9428396,CQPH,MANISA SOFIA,Cargo,,19.0,137.0,GPS,8.5,DKKOG,25/10/2025 16:00:00,AIS,127.0,10.0,15.0,4.0
26/11/2024 00:47:55,Class A,255802580,55.459655,12.205432,Moored,-2.2,0.0,113.1,181.0,9428396,CQPH,MANISA SOFIA,Cargo,,19.0,137.0,GPS,8.5,DKKOG,25/10/2025 16:00:00,AIS,127.0,10.0,15.0,4.0
26/11/2024 00:47:55,Class A,255802580,55.459655,12.205432,Moored,-2.2,0.0,113.1,181.0,9428396,CQPH,MANISA SOFIA,Cargo,,19.0,137.0,GPS,8.5,DKKOG,25/10/2025 16:00:00,AIS,127.0,10.0,15.0,4.0
26/11/2024 00:47:55,Class A,255802580,55.459655,12.205432,Moored,-2.2,0.0,113.1,181.0,9428396,CQPH,MANISA SOFIA,Cargo,,19.0,137.0,GPS,8.5,DKKOG,25/10/2025 16:00:00,AIS,127.0,10.0,15.0,4.0
26/11/2024 00:50:59,Class A,255802580,55.459687,12.205522,Moored,-1.6,0.0,113.1,181.0,9428396,CQPH,MANISA SOFIA,Cargo,,19.0,137.0,GPS,8.5,DKKOG,25/10/2025 16:00:00,AIS,127.0,10.0,15.0,4.0
26/11/2024 00:50:59,Class A,255802580,55.459687,12.205522,Moored,-1.6,0.0,113.1,181.0,9428396,CQPH,MANISA SOFIA,Cargo,,19.0,137.0,GPS,8.5,DKKOG,25/10/2025 16:00:00,AIS,127.0,10.0,15.0,4.0
26/11/2024 00:53:52,Class A,255802580,55.459687,12.205522,Moored,-1.6,0.0,113.1,181.0,9428396,CQPH,MANISA SOFIA,Cargo,,19.0,137.0,GPS,8.5,DKKOG,25/10/2025 16:00:00,AIS,127.0,10.0,15.0,4.0
26/11/2024 00:53:52,Class A,255802580,55.459687,12.205522,Moored,-1.6,0.0,113.1,181.0,9428396,CQPH,MANISA SOFIA,Cargo,,19.0,137.0,GPS,8.5,DKKOG,25/10/2025 16:00:00,AIS,127.0,10.0,15.0,4.0
26/11/2024 00:53:52,Class A,255802580,55.459687,12.205522,Moored,-1.6,0.0,113.1,181.0,9428396,CQPH,MANISA SOFIA,Cargo,,19.0,137.0,GPS,8.5,DKKOG,25/10/2025 16:00:00,AIS,127.0,10.0,15.0,4.0
26/11/2024 00:53:54,Class A,255802580,55.45968,12.205522,Moored,-3.6,0.0,113.1,181.0,9428396,CQPH,MANISA SOFIA,Cargo,,19.0,137.0,GPS,8.5,DKKOG,25/10/2025 16:00:00,AIS,127.0,10.0,15.0,4.0
26/11/2024 00:53:54,Class A,255802580,55.45968,12.205522,Moored,-3.6,0.0,113.1,181.0,9428396,CQPH,MANISA SOFIA,Cargo,,19.0,137.0,GPS,8.5,DKKOG,25/10/2025 16:00:00,AIS,127.0,10.0,15.0,4.0
26/11/2024 00:56:49,Class A,255802580,55.459497,12.204708,Moored,-3.6,0.0,113.1,181.0,9428396,CQPH,MANISA SOFIA,Cargo,,19.0,137.0,GPS,8.5,DKKOG,25/10/2025 16:00:00,AIS,127.0,10.0,15.0,4.0
26/11/2024 00:56:49,Class A,255802580,55.459497,12.204708,Moored,-3.6,0.0,113.1,181.0,9428396,CQPH,MANISA SOFIA,Cargo,,19.0,137.0,GPS,8.5,DKKOG,25/10/2025 16:00:00,AIS,127.0,10.0,15.0,4.0
26/11/2024 00:56:49,Class A,255802580,55.459497,12.204708,Moored,-3.6,0.0,113.1,181.0,9428396,CQPH,MANISA SOFIA,Cargo,,19.0,137.0,GPS,8.5,DKKOG,25/10/2025 16:00:00,AIS,127.0,10.0,15.0,4.0
26/11/2024 00:59:53,Class A,255802580,55.459655,12.20545,Moored,1.1,0.0,113.1,181.0,9428396,CQPH,MANISA SOFIA,Cargo,,19.0,137.0,GPS,8.5,DKKOG,25/10/2025 16:00:00,AIS,127.0,10.0,15.0,4.0
26/11/2024 00:59:53,Class A,255802580,55.459655,12.20545,Moored,1.1,0.0,113.1,181.0,9428396,CQPH,MANISA SOFIA,Cargo,,19.0,137.0,GPS,8.5,DKKOG,25/10/2025 16:00:00,AIS,127.0,10.0,15.0,4.0
26/11/2024 00:59:53,Class A,255802580,55.459655,12.20545,Moored,1.1,0.0,113.1,181.0,9428396,CQPH,MANISA SOFIA,Cargo,,19.0,137.0,GPS,8.5,DKKOG,25/10/2025 16:00:00,AIS,127.0,10.0,15.0,4.0
26/11/2024 01:02:53,Class A,255802580,55.459645,12.205477,Moored,2.2,0.0,113.1,181.0,9428396,CQPH,MANISA SOFIA,Cargo,,19.0,137.0,GPS,8.5,DKKOG,25/10/2025 16:00:00,AIS,127.0,10.0,15.0,4.0
26/11/2024 01:02:53,Class A,255802580,55.459645,12.205477,Moored,2.2,0.0,113.1,181.0,9428396,CQPH,MANISA SOFIA,Cargo,,19.0,137.0,GPS,8.5,DKKOG,25/10/2025 16:00:00,AIS,127.0,10.0,15.0,4.0
26/11/2024 01:02:53,Class A,255802580,55.459645,12.205477,Moored,2.2,0.0,113.1,181.0,9428396,CQPH,MANISA SOFIA,Cargo,,19.0,137.0,GPS,8.5,DKKOG,25/10/2025 16:00:00,AIS,127.0,10.0,15.0,4.0
26/11/2024 01:05:52,Class A,255802580,55.459645,12.205477,Moored,2.2,0.0,113.1,181.0,9428396,CQPH,MANISA SOFIA,Cargo,,19.0,137.0,GPS,8.5,DKKOG,25/10/2025 16:00:00,AIS,127.0,10.0,15.0,4.0
26/11/2024 01:05:52,Class A,255802580,55.459645,12.205477,Moored,2.2,0.0,113.1,181.0,9428396,CQPH,MANISA SOFIA,Cargo,,19.0,137.0,GPS,8.5,DKKOG,25/10/2025 16:00:00,AIS,127.0,10.0,15.0,4.0
26/11/2024 01:05:53,Class A,255802580,55.459673,12.205488,Moored,2.9,0.0,113.1,181.0,9428396,CQPH,MANISA SOFIA,Cargo,,19.0,137.0,GPS,8.5,DKKOG,25/10/2025 16:00:00,AIS,127.0,10.0,15.0,4.0
26/11/2024 01:05:53,Class A,255802580,55.459673,12.205488,Moored,2.9,0.0,113.1,181.0,9428396,CQPH,MANISA SOFIA,Cargo,,19.0,137.0,GPS,8.5,DKKOG,25/10/2025 16:00:00,AIS,127.0,10.0,15.0,4.0
26/11/2024 01:05:53,Class A,255802580,55.459673,12.205488,Moored,2.9,0.0,113.1,181.0,9428396,CQPH,MANISA SOFIA,Cargo,,19.0,137.0,GPS,8.5,DKKOG,25/10/2025 16:00:00,AIS,127.0,10.0,15.0,4.0
26/11/2024 01:08:55,Class A,255802580,55.459662,12.205475,Moored,-3.6,0.0,113.1,181.0,9428396,CQPH,MANISA SOFIA,Cargo,,19.0,137.0,GPS,8.5,DKKOG,25/10/2025 16:00:00,AIS,127.0,10.0,15.0,4.0
26/11/2024 01:08:55,Class A,255802580,55.459662,12.205475,Moored,-3.6,0.0,113.1,181.0,9428396,CQPH,MANISA SOFIA,Cargo,,19.0,137.0,GPS,8.5,DKKOG,25/10/2025 16:00:00,AIS,127.0,10.0,15.0,4.0
26/11/2024 01:11:52,Class A,255802580,55.459662,12.205475,Moored,-3.6,0.0,113.1,181.0,9428396,CQPH,MANISA SOFIA,Cargo,,19.0,137.0,GPS,8.5,DKKOG,25/10/2025 16:00:00,AIS,127.0,10.0,15.0,4.0
26/11/2024 01:11:52,Class A,255802580,55.459662,12.205475,Moored,-3.6,0.0,113.1,181.0,9428396,CQPH,MANISA SOFIA,Cargo,,19.0,137.0,GPS,8.5,DKKOG,25/10/2025 16:00:00,AIS,127.0,10.0,15.0,4.0
26/11/2024 01:11:52,Class A,255802580,55.459662,12.205475,Moored,-3.6,0.0,113.1,181.0,9428396,CQPH,MANISA SOFIA,Cargo,,19.0,137.0,GPS,8.5,DKKOG,25/10/2025 16:00:00,AIS,127.0,10.0,15.0,4.0
26/11/2024 01:11:53,Class A,255802580,55.45967,12.205493,Moored,-3.6,0.0,113.1,181.0,9428396,CQPH,MANISA SOFIA,Cargo,,19.0,137.0,GPS,8.5,DKKOG,25/10/2025 16:00:00,AIS,127.0,10.0,15.0,4.0
26/11/2024 01:11:53,Class A,255802580,55.45967,12.205493,Moored,-3.6,0.0,113.1,181.0,9428396,CQPH,MANISA SOFIA,Cargo,,19.0,137.0,GPS,8.5,DKKOG,25/10/2025 16:00:00,AIS,127.0,10.0,15.0,4.0
26/11/2024 01:11:53,Class A,255802580,55.45967,12.205493,Moored,-3.6,0.0,113.1,181.0,9428396,CQPH,MANISA SOFIA,Cargo,,19.0,137.0,GPS,8.5,DKKOG,25/10/2025 16:00:00,AIS,127.0,10.0,15.0,4.0
26/11/2024 01:14:49,Class A,255802580,55.459678,12.205513,Moored,4.5,0.0,113.1,181.0,9428396,CQPH,MANISA SOFIA,Cargo,,19.0,137.0,GPS,8.5,DKKOG,25/10/2025 16:00:00,AIS,127.0,10.0,15.0,4.0
26/11/2024 01:14:49,Class A,255802580,55.459678,12.205513,Moored,4.5,0.0,113.1,181.0,9428396,CQPH,MANISA SOFIA,Cargo,,19.0,137.0,GPS,8.5,DKKOG,25/10/2025 16:00:00,AIS,127.0,10.0,15.0,4.0
26/11/2024 01:14:49,Class A,255802580,55.459678,12.205513,Moored,4.5,0.0,113.1,181.0,9428396,CQPH,MANISA SOFIA,Cargo,,19.0,137.0,GPS,8.5,DKKOG,25/10/2025 16:00:00,AIS,127.0,10.0,15.0,4.0
26/11/2024 01:17:52,Class A,255802580,55.459678,12.205513,Moored,4.5,0.0,113.1,181.0,9428396,CQPH,MANISA SOFIA,Cargo,,19.0,137.0,GPS,8.5,DKKOG,25/10/2025 16:00:00,AIS,127.0,10.0,15.0,4.0
26/11/2024 01:17:52,Class A,255802580,55.459678,12.205513,Moored,4.5,0.0,113.1,181.0,9428396,CQPH,MANISA SOFIA,Cargo,,19.0,137.0,GPS,8.5,DKKOG,25/10/2025 16:00:00,AIS,127.0,10.0,15.0,4.0
26/11/2024 01:17:52,Class A,255802580,55.459678,12.205513,Moored,4.5,0.0,113.1,181.0,9428396,CQPH,MANISA SOFIA,Cargo,,19.0,137.0,GPS,8.5,DKKOG,25/10/2025 16:00:00,AIS,127.0,10.0,15.0,4.0
26/11/2024 01:17:52,Class A,255802580,55.459678,12.205492,Moored,2.9,0.0,113.1,181.0,9428396,CQPH,MANISA SOFIA,Cargo,,19.0,137.0,GPS,8.5,DKKOG,25/10/2025 16:00:00,AIS,127.0,10.0,15.0,4.0
26/11/2024 01:17:52,Class A,255802580,55.459678,12.205492,Moored,2.9,0.0,113.1,181.0,9428396,CQPH,MANISA SOFIA,Cargo,,19.0,137.0,GPS,8.5,DKKOG,25/10/2025 16:00:00,AIS,127.0,10.0,15.0,4.0
26/11/2024 01:17:52,Class A,255802580,55.459678,12.205492,Moored,2.9,0.0,113.1,181.0,9428396,CQPH,MANISA SOFIA,Cargo,,19.0,137.0,GPS,8.5,DKKOG,25/10/2025 16:00:00,AIS,127.0,10.0,15.0,4.0
26/11/2024 01:20:52,Class A,255802580,55.459665,12.205473,Moored,-4.5,0.0,113.1,181.0,9428396,CQPH,MANISA SOFIA,Cargo,,19.0,137.0,GPS,8.5,DKKOG,25/10/2025 16:00:00,AIS,127.0,10.0,15.0,4.0
26/11/2024 01:20:52,Class A,255802580,55.459665,12.205473,Moored,-4.5,0.0,113.1,181.0,9428396,CQPH,MANISA SOFIA,Cargo,,19.0,137.0,GPS,8.5,DKKOG,25/10/2025 16:00:00,AIS,127.0,10.0,15.0,4.0
26/11/2024 01:23:52,Class A,255802580,55.459665,12.205473,Moored,-4.5,0.0,113.1,181.0,9428396,CQPH,MANISA SOFIA,Cargo,,19.0,137.0,GPS,8.5,DKKOG,25/10/2025 16:00:00,AIS,127.0,10.0,15.0,4.0
26/11/2024 01:23:54,Class A,255802580,55.45967,12.205485,Moored,-2.9,0.0,113.1,181.0,9428396,CQPH,MANISA SOFIA,Cargo,,19.0,137.0,GPS,8.5,DKKOG,25/10/2025 16:00:00,AIS,127.0,10.0,15.0,4.0
26/11/2024 01:23:54,Class A,255802580,55.45967,12.205485,Moored,-2.9,0.0,113.1,181.0,9428396,CQPH,MANISA SOFIA,Cargo,,19.0,137.0,GPS,8.5,DKKOG,25/10/2025 16:00:00,AIS,127.0,10.0,15.0,4.0
26/11/2024 01:23:54,Class A,255802580,55.45967,12.205485,Moored,-2.9,0.0,113.1,181.0,9428396,CQPH,MANISA SOFIA,Cargo,,19.0,137.0,GPS,8.5,DKKOG,25/10/2025 16:00:00,AIS,127.0,10.0,15.0,4.0
26/11/2024 01:26:52,Class A,255802580,55.45967,12.20549,Moored,-3.6,0.0,113.1,181.0,9428396,CQPH,MANISA SOFIA,Cargo,,19.0,137.0,GPS,8.5,DKKOG,25/10/2025 16:00:00,AIS,127.0,10.0,15.0,4.0
26/11/2024 01:26:52,Class A,255802580,55.45967,12.20549,Moored,-3.6,0.0,113.1,181.0,9428396,CQPH,MANISA SOFIA,Cargo,,19.0,137.0,GPS,8.5,DKKOG,25/10/2025 16:00:00,AIS,127.0,10.0,15.0,4.0
26/11/2024 01:26:52,Class A,255802580,55.45967,12.20549,Moored,-3.6,0.0,113.1,181.0,9428396,CQPH,MANISA SOFIA,Cargo,,19.0,137.0,GPS,8.5,DKKOG,25/10/2025 16:00:00,AIS,127.0,10.0,15.0,4.0
26/11/2024 01:29:52,Class A,255802580,55.45967,12.20549,Moored,-3.6,0.0,113.1,181.0,9428396,CQPH,MANISA SOFIA,Cargo,,19.0,137.0,GPS,8.5,DKKOG,25/10/2025 16:00:00,AIS,127.0,10.0,15.0,4.0
26/11/2024 01:29:52,Class A,255802580,55.45967,12.20549,Moored,-3.6,0.0,113.1,181.0,9428396,CQPH,MANISA SOFIA,Cargo,,19.0,137.0,GPS,8.5,DKKOG,25/10/2025 16:00:00,AIS,127.0,10.0,15.0,4.0
26/11/2024 01:29:52,Class A,255802580,55.45967,12.20549,Moored,-3.6,0.0,113.1,181.0,9428396,CQPH,MANISA SOFIA,Cargo,,19.0,137.0,GPS,8.5,DKKOG,25/10/2025 16:00:00,AIS,127.0,10.0,15.0,4.0
26/11/2024 01:29:55,Class A,255802580,55.459683,12.205485,Moored,-1.6,0.0,113.1,181.0,9428396,CQPH,MANISA SOFIA,Cargo,,19.0,137.0,GPS,8.5,DKKOG,25/10/2025 16:00:00,AIS,127.0,10.0,15.0,4.0
26/11/2024 01:29:55,Class A,255802580,55.459683,12.205485,Moored,-1.6,0.0,113.1,181.0,9428396,CQPH,MANISA SOFIA,Cargo,,19.0,137.0,GPS,8.5,DKKOG,25/10/2025 16:00:00,AIS,127.0,10.0,15.0,4.0
26/11/2024 01:29:55,Class A,255802580,55.459683,12.205485,Moored,-1.6,0.0,113.1,181.0,9428396,CQPH,MANISA SOFIA,Cargo,,19.0,137.0,GPS,8.5,DKKOG,25/10/2025 16:00:00,AIS,127.0,10.0,15.0,4.0
26/11/2024 01:32:51,Class A,255802580,55.459678,12.205473,Moored,-1.6,0.0,113.1,181.0,9428396,CQPH,MANISA SOFIA,Cargo,,19.0,137.0,GPS,8.5,DKKOG,25/10/2025 16:00:00,AIS,127.0,10.0,15.0,4.0
26/11/2024 01:32:51,Class A,255802580,55.459678,12.205473,Moored,-1.6,0.0,113.1,181.0,9428396,CQPH,MANISA SOFIA,Cargo,,19.0,137.0,GPS,8.5,DKKOG,25/10/2025 16:00:00,AIS,127.0,10.0,15.0,4.0
26/11/2024 01:32:51,Class A,255802580,55.459678,12.205473,Moored,-1.6,0.0,113.1,181.0,9428396,CQPH,MANISA SOFIA,Cargo,,19.0,137.0,GPS,8.5,DKKOG,25/10/2025 16:00:00,AIS,127.0,10.0,15.0,4.0
26/11/2024 01:35:52,Class A,255802580,55.459678,12.205473,Moored,-1.6,0.0,113.1,181.0,9428396,CQPH,MANISA SOFIA,Cargo,,19.0,137.0,GPS,8.5,DKKOG,25/10/2025 16:00:00,AIS,127.0,10.0,15.0,4.0
26/11/2024 01:35:52,Class A,255802580,55.459678,12.205473,Moored,-1.6,0.0,113.1,181.0,9428396,CQPH,MANISA SOFIA,Cargo,,19.0,137.0,GPS,8.5,DKKOG,25/10/2025 16:00:00,AIS,127.0,10.0,15.0,4.0
26/11/2024 01:35:57,Class A,255802580,55.459678,12.205473,Moored,-2.9,0.0,113.1,181.0,9428396,CQPH,MANISA SOFIA,Cargo,,19.0,137.0,GPS,8.5,DKKOG,25/10/2025 16:00:00,AIS,127.0,10.0,15.0,4.0
26/11/2024 01:35:57,Class A,255802580,55.459678,12.205473,Moored,-2.9,0.0,113.1,181.0,9428396,CQPH,MANISA SOFIA,Cargo,,19.0,137.0,GPS,8.5,DKKOG,25/10/2025 16:00:00,AIS,127.0,10.0,15.0,4.0
26/11/2024 01:38:51,Class A,255802580,55.459692,12.205482,Moored,2.9,0.0,113.1,181.0,9428396,CQPH,MANISA SOFIA,Cargo,,19.0,137.0,GPS,8.5,DKKOG,25/10/2025 16:00:00,AIS,127.0,10.0,15.0,4.0
26/11/2024 01:38:51,Class A,255802580,55.459692,12.205482,Moored,2.9,0.0,113.1,181.0,9428396,CQPH,MANISA SOFIA,Cargo,,19.0,137.0,GPS,8.5,DKKOG,25/10/2025 16:00:00,AIS,127.0,10.0,15.0,4.0
26/11/2024 01:38:51,Class A,255802580,55.459692,12.205482,Moored,2.9,0.0,113.1,181.0,9428396,CQPH,MANISA SOFIA,Cargo,,19.0,137.0,GPS,8.5,DKKOG,25/10/2025 16:00:00,AIS,127.0,10.0,15.0,4.0
26/11/2024 01:41:52,Class A,255802580,55.459692,12.205482,Moored,2.9,0.0,113.1,181.0,9428396,CQPH,MANISA SOFIA,Cargo,,19.0,137.0,GPS,8.5,DKKOG,25/10/2025 16:00:00,AIS,127.0,10.0,15.0,4.0
26/11/2024 01:41:56,Class A,255802580,55.459678,12.205472,Moored,2.9,0.0,113.1,181.0,9428396,CQPH,MANISA SOFIA,Cargo,,19.0,137.0,GPS,8.5,DKKOG,25/10/2025 16:00:00,AIS,127.0,10.0,15.0,4.0
26/11/2024 01:41:56,Class A,255802580,55.459678,12.205472,Moored,2.9,0.0,113.1,181.0,9428396,CQPH,MANISA SOFIA,Cargo,,19.0,137.0,GPS,8.5,DKKOG,25/10/2025 16:00:00,AIS,127.0,10.0,15.0,4.0
26/11/2024 01:41:56,Class A,255802580,55.459678,12.205472,Moored,2.9,0.0,113.1,181.0,9428396,CQPH,MANISA SOFIA,Cargo,,19.0,137.0,GPS,8.5,DKKOG,25/10/2025 16:00:00,AIS,127.0,10.0,15.0,4.0
26/11/2024 01:44:52,Class A,255802580,55.459655,12.205405,Moored,3.6,0.0,113.1,182.0,9428396,CQPH,MANISA SOFIA,Cargo,,19.0,137.0,GPS,8.5,DKKOG,25/10/2025 16:00:00,AIS,127.0,10.0,15.0,4.0
26/11/2024 01:47:57,Class A,255802580,55.459658,12.205313,Moored,-2.9,0.0,113.1,181.0,9428396,CQPH,MANISA SOFIA,Cargo,,19.0,137.0,GPS,8.5,DKKOG,25/10/2025 16:00:00,AIS,127.0,10.0,15.0,4.0
26/11/2024 01:47:57,Class A,255802580,55.459658,12.205313,Moored,-2.9,0.0,113.1,181.0,9428396,CQPH,MANISA SOFIA,Cargo,,19.0,137.0,GPS,8.5,DKKOG,25/10/2025 16:00:00,AIS,127.0,10.0,15.0,4.0
26/11/2024 01:47:57,Class A,255802580,55.459658,12.205313,Moored,-2.9,0.0,113.1,181.0,9428396,CQPH,MANISA SOFIA,Cargo,,19.0,137.0,GPS,8.5,DKKOG,25/10/2025 16:00:00,AIS,127.0,10.0,15.0,4.0
26/11/2024 01:50:52,Class A,255802580,55.459648,12.205397,Moored,-4.5,0.0,113.1,181.0,9428396,CQPH,MANISA SOFIA,Cargo,,19.0,137.0,GPS,8.5,DKKOG,25/10/2025 16:00:00,AIS,127.0,10.0,15.0,4.0
26/11/2024 01:50:52,Class A,255802580,55.459648,12.205397,Moored,-4.5,0.0,113.1,181.0,9428396,CQPH,MANISA SOFIA,Cargo,,19.0,137.0,GPS,8.5,DKKOG,25/10/2025 16:00:00,AIS,127.0,10.0,15.0,4.0
26/11/2024 01:50:52,Class A,255802580,55.459648,12.205397,Moored,-4.5,0.0,113.1,181.0,9428396,CQPH,MANISA SOFIA,Cargo,,19.0,137.0,GPS,8.5,DKKOG,25/10/2025 16:00:00,AIS,127.0,10.0,15.0,4.0
26/11/2024 01:53:52,Class A,255802580,55.459648,12.205397,Moored,-4.5,0.0,113.1,181.0,9428396,CQPH,MANISA SOFIA,Cargo,,19.0,137.0,GPS,8.5,DKKOG,25/10/2025 16:00:00,AIS,127.0,10.0,15.0,4.0
26/11/2024 01:53:52,Class A,255802580,55.459648,12.205397,Moored,-4.5,0.0,113.1,181.0,9428396,CQPH,MANISA SOFIA,Cargo,,19.0,137.0,GPS,8.5,DKKOG,25/10/2025 16:00:00,AIS,127.0,10.0,15.0,4.0
26/11/2024 01:53:52,Class A,255802580,55.459648,12.205397,Moored,-4.5,0.0,113.1,181.0,9428396,CQPH,MANISA SOFIA,Cargo,,19.0,137.0,GPS,8.5,DKKOG,25/10/2025 16:00:00,AIS,127.0,10.0,15.0,4.0
26/11/2024 01:53:57,Class A,255802580,55.459648,12.20545,Moored,-2.9,0.0,113.1,181.0,9428396,CQPH,MANISA SOFIA,Cargo,,19.0,137.0,GPS,8.5,DKKOG,25/10/2025 16:00:00,AIS,127.0,10.0,15.0,4.0
26/11/2024 01:53:57,Class A,255802580,55.459648,12.20545,Moored,-2.9,0.0,113.1,181.0,9428396,CQPH,MANISA SOFIA,Cargo,,19.0,137.0,GPS,8.5,DKKOG,25/10/2025 16:00:00,AIS,127.0,10.0,15.0,4.0
26/11/2024 01:53:57,Class A,255802580,55.459648,12.20545,Moored,-2.9,0.0,113.1,181.0,9428396,CQPH,MANISA SOFIA,Cargo,,19.0,137.0,GPS,8.5,DKKOG,25/10/2025 16:00:00,AIS,127.0,10.0,15.0,4.0
26/11/2024 01:56:51,Class A,255802580,55.459565,12.20529,Moored,-2.2,0.0,113.1,181.0,9428396,CQPH,MANISA SOFIA,Cargo,,19.0,137.0,GPS,8.5,DKKOG,25/10/2025 16:00:00,AIS,127.0,10.0,15.0,4.0
26/11/2024 01:56:51,Class A,255802580,55.459565,12.20529,Moored,-2.2,0.0,113.1,181.0,9428396,CQPH,MANISA SOFIA,Cargo,,19.0,137.0,GPS,8.5,DKKOG,25/10/2025 16:00:00,AIS,127.0,10.0,15.0,4.0
26/11/2024 01:59:52,Class A,255802580,55.459565,12.20529,Moored,-2.2,0.0,113.1,181.0,9428396,CQPH,MANISA SOFIA,Cargo,,19.0,137.0,GPS,8.5,DKKOG,25/10/2025 16:00:00,AIS,127.0,10.0,15.0,4.0
26/11/2024 01:59:52,Class A,255802580,55.459565,12.20529,Moored,-2.2,0.0,113.1,181.0,9428396,CQPH,MANISA SOFIA,Cargo,,19.0,137.0,GPS,8.5,DKKOG,25/10/2025 16:00:00,AIS,127.0,10.0,15.0,4.0
26/11/2024 01:59:52,Class A,255802580,55.459565,12.20529,Moored,-2.2,0.0,113.1,181.0,9428396,CQPH,MANISA SOFIA,Cargo,,19.0,137.0,GPS,8.5,DKKOG,25/10/2025 16:00:00,AIS,127.0,10.0,15.0,4.0
26/11/2024 01:59:55,Class A,255802580,55.459622,12.205407,Moored,2.9,0.0,113.1,181.0,9428396,CQPH,MANISA SOFIA,Cargo,,19.0,137.0,GPS,8.5,DKKOG,25/10/2025 16:00:00,AIS,127.0,10.0,15.0,4.0
26/11/2024 01:59:55,Class A,255802580,55.459622,12.205407,Moored,2.9,0.0,113.1,181.0,9428396,CQPH,MANISA SOFIA,Cargo,,19.0,137.0,GPS,8.5,DKKOG,25/10/2025 16:00:00,AIS,127.0,10.0,15.0,4.0
26/11/2024 02:02:54,Class A,255802580,55.459663,12.205468,Moored,-2.2,0.0,113.1,181.0,9428396,CQPH,MANISA SOFIA,Cargo,,19.0,137.0,GPS,8.5,DKKOG,25/10/2025 16:00:00,AIS,127.0,10.0,15.0,4.0
26/11/2024 02:02:54,Class A,255802580,55.459663,12.205468,Moored,-2.2,0.0,113.1,181.0,9428396,CQPH,MANISA SOFIA,Cargo,,19.0,137.0,GPS,8.5,DKKOG,25/10/2025 16:00:00,AIS,127.0,10.0,15.0,4.0
26/11/2024 02:02:54,Class A,255802580,55.459663,12.205468,Moored,-2.2,0.0,113.1,181.0,9428396,CQPH,MANISA SOFIA,Cargo,,19.0,137.0,GPS,8.5,DKKOG,25/10/2025 16:00:00,AIS,127.0,10.0,15.0,4.0
26/11/2024 02:05:49,Class A,255802580,55.459685,12.205455,Moored,2.9,0.0,113.1,181.0,9428396,CQPH,MANISA SOFIA,Cargo,,19.0,137.0,GPS,8.5,DKKOG,25/10/2025 16:00:00,AIS,127.0,10.0,15.0,4.0
26/11/2024 02:05:49,Class A,255802580,55.459685,12.205455,Moored,2.9,0.0,113.1,181.0,9428396,CQPH,MANISA SOFIA,Cargo,,19.0,137.0,GPS,8.5,DKKOG,25/10/2025 16:00:00,AIS,127.0,10.0,15.0,4.0
26/11/2024 02:05:52,Class A,255802580,55.459685,12.205455,Moored,2.9,0.0,113.1,181.0,9428396,CQPH,MANISA SOFIA,Cargo,,19.0,137.0,GPS,8.5,DKKOG,25/10/2025 16:00:00,AIS,127.0,10.0,15.0,4.0
26/11/2024 02:05:52,Class A,255802580,55.459685,12.205455,Moored,2.9,0.0,113.1,181.0,9428396,CQPH,MANISA SOFIA,Cargo,,19.0,137.0,GPS,8.5,DKKOG,25/10/2025 16:00:00,AIS,127.0,10.0,15.0,4.0
26/11/2024 02:08:56,Class A,255802580,55.459697,12.205468,Moored,-3.6,0.0,113.1,181.0,9428396,CQPH,MANISA SOFIA,Cargo,,19.0,137.0,GPS,8.5,DKKOG,25/10/2025 16:00:00,AIS,127.0,10.0,15.0,4.0
26/11/2024 02:08:56,Class A,255802580,55.459697,12.205468,Moored,-3.6,0.0,113.1,181.0,9428396,CQPH,MANISA SOFIA,Cargo,,19.0,137.0,GPS,8.5,DKKOG,25/10/2025 16:00:00,AIS,127.0,10.0,15.0,4.0
26/11/2024 02:08:56,Class A,255802580,55.459697,12.205468,Moored,-3.6,0.0,113.1,181.0,9428396,CQPH,MANISA SOFIA,Cargo,,19.0,137.0,GPS,8.5,DKKOG,25/10/2025 16:00:00,AIS,127.0,10.0,15.0,4.0
26/11/2024 02:11:52,Class A,255802580,55.459678,12.205428,Moored,1.1,0.0,113.1,181.0,9428396,CQPH,MANISA SOFIA,Cargo,,19.0,137.0,GPS,8.5,DKKOG,25/10/2025 16:00:00,AIS,127.0,10.0,15.0,4.0
26/11/2024 02:11:52,Class A,255802580,55.459678,12.205428,Moored,1.1,0.0,113.1,181.0,9428396,CQPH,MANISA SOFIA,Cargo,,19.0,137.0,GPS,8.5,DKKOG,25/10/2025 16:00:00,AIS,127.0,10.0,15.0,4.0
26/11/2024 02:11:52,Class A,255802580,55.459678,12.205428,Moored,1.1,0.0,113.1,181.0,9428396,CQPH,MANISA SOFIA,Cargo,,19.0,137.0,GPS,8.5,DKKOG,25/10/2025 16:00:00,AIS,127.0,10.0,15.0,4.0
26/11/2024 02:11:52,Class A,255802580,55.459678,12.205428,Moored,1.1,0.0,113.1,181.0,9428396,CQPH,MANISA SOFIA,Cargo,,19.0,137.0,GPS,8.5,DKKOG,25/10/2025 16:00:00,AIS,127.0,10.0,15.0,4.0
26/11/2024 02:11:52,Class A,255802580,55.459678,12.205428,Moored,1.1,0.0,113.1,181.0,9428396,CQPH,MANISA SOFIA,Cargo,,19.0,137.0,GPS,8.5,DKKOG,25/10/2025 16:00:00,AIS,127.0,10.0,15.0,4.0
26/11/2024 02:11:52,Class A,255802580,55.459678,12.205428,Moored,1.1,0.0,113.1,181.0,9428396,CQPH,MANISA SOFIA,Cargo,,19.0,137.0,GPS,8.5,DKKOG,25/10/2025 16:00:00,AIS,127.0,10.0,15.0,4.0
26/11/2024 02:14:55,Class A,255802580,55.459665,12.20543,Moored,2.2,0.0,113.1,181.0,9428396,CQPH,MANISA SOFIA,Cargo,,19.0,137.0,GPS,8.5,DKKOG,25/10/2025 16:00:00,AIS,127.0,10.0,15.0,4.0
26/11/2024 02:14:55,Class A,255802580,55.459665,12.20543,Moored,2.2,0.0,113.1,181.0,9428396,CQPH,MANISA SOFIA,Cargo,,19.0,137.0,GPS,8.5,DKKOG,25/10/2025 16:00:00,AIS,127.0,10.0,15.0,4.0
26/11/2024 02:14:55,Class A,255802580,55.459665,12.20543,Moored,2.2,0.0,113.1,181.0,9428396,CQPH,MANISA SOFIA,Cargo,,19.0,137.0,GPS,8.5,DKKOG,25/10/2025 16:00:00,AIS,127.0,10.0,15.0,4.0
26/11/2024 02:17:52,Class A,255802580,55.459665,12.20543,Moored,2.2,0.0,113.1,181.0,9428396,CQPH,MANISA SOFIA,Cargo,,19.0,137.0,GPS,8.5,DKKOG,25/10/2025 16:00:00,AIS,127.0,10.0,15.0,4.0
26/11/2024 02:17:53,Class A,255802580,55.459655,12.205467,Moored,-2.9,0.0,113.1,181.0,9428396,CQPH,MANISA SOFIA,Cargo,,19.0,137.0,GPS,8.5,DKKOG,25/10/2025 16:00:00,AIS,127.0,10.0,15.0,4.0
26/11/2024 02:17:53,Class A,255802580,55.459655,12.205467,Moored,-2.9,0.0,113.1,181.0,9428396,CQPH,MANISA SOFIA,Cargo,,19.0,137.0,GPS,8.5,DKKOG,25/10/2025 16:00:00,AIS,127.0,10.0,15.0,4.0
26/11/2024 02:17:53,Class A,255802580,55.459655,12.205467,Moored,-2.9,0.0,113.1,181.0,9428396,CQPH,MANISA SOFIA,Cargo,,19.0,137.0,GPS,8.5,DKKOG,25/10/2025 16:00:00,AIS,127.0,10.0,15.0,4.0
26/11/2024 02:20:55,Class A,255802580,55.459643,12.205463,Moored,-4.5,0.0,113.1,181.0,9428396,CQPH,MANISA SOFIA,Cargo,,19.0,137.0,GPS,8.5,DKKOG,25/10/2025 16:00:00,AIS,127.0,10.0,15.0,4.0
26/11/2024 02:20:55,Class A,255802580,55.459643,12.205463,Moored,-4.5,0.0,113.1,181.0,9428396,CQPH,MANISA SOFIA,Cargo,,19.0,137.0,GPS,8.5,DKKOG,25/10/2025 16:00:00,AIS,127.0,10.0,15.0,4.0
26/11/2024 02:20:55,Class A,255802580,55.459643,12.205463,Moored,-4.5,0.0,113.1,181.0,9428396,CQPH,MANISA SOFIA,Cargo,,19.0,137.0,GPS,8.5,DKKOG,25/10/2025 16:00:00,AIS,127.0,10.0,15.0,4.0
26/11/2024 02:23:52,Class A,255802580,55.459643,12.205463,Moored,-4.5,0.0,113.1,181.0,9428396,CQPH,MANISA SOFIA,Cargo,,19.0,137.0,GPS,8.5,DKKOG,25/10/2025 16:00:00,AIS,127.0,10.0,15.0,4.0
26/11/2024 02:23:53,Class A,255802580,55.459652,12.205455,Moored,3.6,0.0,113.1,181.0,9428396,CQPH,MANISA SOFIA,Cargo,,19.0,137.0,GPS,8.5,DKKOG,25/10/2025 16:00:00,AIS,127.0,10.0,15.0,4.0
26/11/2024 02:23:53,Class A,255802580,55.459652,12.205455,Moored,3.6,0.0,113.1,181.0,9428396,CQPH,MANISA SOFIA,Cargo,,19.0,137.0,GPS,8.5,DKKOG,25/10/2025 16:00:00,AIS,127.0,10.0,15.0,4.0
26/11/2024 02:26:56,Class A,255802580,55.459665,12.20545,Moored,-3.6,0.0,113.1,181.0,9428396,CQPH,MANISA SOFIA,Cargo,,19.0,137.0,GPS,8.5,DKKOG,25/10/2025 16:00:00,AIS,127.0,10.0,15.0,4.0
26/11/2024 02:26:56,Class A,255802580,55.459665,12.20545,Moored,-3.6,0.0,113.1,181.0,9428396,CQPH,MANISA SOFIA,Cargo,,19.0,137.0,GPS,8.5,DKKOG,25/10/2025 16:00:00,AIS,127.0,10.0,15.0,4.0
26/11/2024 02:26:56,Class A,255802580,55.459665,12.20545,Moored,-3.6,0.0,113.1,181.0,9428396,CQPH,MANISA SOFIA,Cargo,,19.0,137.0,GPS,8.5,DKKOG,25/10/2025 16:00:00,AIS,127.0,10.0,15.0,4.0
26/11/2024 02:29:52,Class A,255802580,55.459662,12.20546,Moored,-3.6,0.0,113.1,181.0,9428396,CQPH,MANISA SOFIA,Cargo,,19.0,137.0,GPS,8.5,DKKOG,25/10/2025 16:00:00,AIS,127.0,10.0,15.0,4.0
26/11/2024 02:29:52,Class A,255802580,55.459662,12.20546,Moored,-3.6,0.0,113.1,181.0,9428396,CQPH,MANISA SOFIA,Cargo,,19.0,137.0,GPS,8.5,DKKOG,25/10/2025 16:00:00,AIS,127.0,10.0,15.0,4.0
26/11/2024 02:29:52,Class A,255802580,55.459662,12.20546,Moored,-3.6,0.0,113.1,181.0,9428396,CQPH,MANISA SOFIA,Cargo,,19.0,137.0,GPS,8.5,DKKOG,25/10/2025 16:00:00,AIS,127.0,10.0,15.0,4.0
26/11/2024 02:29:52,Class A,255802580,55.459662,12.20546,Moored,-3.6,0.0,113.1,181.0,9428396,CQPH,MANISA SOFIA,Cargo,,19.0,137.0,GPS,8.5,DKKOG,25/10/2025 16:00:00,AIS,127.0,10.0,15.0,4.0
26/11/2024 02:29:52,Class A,255802580,55.459662,12.20546,Moored,-3.6,0.0,113.1,181.0,9428396,CQPH,MANISA SOFIA,Cargo,,19.0,137.0,GPS,8.5,DKKOG,25/10/2025 16:00:00,AIS,127.0,10.0,15.0,4.0
26/11/2024 02:29:52,Class A,255802580,55.459662,12.20546,Moored,-3.6,0.0,113.1,181.0,9428396,CQPH,MANISA SOFIA,Cargo,,19.0,137.0,GPS,8.5,DKKOG,25/10/2025 16:00:00,AIS,127.0,10.0,15.0,4.0
26/11/2024 02:32:55,Class A,255802580,55.459658,12.205455,Moored,-1.6,0.0,113.1,181.0,9428396,CQPH,MANISA SOFIA,Cargo,,19.0,137.0,GPS,8.5,DKKOG,25/10/2025 16:00:00,AIS,127.0,10.0,15.0,4.0
26/11/2024 02:35:52,Class A,255802580,55.459658,12.205455,Moored,-1.6,0.0,113.1,181.0,9428396,CQPH,MANISA SOFIA,Cargo,,19.0,137.0,GPS,8.5,DKKOG,25/10/2025 16:00:00,AIS,127.0,10.0,15.0,4.0
26/11/2024 02:35:52,Class A,255802580,55.459658,12.205455,Moored,-1.6,0.0,113.1,181.0,9428396,CQPH,MANISA SOFIA,Cargo,,19.0,137.0,GPS,8.5,DKKOG,25/10/2025 16:00:00,AIS,127.0,10.0,15.0,4.0
26/11/2024 02:35:52,Class A,255802580,55.459658,12.205455,Moored,-1.6,0.0,113.1,181.0,9428396,CQPH,MANISA SOFIA,Cargo,,19.0,137.0,GPS,8.5,DKKOG,25/10/2025 16:00:00,AIS,127.0,10.0,15.0,4.0
26/11/2024 02:35:53,Class A,255802580,55.459698,12.205503,Moored,-1.6,0.0,113.1,181.0,9428396,CQPH,MANISA SOFIA,Cargo,,19.0,137.0,GPS,8.5,DKKOG,25/10/2025 16:00:00,AIS,127.0,10.0,15.0,4.0
26/11/2024 02:35:53,Class A,255802580,55.459698,12.205503,Moored,-1.6,0.0,113.1,181.0,9428396,CQPH,MANISA SOFIA,Cargo,,19.0,137.0,GPS,8.5,DKKOG,25/10/2025 16:00:00,AIS,127.0,10.0,15.0,4.0
26/11/2024 02:38:53,Class A,255802580,55.459658,12.20544,Moored,2.2,0.0,113.1,181.0,9428396,CQPH,MANISA SOFIA,Cargo,,19.0,137.0,GPS,8.5,DKKOG,25/10/2025 16:00:00,AIS,127.0,10.0,15.0,4.0
26/11/2024 02:38:53,Class A,255802580,55.459658,12.20544,Moored,2.2,0.0,113.1,181.0,9428396,CQPH,MANISA SOFIA,Cargo,,19.0,137.0,GPS,8.5,DKKOG,25/10/2025 16:00:00,AIS,127.0,10.0,15.0,4.0
26/11/2024 02:38:53,Class A,255802580,55.459658,12.20544,Moored,2.2,0.0,113.1,181.0,9428396,CQPH,MANISA SOFIA,Cargo,,19.0,137.0,GPS,8.5,DKKOG,25/10/2025 16:00:00,AIS,127.0,10.0,15.0,4.0
26/11/2024 02:41:52,Class A,255802580,55.459658,12.20544,Moored,2.2,0.0,113.1,181.0,9428396,CQPH,MANISA SOFIA,Cargo,,19.0,137.0,GPS,8.5,DKKOG,25/10/2025 16:00:00,AIS,127.0,10.0,15.0,4.0
26/11/2024 02:41:53,Class A,255802580,55.459667,12.205473,Moored,4.5,0.0,113.1,181.0,9428396,CQPH,MANISA SOFIA,Cargo,,19.0,137.0,GPS,8.5,DKKOG,25/10/2025 16:00:00,AIS,127.0,10.0,15.0,4.0
26/11/2024 02:41:53,Class A,255802580,55.459667,12.205473,Moored,4.5,0.0,113.1,181.0,9428396,CQPH,MANISA SOFIA,Cargo,,19.0,137.0,GPS,8.5,DKKOG,25/10/2025 16:00:00,AIS,127.0,10.0,15.0,4.0
26/11/2024 02:41:53,Class A,255802580,55.459667,12.205473,Moored,4.5,0.0,113.1,181.0,9428396,CQPH,MANISA SOFIA,Cargo,,19.0,137.0,GPS,8.5,DKKOG,25/10/2025 16:00:00,AIS,127.0,10.0,15.0,4.0
26/11/2024 02:44:54,Class A,255802580,55.459653,12.2055,Moored,4.5,0.0,113.1,181.0,9428396,CQPH,MANISA SOFIA,Cargo,,19.0,137.0,GPS,8.5,DKKOG,25/10/2025 16:00:00,AIS,127.0,10.0,15.0,4.0
26/11/2024 02:44:54,Class A,255802580,55.459653,12.2055,Moored,4.5,0.0,113.1,181.0,9428396,CQPH,MANISA SOFIA,Cargo,,19.0,137.0,GPS,8.5,DKKOG,25/10/2025 16:00:00,AIS,127.0,10.0,15.0,4.0
26/11/2024 02:47:51,Class A,255802580,55.459678,12.205483,Moored,2.9,0.0,113.1,181.0,9428396,CQPH,MANISA SOFIA,Cargo,,19.0,137.0,GPS,8.5,DKKOG,25/10/2025 16:00:00,AIS,127.0,10.0,15.0,4.0
26/11/2024 02:47:51,Class A,255802580,55.459678,12.205483,Moored,2.9,0.0,113.1,181.0,9428396,CQPH,MANISA SOFIA,Cargo,,19.0,137.0,GPS,8.5,DKKOG,25/10/2025 16:00:00,AIS,127.0,10.0,15.0,4.0
26/11/2024 02:47:51,Class A,255802580,55.459678,12.205483,Moored,2.9,0.0,113.1,181.0,9428396,CQPH,MANISA SOFIA,Cargo,,19.0,137.0,GPS,8.5,DKKOG,25/10/2025 16:00:00,AIS,127.0,10.0,15.0,4.0
26/11/2024 02:47:52,Class A,255802580,55.459678,12.205483,Moored,2.9,0.0,113.1,181.0,9428396,CQPH,MANISA SOFIA,Cargo,,19.0,137.0,GPS,8.5,DKKOG,25/10/2025 16:00:00,AIS,127.0,10.0,15.0,4.0
26/11/2024 02:47:52,Class A,255802580,55.459678,12.205483,Moored,2.9,0.0,113.1,181.0,9428396,CQPH,MANISA SOFIA,Cargo,,19.0,137.0,GPS,8.5,DKKOG,25/10/2025 16:00:00,AIS,127.0,10.0,15.0,4.0
26/11/2024 02:50:55,Class A,255802580,55.459685,12.205505,Moored,-1.6,0.0,113.1,181.0,9428396,CQPH,MANISA SOFIA,Cargo,,19.0,137.0,GPS,8.5,DKKOG,25/10/2025 16:00:00,AIS,127.0,10.0,15.0,4.0
26/11/2024 02:50:55,Class A,255802580,55.459685,12.205505,Moored,-1.6,0.0,113.1,181.0,9428396,CQPH,MANISA SOFIA,Cargo,,19.0,137.0,GPS,8.5,DKKOG,25/10/2025 16:00:00,AIS,127.0,10.0,15.0,4.0
26/11/2024 02:50:55,Class A,255802580,55.459685,12.205505,Moored,-1.6,0.0,113.1,181.0,9428396,CQPH,MANISA SOFIA,Cargo,,19.0,137.0,GPS,8.5,DKKOG,25/10/2025 16:00:00,AIS,127.0,10.0,15.0,4.0
26/11/2024 02:53:52,Class A,255802580,55.459685,12.205505,Moored,-1.6,0.0,113.1,181.0,9428396,CQPH,MANISA SOFIA,Cargo,,19.0,137.0,GPS,8.5,DKKOG,25/10/2025 16:00:00,AIS,127.0,10.0,15.0,4.0
26/11/2024 02:53:52,Class A,255802580,55.459685,12.205505,Moored,-1.6,0.0,113.1,181.0,9428396,CQPH,MANISA SOFIA,Cargo,,19.0,137.0,GPS,8.5,DKKOG,25/10/2025 16:00:00,AIS,127.0,10.0,15.0,4.0
26/11/2024 02:53:54,Class A,255802580,55.45969,12.205503,Moored,-3.6,0.0,113.1,181.0,9428396,CQPH,MANISA SOFIA,Cargo,,19.0,137.0,GPS,8.5,DKKOG,25/10/2025 16:00:00,AIS,127.0,10.0,15.0,4.0
26/11/2024 02:53:54,Class A,255802580,55.45969,12.205503,Moored,-3.6,0.0,113.1,181.0,9428396,CQPH,MANISA SOFIA,Cargo,,19.0,137.0,GPS,8.5,DKKOG,25/10/2025 16:00:00,AIS,127.0,10.0,15.0,4.0
26/11/2024 02:56:56,Class A,255802580,55.459692,12.205498,Moored,0.4,0.0,113.1,181.0,9428396,CQPH,MANISA SOFIA,Cargo,,19.0,137.0,GPS,8.5,DKKOG,25/10/2025 16:00:00,AIS,127.0,10.0,15.0,4.0
26/11/2024 02:56:56,Class A,255802580,55.459692,12.205498,Moored,0.4,0.0,113.1,181.0,9428396,CQPH,MANISA SOFIA,Cargo,,19.0,137.0,GPS,8.5,DKKOG,25/10/2025 16:00:00,AIS,127.0,10.0,15.0,4.0
26/11/2024 02:56:56,Class A,255802580,55.459692,12.205498,Moored,0.4,0.0,113.1,181.0,9428396,CQPH,MANISA SOFIA,Cargo,,19.0,137.0,GPS,8.5,DKKOG,25/10/2025 16:00:00,AIS,127.0,10.0,15.0,4.0
26/11/2024 02:59:53,Class A,255802580,55.459692,12.205498,Moored,0.4,0.0,113.1,181.0,9428396,CQPH,MANISA SOFIA,Cargo,,19.0,137.0,GPS,8.5,DKKOG,25/10/2025 16:00:00,AIS,127.0,10.0,15.0,4.0
26/11/2024 02:59:55,Class A,255802580,55.459685,12.205495,Moored,1.1,0.0,113.1,181.0,9428396,CQPH,MANISA SOFIA,Cargo,,19.0,137.0,GPS,8.5,DKKOG,25/10/2025 16:00:00,AIS,127.0,10.0,15.0,4.0
26/11/2024 02:59:55,Class A,255802580,55.459685,12.205495,Moored,1.1,0.0,113.1,181.0,9428396,CQPH,MANISA SOFIA,Cargo,,19.0,137.0,GPS,8.5,DKKOG,25/10/2025 16:00:00,AIS,127.0,10.0,15.0,4.0
26/11/2024 02:59:55,Class A,255802580,55.459685,12.205495,Moored,1.1,0.0,113.1,181.0,9428396,CQPH,MANISA SOFIA,Cargo,,19.0,137.0,GPS,8.5,DKKOG,25/10/2025 16:00:00,AIS,127.0,10.0,15.0,4.0
26/11/2024 03:02:55,Class A,255802580,55.459697,12.205515,Moored,3.6,0.0,113.1,181.0,9428396,CQPH,MANISA SOFIA,Cargo,,19.0,137.0,GPS,8.5,DKKOG,25/10/2025 16:00:00,AIS,127.0,10.0,15.0,4.0
26/11/2024 03:02:55,Class A,255802580,55.459697,12.205515,Moored,3.6,0.0,113.1,181.0,9428396,CQPH,MANISA SOFIA,Cargo,,19.0,137.0,GPS,8.5,DKKOG,25/10/2025 16:00:00,AIS,127.0,10.0,15.0,4.0
26/11/2024 03:05:52,Class A,255802580,55.459697,12.205515,Moored,3.6,0.0,113.1,181.0,9428396,CQPH,MANISA SOFIA,Cargo,,19.0,137.0,GPS,8.5,DKKOG,25/10/2025 16:00:00,AIS,127.0,10.0,15.0,4.0
26/11/2024 03:05:52,Class A,255802580,55.459697,12.205515,Moored,3.6,0.0,113.1,181.0,9428396,CQPH,MANISA SOFIA,Cargo,,19.0,137.0,GPS,8.5,DKKOG,25/10/2025 16:00:00,AIS,127.0,10.0,15.0,4.0
26/11/2024 03:08:56,Class A,255802580,55.45969,12.20551,Moored,4.5,0.0,113.1,181.0,9428396,CQPH,MANISA SOFIA,Cargo,,19.0,137.0,GPS,8.5,DKKOG,25/10/2025 16:00:00,AIS,127.0,10.0,15.0,4.0
26/11/2024 03:08:56,Class A,255802580,55.45969,12.20551,Moored,4.5,0.0,113.1,181.0,9428396,CQPH,MANISA SOFIA,Cargo,,19.0,137.0,GPS,8.5,DKKOG,25/10/2025 16:00:00,AIS,127.0,10.0,15.0,4.0
26/11/2024 03:08:56,Class A,255802580,55.45969,12.20551,Moored,4.5,0.0,113.1,181.0,9428396,CQPH,MANISA SOFIA,Cargo,,19.0,137.0,GPS,8.5,DKKOG,25/10/2025 16:00:00,AIS,127.0,10.0,15.0,4.0
26/11/2024 03:11:52,Class A,255802580,55.45969,12.20551,Moored,4.5,0.0,113.1,181.0,9428396,CQPH,MANISA SOFIA,Cargo,,19.0,137.0,GPS,8.5,DKKOG,25/10/2025 16:00:00,AIS,127.0,10.0,15.0,4.0
26/11/2024 03:11:52,Class A,255802580,55.45969,12.20551,Moored,4.5,0.0,113.1,181.0,9428396,CQPH,MANISA SOFIA,Cargo,,19.0,137.0,GPS,8.5,DKKOG,25/10/2025 16:00:00,AIS,127.0,10.0,15.0,4.0
26/11/2024 03:11:54,Class A,255802580,55.459668,12.205503,Moored,2.9,0.0,113.1,181.0,9428396,CQPH,MANISA SOFIA,Cargo,,19.0,137.0,GPS,8.5,DKKOG,25/10/2025 16:00:00,AIS,127.0,10.0,15.0,4.0
26/11/2024 03:11:54,Class A,255802580,55.459668,12.205503,Moored,2.9,0.0,113.1,181.0,9428396,CQPH,MANISA SOFIA,Cargo,,19.0,137.0,GPS,8.5,DKKOG,25/10/2025 16:00:00,AIS,127.0,10.0,15.0,4.0
26/11/2024 03:14:54,Class A,255802580,55.459692,12.205503,Moored,-4.5,0.0,113.1,181.0,9428396,CQPH,MANISA SOFIA,Cargo,,19.0,137.0,GPS,8.5,DKKOG,25/10/2025 16:00:00,AIS,127.0,10.0,15.0,4.0
26/11/2024 03:14:54,Class A,255802580,55.459692,12.205503,Moored,-4.5,0.0,113.1,181.0,9428396,CQPH,MANISA SOFIA,Cargo,,19.0,137.0,GPS,8.5,DKKOG,25/10/2025 16:00:00,AIS,127.0,10.0,15.0,4.0
26/11/2024 03:14:54,Class A,255802580,55.459692,12.205503,Moored,-4.5,0.0,113.1,181.0,9428396,CQPH,MANISA SOFIA,Cargo,,19.0,137.0,GPS,8.5,DKKOG,25/10/2025 16:00:00,AIS,127.0,10.0,15.0,4.0
26/11/2024 03:17:54,Class A,255802580,55.459707,12.20551,Moored,2.2,0.0,113.1,181.0,9428396,CQPH,MANISA SOFIA,Cargo,,19.0,137.0,GPS,8.5,DKKOG,25/10/2025 16:00:00,AIS,127.0,10.0,15.0,4.0
26/11/2024 03:17:54,Class A,255802580,55.459707,12.20551,Moored,2.2,0.0,113.1,181.0,9428396,CQPH,MANISA SOFIA,Cargo,,19.0,137.0,GPS,8.5,DKKOG,25/10/2025 16:00:00,AIS,127.0,10.0,15.0,4.0
26/11/2024 03:17:54,Class A,255802580,55.459707,12.20551,Moored,2.2,0.0,113.1,181.0,9428396,CQPH,MANISA SOFIA,Cargo,,19.0,137.0,GPS,8.5,DKKOG,25/10/2025 16:00:00,AIS,127.0,10.0,15.0,4.0
26/11/2024 03:20:53,Class A,255802580,55.459695,12.20553,Moored,4.5,0.0,113.1,181.0,9428396,CQPH,MANISA SOFIA,Cargo,,19.0,137.0,GPS,8.5,DKKOG,25/10/2025 16:00:00,AIS,127.0,10.0,15.0,4.0
26/11/2024 03:20:53,Class A,255802580,55.459695,12.20553,Moored,4.5,0.0,113.1,181.0,9428396,CQPH,MANISA SOFIA,Cargo,,19.0,137.0,GPS,8.5,DKKOG,25/10/2025 16:00:00,AIS,127.0,10.0,15.0,4.0
26/11/2024 03:20:53,Class A,255802580,55.459695,12.20553,Moored,4.5,0.0,113.1,181.0,9428396,CQPH,MANISA SOFIA,Cargo,,19.0,137.0,GPS,8.5,DKKOG,25/10/2025 16:00:00,AIS,127.0,10.0,15.0,4.0
26/11/2024 03:23:52,Class A,255802580,55.459695,12.20553,Moored,4.5,0.0,113.1,181.0,9428396,CQPH,MANISA SOFIA,Cargo,,19.0,137.0,GPS,8.5,DKKOG,25/10/2025 16:00:00,AIS,127.0,10.0,15.0,4.0
26/11/2024 03:23:52,Class A,255802580,55.459695,12.20553,Moored,4.5,0.0,113.1,181.0,9428396,CQPH,MANISA SOFIA,Cargo,,19.0,137.0,GPS,8.5,DKKOG,25/10/2025 16:00:00,AIS,127.0,10.0,15.0,4.0
26/11/2024 03:23:54,Class A,255802580,55.459687,12.205518,Moored,2.9,0.0,113.1,181.0,9428396,CQPH,MANISA SOFIA,Cargo,,19.0,137.0,GPS,8.5,DKKOG,25/10/2025 16:00:00,AIS,127.0,10.0,15.0,4.0
26/11/2024 03:23:54,Class A,255802580,55.459687,12.205518,Moored,2.9,0.0,113.1,181.0,9428396,CQPH,MANISA SOFIA,Cargo,,19.0,137.0,GPS,8.5,DKKOG,25/10/2025 16:00:00,AIS,127.0,10.0,15.0,4.0
26/11/2024 03:26:52,Class A,255802580,55.459678,12.205492,Moored,2.9,0.0,113.1,181.0,9428396,CQPH,MANISA SOFIA,Cargo,,19.0,137.0,GPS,8.5,DKKOG,25/10/2025 16:00:00,AIS,127.0,10.0,15.0,4.0
26/11/2024 03:26:52,Class A,255802580,55.459678,12.205492,Moored,2.9,0.0,113.1,181.0,9428396,CQPH,MANISA SOFIA,Cargo,,19.0,137.0,GPS,8.5,DKKOG,25/10/2025 16:00:00,AIS,127.0,10.0,15.0,4.0
26/11/2024 03:29:52,Class A,255802580,55.459678,12.205492,Moored,2.9,0.0,113.1,181.0,9428396,CQPH,MANISA SOFIA,Cargo,,19.0,137.0,GPS,8.5,DKKOG,25/10/2025 16:00:00,AIS,127.0,10.0,15.0,4.0
26/11/2024 03:29:53,Class A,255802580,55.459707,12.205518,Moored,-2.2,0.0,113.1,181.0,9428396,CQPH,MANISA SOFIA,Cargo,,19.0,137.0,GPS,8.5,DKKOG,25/10/2025 16:00:00,AIS,127.0,10.0,15.0,4.0
26/11/2024 03:29:53,Class A,255802580,55.459707,12.205518,Moored,-2.2,0.0,113.1,181.0,9428396,CQPH,MANISA SOFIA,Cargo,,19.0,137.0,GPS,8.5,DKKOG,25/10/2025 16:00:00,AIS,127.0,10.0,15.0,4.0
26/11/2024 03:32:52,Class A,255802580,55.45967,12.205473,Moored,-2.9,0.0,113.1,181.0,9428396,CQPH,MANISA SOFIA,Cargo,,19.0,137.0,GPS,8.5,DKKOG,25/10/2025 16:00:00,AIS,127.0,10.0,15.0,4.0
26/11/2024 03:32:52,Class A,255802580,55.45967,12.205473,Moored,-2.9,0.0,113.1,181.0,9428396,CQPH,MANISA SOFIA,Cargo,,19.0,137.0,GPS,8.5,DKKOG,25/10/2025 16:00:00,AIS,127.0,10.0,15.0,4.0
26/11/2024 03:32:52,Class A,255802580,55.45967,12.205473,Moored,-2.9,0.0,113.1,181.0,9428396,CQPH,MANISA SOFIA,Cargo,,19.0,137.0,GPS,8.5,DKKOG,25/10/2025 16:00:00,AIS,127.0,10.0,15.0,4.0
26/11/2024 03:35:52,Class A,255802580,55.45967,12.205473,Moored,-2.9,0.0,113.1,181.0,9428396,CQPH,MANISA SOFIA,Cargo,,19.0,137.0,GPS,8.5,DKKOG,25/10/2025 16:00:00,AIS,127.0,10.0,15.0,4.0
26/11/2024 03:35:55,Class A,255802580,55.459662,12.205548,Moored,0.0,0.0,113.1,181.0,9428396,CQPH,MANISA SOFIA,Cargo,,19.0,137.0,GPS,8.5,DKKOG,25/10/2025 16:00:00,AIS,127.0,10.0,15.0,4.0
26/11/2024 03:35:55,Class A,255802580,55.459662,12.205548,Moored,0.0,0.0,113.1,181.0,9428396,CQPH,MANISA SOFIA,Cargo,,19.0,137.0,GPS,8.5,DKKOG,25/10/2025 16:00:00,AIS,127.0,10.0,15.0,4.0
26/11/2024 03:38:52,Class A,255802580,55.459692,12.205508,Moored,-0.7,0.0,113.1,181.0,9428396,CQPH,MANISA SOFIA,Cargo,,19.0,137.0,GPS,8.5,DKKOG,25/10/2025 16:00:00,AIS,127.0,10.0,15.0,4.0
26/11/2024 03:38:52,Class A,255802580,55.459692,12.205508,Moored,-0.7,0.0,113.1,181.0,9428396,CQPH,MANISA SOFIA,Cargo,,19.0,137.0,GPS,8.5,DKKOG,25/10/2025 16:00:00,AIS,127.0,10.0,15.0,4.0
26/11/2024 03:41:50,Class A,255802580,55.459685,12.205492,Moored,0.4,0.0,113.1,181.0,9428396,CQPH,MANISA SOFIA,Cargo,,19.0,137.0,GPS,8.5,DKKOG,25/10/2025 16:00:00,AIS,127.0,10.0,15.0,4.0
26/11/2024 03:41:50,Class A,255802580,55.459685,12.205492,Moored,0.4,0.0,113.1,181.0,9428396,CQPH,MANISA SOFIA,Cargo,,19.0,137.0,GPS,8.5,DKKOG,25/10/2025 16:00:00,AIS,127.0,10.0,15.0,4.0
26/11/2024 03:41:50,Class A,255802580,55.459685,12.205492,Moored,0.4,0.0,113.1,181.0,9428396,CQPH,MANISA SOFIA,Cargo,,19.0,137.0,GPS,8.5,DKKOG,25/10/2025 16:00:00,AIS,127.0,10.0,15.0,4.0
26/11/2024 03:41:53,Class A,255802580,55.459685,12.205492,Moored,0.4,0.0,113.1,181.0,9428396,CQPH,MANISA SOFIA,Cargo,,19.0,137.0,GPS,8.5,DKKOG,25/10/2025 16:00:00,AIS,127.0,10.0,15.0,4.0
26/11/2024 03:41:53,Class A,255802580,55.459685,12.205492,Moored,0.4,0.0,113.1,181.0,9428396,CQPH,MANISA SOFIA,Cargo,,19.0,137.0,GPS,8.5,DKKOG,25/10/2025 16:00:00,AIS,127.0,10.0,15.0,4.0
26/11/2024 03:44:51,Class A,255802580,55.459682,12.205497,Moored,-0.2,0.0,113.1,181.0,9428396,CQPH,MANISA SOFIA,Cargo,,19.0,137.0,GPS,8.5,DKKOG,25/10/2025 16:00:00,AIS,127.0,10.0,15.0,4.0
26/11/2024 03:44:51,Class A,255802580,55.459682,12.205497,Moored,-0.2,0.0,113.1,181.0,9428396,CQPH,MANISA SOFIA,Cargo,,19.0,137.0,GPS,8.5,DKKOG,25/10/2025 16:00:00,AIS,127.0,10.0,15.0,4.0
26/11/2024 03:44:51,Class A,255802580,55.459682,12.205497,Moored,-0.2,0.0,113.1,181.0,9428396,CQPH,MANISA SOFIA,Cargo,,19.0,137.0,GPS,8.5,DKKOG,25/10/2025 16:00:00,AIS,127.0,10.0,15.0,4.0
26/11/2024 03:47:53,Class A,255802580,55.459682,12.205497,Moored,-0.2,0.0,113.1,181.0,9428396,CQPH,MANISA SOFIA,Cargo,,19.0,137.0,GPS,8.5,DKKOG,25/10/2025 16:00:00,AIS,127.0,10.0,15.0,4.0
26/11/2024 03:47:53,Class A,255802580,55.459682,12.205497,Moored,-0.2,0.0,113.1,181.0,9428396,CQPH,MANISA SOFIA,Cargo,,19.0,137.0,GPS,8.5,DKKOG,25/10/2025 16:00:00,AIS,127.0,10.0,15.0,4.0
26/11/2024 03:47:53,Class A,255802580,55.4597,12.205473,Moored,0.4,0.0,113.1,181.0,9428396,CQPH,MANISA SOFIA,Cargo,,19.0,137.0,GPS,8.5,DKKOG,25/10/2025 16:00:00,AIS,127.0,10.0,15.0,4.0
26/11/2024 03:47:53,Class A,255802580,55.4597,12.205473,Moored,0.4,0.0,113.1,181.0,9428396,CQPH,MANISA SOFIA,Cargo,,19.0,137.0,GPS,8.5,DKKOG,25/10/2025 16:00:00,AIS,127.0,10.0,15.0,4.0
26/11/2024 03:47:53,Class A,255802580,55.4597,12.205473,Moored,0.4,0.0,113.1,181.0,9428396,CQPH,MANISA SOFIA,Cargo,,19.0,137.0,GPS,8.5,DKKOG,25/10/2025 16:00:00,AIS,127.0,10.0,15.0,4.0
26/11/2024 03:50:52,Class A,255802580,55.459673,12.205507,Moored,0.0,0.0,113.1,181.0,9428396,CQPH,MANISA SOFIA,Cargo,,19.0,137.0,GPS,8.5,DKKOG,25/10/2025 16:00:00,AIS,127.0,10.0,15.0,4.0
26/11/2024 03:53:52,Class A,255802580,55.459673,12.205507,Moored,0.0,0.0,113.1,181.0,9428396,CQPH,MANISA SOFIA,Cargo,,19.0,137.0,GPS,8.5,DKKOG,25/10/2025 16:00:00,AIS,127.0,10.0,15.0,4.0
26/11/2024 03:53:52,Class A,255802580,55.459673,12.205507,Moored,0.0,0.0,113.1,181.0,9428396,CQPH,MANISA SOFIA,Cargo,,19.0,137.0,GPS,8.5,DKKOG,25/10/2025 16:00:00,AIS,127.0,10.0,15.0,4.0
26/11/2024 03:53:54,Class A,255802580,55.459675,12.205485,Moored,-0.4,0.0,113.1,181.0,9428396,CQPH,MANISA SOFIA,Cargo,,19.0,137.0,GPS,8.5,DKKOG,25/10/2025 16:00:00,AIS,127.0,10.0,15.0,4.0
26/11/2024 03:53:54,Class A,255802580,55.459675,12.205485,Moored,-0.4,0.0,113.1,181.0,9428396,CQPH,MANISA SOFIA,Cargo,,19.0,137.0,GPS,8.5,DKKOG,25/10/2025 16:00:00,AIS,127.0,10.0,15.0,4.0
26/11/2024 03:53:54,Class A,255802580,55.459675,12.205485,Moored,-0.4,0.0,113.1,181.0,9428396,CQPH,MANISA SOFIA,Cargo,,19.0,137.0,GPS,8.5,DKKOG,25/10/2025 16:00:00,AIS,127.0,10.0,15.0,4.0
26/11/2024 03:56:54,Class A,255802580,55.459667,12.205488,Moored,0.4,0.0,113.1,181.0,9428396,CQPH,MANISA SOFIA,Cargo,,19.0,137.0,GPS,8.5,DKKOG,25/10/2025 16:00:00,AIS,127.0,10.0,15.0,4.0
26/11/2024 03:56:54,Class A,255802580,55.459667,12.205488,Moored,0.4,0.0,113.1,181.0,9428396,CQPH,MANISA SOFIA,Cargo,,19.0,137.0,GPS,8.5,DKKOG,25/10/2025 16:00:00,AIS,127.0,10.0,15.0,4.0
26/11/2024 03:56:54,Class A,255802580,55.459667,12.205488,Moored,0.4,0.0,113.1,181.0,9428396,CQPH,MANISA SOFIA,Cargo,,19.0,137.0,GPS,8.5,DKKOG,25/10/2025 16:00:00,AIS,127.0,10.0,15.0,4.0
26/11/2024 03:59:52,Class A,255802580,55.459667,12.205488,Moored,0.4,0.0,113.1,181.0,9428396,CQPH,MANISA SOFIA,Cargo,,19.0,137.0,GPS,8.5,DKKOG,25/10/2025 16:00:00,AIS,127.0,10.0,15.0,4.0
26/11/2024 03:59:52,Class A,255802580,55.459667,12.205488,Moored,0.4,0.0,113.1,181.0,9428396,CQPH,MANISA SOFIA,Cargo,,19.0,137.0,GPS,8.5,DKKOG,25/10/2025 16:00:00,AIS,127.0,10.0,15.0,4.0
26/11/2024 03:59:52,Class A,255802580,55.459667,12.205488,Moored,0.4,0.0,113.1,181.0,9428396,CQPH,MANISA SOFIA,Cargo,,19.0,137.0,GPS,8.5,DKKOG,25/10/2025 16:00:00,AIS,127.0,10.0,15.0,4.0
26/11/2024 03:59:53,Class A,255802580,55.459667,12.205507,Moored,0.0,0.0,113.1,181.0,9428396,CQPH,MANISA SOFIA,Cargo,,19.0,137.0,GPS,8.5,DKKOG,25/10/2025 16:00:00,AIS,127.0,10.0,15.0,4.0
26/11/2024 03:59:53,Class A,255802580,55.459667,12.205507,Moored,0.0,0.0,113.1,181.0,9428396,CQPH,MANISA SOFIA,Cargo,,19.0,137.0,GPS,8.5,DKKOG,25/10/2025 16:00:00,AIS,127.0,10.0,15.0,4.0
26/11/2024 04:02:54,Class A,255802580,55.459678,12.205492,Moored,-0.4,0.0,113.1,181.0,9428396,CQPH,MANISA SOFIA,Cargo,,19.0,137.0,GPS,8.5,DKKOG,25/10/2025 16:00:00,AIS,127.0,10.0,15.0,4.0
26/11/2024 04:02:54,Class A,255802580,55.459678,12.205492,Moored,-0.4,0.0,113.1,181.0,9428396,CQPH,MANISA SOFIA,Cargo,,19.0,137.0,GPS,8.5,DKKOG,25/10/2025 16:00:00,AIS,127.0,10.0,15.0,4.0
26/11/2024 04:02:54,Class A,255802580,55.459678,12.205492,Moored,-0.4,0.0,113.1,181.0,9428396,CQPH,MANISA SOFIA,Cargo,,19.0,137.0,GPS,8.5,DKKOG,25/10/2025 16:00:00,AIS,127.0,10.0,15.0,4.0
26/11/2024 04:05:52,Class A,255802580,55.459665,12.205515,Moored,0.4,0.0,113.1,182.0,9428396,CQPH,MANISA SOFIA,Cargo,,19.0,137.0,GPS,8.5,DKKOG,25/10/2025 16:00:00,AIS,127.0,10.0,15.0,4.0
26/11/2024 04:05:52,Class A,255802580,55.459665,12.205515,Moored,0.4,0.0,113.1,182.0,9428396,CQPH,MANISA SOFIA,Cargo,,19.0,137.0,GPS,8.5,DKKOG,25/10/2025 16:00:00,AIS,127.0,10.0,15.0,4.0
26/11/2024 04:05:52,Class A,255802580,55.459665,12.205515,Moored,0.4,0.0,113.1,182.0,9428396,CQPH,MANISA SOFIA,Cargo,,19.0,137.0,GPS,8.5,DKKOG,25/10/2025 16:00:00,AIS,127.0,10.0,15.0,4.0
26/11/2024 04:05:52,Class A,255802580,55.459665,12.205515,Moored,0.4,0.0,113.1,182.0,9428396,CQPH,MANISA SOFIA,Cargo,,19.0,137.0,GPS,8.5,DKKOG,25/10/2025 16:00:00,AIS,127.0,10.0,15.0,4.0
26/11/2024 04:05:52,Class A,255802580,55.459665,12.205515,Moored,0.4,0.0,113.1,182.0,9428396,CQPH,MANISA SOFIA,Cargo,,19.0,137.0,GPS,8.5,DKKOG,25/10/2025 16:00:00,AIS,127.0,10.0,15.0,4.0
26/11/2024 04:08:52,Class A,255802580,55.45969,12.20548,Moored,0.0,0.0,113.1,181.0,9428396,CQPH,MANISA SOFIA,Cargo,,19.0,137.0,GPS,8.5,DKKOG,25/10/2025 16:00:00,AIS,127.0,10.0,15.0,4.0
26/11/2024 04:11:52,Class A,255802580,55.45969,12.20548,Moored,0.0,0.0,113.1,181.0,9428396,CQPH,MANISA SOFIA,Cargo,,19.0,137.0,GPS,8.5,DKKOG,25/10/2025 16:00:00,AIS,127.0,10.0,15.0,4.0
26/11/2024 04:11:52,Class A,255802580,55.45969,12.20548,Moored,0.0,0.0,113.1,181.0,9428396,CQPH,MANISA SOFIA,Cargo,,19.0,137.0,GPS,8.5,DKKOG,25/10/2025 16:00:00,AIS,127.0,10.0,15.0,4.0
26/11/2024 04:11:55,Class A,255802580,55.459685,12.205515,Moored,0.4,0.0,113.1,182.0,9428396,CQPH,MANISA SOFIA,Cargo,,19.0,137.0,GPS,8.5,DKKOG,25/10/2025 16:00:00,AIS,127.0,10.0,15.0,4.0
26/11/2024 04:11:55,Class A,255802580,55.459685,12.205515,Moored,0.4,0.0,113.1,182.0,9428396,CQPH,MANISA SOFIA,Cargo,,19.0,137.0,GPS,8.5,DKKOG,25/10/2025 16:00:00,AIS,127.0,10.0,15.0,4.0
26/11/2024 04:11:55,Class A,255802580,55.459685,12.205515,Moored,0.4,0.0,113.1,182.0,9428396,CQPH,MANISA SOFIA,Cargo,,19.0,137.0,GPS,8.5,DKKOG,25/10/2025 16:00:00,AIS,127.0,10.0,15.0,4.0
26/11/2024 04:14:55,Class A,255802580,55.459675,12.20548,Moored,-3.6,0.0,113.1,181.0,9428396,CQPH,MANISA SOFIA,Cargo,,19.0,137.0,GPS,8.5,DKKOG,25/10/2025 16:00:00,AIS,127.0,10.0,15.0,4.0
26/11/2024 04:14:55,Class A,255802580,55.459675,12.20548,Moored,-3.6,0.0,113.1,181.0,9428396,CQPH,MANISA SOFIA,Cargo,,19.0,137.0,GPS,8.5,DKKOG,25/10/2025 16:00:00,AIS,127.0,10.0,15.0,4.0
26/11/2024 04:14:55,Class A,255802580,55.459675,12.20548,Moored,-3.6,0.0,113.1,181.0,9428396,CQPH,MANISA SOFIA,Cargo,,19.0,137.0,GPS,8.5,DKKOG,25/10/2025 16:00:00,AIS,127.0,10.0,15.0,4.0
26/11/2024 04:17:52,Class A,255802580,55.459675,12.20548,Moored,-3.6,0.0,113.1,181.0,9428396,CQPH,MANISA SOFIA,Cargo,,19.0,137.0,GPS,8.5,DKKOG,25/10/2025 16:00:00,AIS,127.0,10.0,15.0,4.0
26/11/2024 04:17:52,Class A,255802580,55.459675,12.20548,Moored,-3.6,0.0,113.1,181.0,9428396,CQPH,MANISA SOFIA,Cargo,,19.0,137.0,GPS,8.5,DKKOG,25/10/2025 16:00:00,AIS,127.0,10.0,15.0,4.0
26/11/2024 04:17:52,Class A,255802580,55.459675,12.20548,Moored,-3.6,0.0,113.1,181.0,9428396,CQPH,MANISA SOFIA,Cargo,,19.0,137.0,GPS,8.5,DKKOG,25/10/2025 16:00:00,AIS,127.0,10.0,15.0,4.0
26/11/2024 04:17:56,Class A,255802580,55.459692,12.205492,Moored,2.9,0.0,113.1,181.0,9428396,CQPH,MANISA SOFIA,Cargo,,19.0,137.0,GPS,8.5,DKKOG,25/10/2025 16:00:00,AIS,127.0,10.0,15.0,4.0
26/11/2024 04:17:56,Class A,255802580,55.459692,12.205492,Moored,2.9,0.0,113.1,181.0,9428396,CQPH,MANISA SOFIA,Cargo,,19.0,137.0,GPS,8.5,DKKOG,25/10/2025 16:00:00,AIS,127.0,10.0,15.0,4.0
26/11/2024 04:20:54,Class A,255802580,55.459685,12.205503,Moored,2.9,0.0,113.1,181.0,9428396,CQPH,MANISA SOFIA,Cargo,,19.0,137.0,GPS,8.5,DKKOG,25/10/2025 16:00:00,AIS,127.0,10.0,15.0,4.0
26/11/2024 04:20:54,Class A,255802580,55.459685,12.205503,Moored,2.9,0.0,113.1,181.0,9428396,CQPH,MANISA SOFIA,Cargo,,19.0,137.0,GPS,8.5,DKKOG,25/10/2025 16:00:00,AIS,127.0,10.0,15.0,4.0
26/11/2024 04:23:52,Class A,255802580,55.459685,12.205503,Moored,2.9,0.0,113.1,181.0,9428396,CQPH,MANISA SOFIA,Cargo,,19.0,137.0,GPS,8.5,DKKOG,25/10/2025 16:00:00,AIS,127.0,10.0,15.0,4.0
26/11/2024 04:23:58,Class A,255802580,55.459685,12.20551,Moored,-4.5,0.0,113.1,181.0,9428396,CQPH,MANISA SOFIA,Cargo,,19.0,137.0,GPS,8.5,DKKOG,25/10/2025 16:00:00,AIS,127.0,10.0,15.0,4.0
26/11/2024 04:23:58,Class A,255802580,55.459685,12.20551,Moored,-4.5,0.0,113.1,181.0,9428396,CQPH,MANISA SOFIA,Cargo,,19.0,137.0,GPS,8.5,DKKOG,25/10/2025 16:00:00,AIS,127.0,10.0,15.0,4.0
26/11/2024 04:26:54,Class A,255802580,55.45967,12.20553,Moored,2.9,0.0,113.1,181.0,9428396,CQPH,MANISA SOFIA,Cargo,,19.0,137.0,GPS,8.5,DKKOG,25/10/2025 16:00:00,AIS,127.0,10.0,15.0,4.0
26/11/2024 04:26:54,Class A,255802580,55.45967,12.20553,Moored,2.9,0.0,113.1,181.0,9428396,CQPH,MANISA SOFIA,Cargo,,19.0,137.0,GPS,8.5,DKKOG,25/10/2025 16:00:00,AIS,127.0,10.0,15.0,4.0
26/11/2024 04:26:54,Class A,255802580,55.45967,12.20553,Moored,2.9,0.0,113.1,181.0,9428396,CQPH,MANISA SOFIA,Cargo,,19.0,137.0,GPS,8.5,DKKOG,25/10/2025 16:00:00,AIS,127.0,10.0,15.0,4.0
26/11/2024 04:29:52,Class A,255802580,55.45967,12.20553,Moored,2.9,0.0,113.1,181.0,9428396,CQPH,MANISA SOFIA,Cargo,,19.0,137.0,GPS,8.5,DKKOG,25/10/2025 16:00:00,AIS,127.0,10.0,15.0,4.0
26/11/2024 04:29:52,Class A,255802580,55.45967,12.20553,Moored,2.9,0.0,113.1,181.0,9428396,CQPH,MANISA SOFIA,Cargo,,19.0,137.0,GPS,8.5,DKKOG,25/10/2025 16:00:00,AIS,127.0,10.0,15.0,4.0
26/11/2024 04:29:56,Class A,255802580,55.45968,12.205515,Moored,2.2,0.0,113.1,181.0,9428396,CQPH,MANISA SOFIA,Cargo,,19.0,137.0,GPS,8.5,DKKOG,25/10/2025 16:00:00,AIS,127.0,10.0,15.0,4.0
26/11/2024 04:29:56,Class A,255802580,55.45968,12.205515,Moored,2.2,0.0,113.1,181.0,9428396,CQPH,MANISA SOFIA,Cargo,,19.0,137.0,GPS,8.5,DKKOG,25/10/2025 16:00:00,AIS,127.0,10.0,15.0,4.0
26/11/2024 04:29:56,Class A,255802580,55.45968,12.205515,Moored,2.2,0.0,113.1,181.0,9428396,CQPH,MANISA SOFIA,Cargo,,19.0,137.0,GPS,8.5,DKKOG,25/10/2025 16:00:00,AIS,127.0,10.0,15.0,4.0
26/11/2024 04:32:54,Class A,255802580,55.459685,12.205518,Moored,0.4,0.0,113.1,181.0,9428396,CQPH,MANISA SOFIA,Cargo,,19.0,137.0,GPS,8.5,DKKOG,25/10/2025 16:00:00,AIS,127.0,10.0,15.0,4.0
26/11/2024 04:32:54,Class A,255802580,55.459685,12.205518,Moored,0.4,0.0,113.1,181.0,9428396,CQPH,MANISA SOFIA,Cargo,,19.0,137.0,GPS,8.5,DKKOG,25/10/2025 16:00:00,AIS,127.0,10.0,15.0,4.0
26/11/2024 04:35:52,Class A,255802580,55.459685,12.205518,Moored,0.4,0.0,113.1,181.0,9428396,CQPH,MANISA SOFIA,Cargo,,19.0,137.0,GPS,8.5,DKKOG,25/10/2025 16:00:00,AIS,127.0,10.0,15.0,4.0
26/11/2024 04:35:52,Class A,255802580,55.459685,12.205518,Moored,0.4,0.0,113.1,181.0,9428396,CQPH,MANISA SOFIA,Cargo,,19.0,137.0,GPS,8.5,DKKOG,25/10/2025 16:00:00,AIS,127.0,10.0,15.0,4.0
26/11/2024 04:35:52,Class A,255802580,55.459685,12.205518,Moored,0.4,0.0,113.1,181.0,9428396,CQPH,MANISA SOFIA,Cargo,,19.0,137.0,GPS,8.5,DKKOG,25/10/2025 16:00:00,AIS,127.0,10.0,15.0,4.0
26/11/2024 04:35:55,Class A,255802580,55.459675,12.205467,Moored,-2.9,0.0,113.1,181.0,9428396,CQPH,MANISA SOFIA,Cargo,,19.0,137.0,GPS,8.5,DKKOG,25/10/2025 16:00:00,AIS,127.0,10.0,15.0,4.0
26/11/2024 04:35:55,Class A,255802580,55.459675,12.205467,Moored,-2.9,0.0,113.1,181.0,9428396,CQPH,MANISA SOFIA,Cargo,,19.0,137.0,GPS,8.5,DKKOG,25/10/2025 16:00:00,AIS,127.0,10.0,15.0,4.0
26/11/2024 04:35:55,Class A,255802580,55.459675,12.205467,Moored,-2.9,0.0,113.1,181.0,9428396,CQPH,MANISA SOFIA,Cargo,,19.0,137.0,GPS,8.5,DKKOG,25/10/2025 16:00:00,AIS,127.0,10.0,15.0,4.0
26/11/2024 04:38:55,Class A,255802580,55.459692,12.205515,Moored,-0.4,0.0,113.1,181.0,9428396,CQPH,MANISA SOFIA,Cargo,,19.0,137.0,GPS,8.5,DKKOG,25/10/2025 16:00:00,AIS,127.0,10.0,15.0,4.0
26/11/2024 04:38:55,Class A,255802580,55.459692,12.205515,Moored,-0.4,0.0,113.1,181.0,9428396,CQPH,MANISA SOFIA,Cargo,,19.0,137.0,GPS,8.5,DKKOG,25/10/2025 16:00:00,AIS,127.0,10.0,15.0,4.0
26/11/2024 04:38:55,Class A,255802580,55.459692,12.205515,Moored,-0.4,0.0,113.1,181.0,9428396,CQPH,MANISA SOFIA,Cargo,,19.0,137.0,GPS,8.5,DKKOG,25/10/2025 16:00:00,AIS,127.0,10.0,15.0,4.0
26/11/2024 04:41:52,Class A,255802580,55.459692,12.205515,Moored,-0.4,0.0,113.1,181.0,9428396,CQPH,MANISA SOFIA,Cargo,,19.0,137.0,GPS,8.5,DKKOG,25/10/2025 16:00:00,AIS,127.0,10.0,15.0,4.0
26/11/2024 04:41:52,Class A,255802580,55.459692,12.205515,Moored,-0.4,0.0,113.1,181.0,9428396,CQPH,MANISA SOFIA,Cargo,,19.0,137.0,GPS,8.5,DKKOG,25/10/2025 16:00:00,AIS,127.0,10.0,15.0,4.0
26/11/2024 04:41:53,Class A,255802580,55.45967,12.205497,Moored,0.2,0.0,113.1,181.0,9428396,CQPH,MANISA SOFIA,Cargo,,19.0,137.0,GPS,8.5,DKKOG,25/10/2025 16:00:00,AIS,127.0,10.0,15.0,4.0
26/11/2024 04:41:53,Class A,255802580,55.45967,12.205497,Moored,0.2,0.0,113.1,181.0,9428396,CQPH,MANISA SOFIA,Cargo,,19.0,137.0,GPS,8.5,DKKOG,25/10/2025 16:00:00,AIS,127.0,10.0,15.0,4.0
26/11/2024 04:44:56,Class A,255802580,55.459675,12.205477,Moored,-0.7,0.0,113.1,181.0,9428396,CQPH,MANISA SOFIA,Cargo,,19.0,137.0,GPS,8.5,DKKOG,25/10/2025 16:00:00,AIS,127.0,10.0,15.0,4.0
26/11/2024 04:44:56,Class A,255802580,55.459675,12.205477,Moored,-0.7,0.0,113.1,181.0,9428396,CQPH,MANISA SOFIA,Cargo,,19.0,137.0,GPS,8.5,DKKOG,25/10/2025 16:00:00,AIS,127.0,10.0,15.0,4.0
26/11/2024 04:44:56,Class A,255802580,55.459675,12.205477,Moored,-0.7,0.0,113.1,181.0,9428396,CQPH,MANISA SOFIA,Cargo,,19.0,137.0,GPS,8.5,DKKOG,25/10/2025 16:00:00,AIS,127.0,10.0,15.0,4.0
26/11/2024 04:47:52,Class A,255802580,55.459675,12.205477,Moored,-0.7,0.0,113.1,181.0,9428396,CQPH,MANISA SOFIA,Cargo,,19.0,137.0,GPS,8.5,DKKOG,25/10/2025 16:00:00,AIS,127.0,10.0,15.0,4.0
26/11/2024 04:47:52,Class A,255802580,55.459675,12.205477,Moored,-0.7,0.0,113.1,181.0,9428396,CQPH,MANISA SOFIA,Cargo,,19.0,137.0,GPS,8.5,DKKOG,25/10/2025 16:00:00,AIS,127.0,10.0,15.0,4.0
26/11/2024 04:47:52,Class A,255802580,55.459675,12.205477,Moored,-0.7,0.0,113.1,181.0,9428396,CQPH,MANISA SOFIA,Cargo,,19.0,137.0,GPS,8.5,DKKOG,25/10/2025 16:00:00,AIS,127.0,10.0,15.0,4.0
26/11/2024 04:47:55,Class A,255802580,55.459703,12.205432,Moored,3.6,0.0,113.1,181.0,9428396,CQPH,MANISA SOFIA,Cargo,,19.0,137.0,GPS,8.5,DKKOG,25/10/2025 16:00:00,AIS,127.0,10.0,15.0,4.0
26/11/2024 04:47:55,Class A,255802580,55.459703,12.205432,Moored,3.6,0.0,113.1,181.0,9428396,CQPH,MANISA SOFIA,Cargo,,19.0,137.0,GPS,8.5,DKKOG,25/10/2025 16:00:00,AIS,127.0,10.0,15.0,4.0
26/11/2024 04:50:57,Class A,255802580,55.459722,12.205488,Moored,5.4,0.0,113.1,181.0,9428396,CQPH,MANISA SOFIA,Cargo,,19.0,137.0,GPS,8.5,DKKOG,25/10/2025 16:00:00,AIS,127.0,10.0,15.0,4.0
26/11/2024 04:50:57,Class A,255802580,55.459722,12.205488,Moored,5.4,0.0,113.1,181.0,9428396,CQPH,MANISA SOFIA,Cargo,,19.0,137.0,GPS,8.5,DKKOG,25/10/2025 16:00:00,AIS,127.0,10.0,15.0,4.0
26/11/2024 04:50:57,Class A,255802580,55.459722,12.205488,Moored,5.4,0.0,113.1,181.0,9428396,CQPH,MANISA SOFIA,Cargo,,19.0,137.0,GPS,8.5,DKKOG,25/10/2025 16:00:00,AIS,127.0,10.0,15.0,4.0
26/11/2024 04:53:52,Class A,255802580,55.459722,12.205488,Moored,5.4,0.0,113.1,181.0,9428396,CQPH,MANISA SOFIA,Cargo,,19.0,137.0,GPS,8.5,DKKOG,25/10/2025 16:00:00,AIS,127.0,10.0,15.0,4.0
26/11/2024 04:53:57,Class A,255802580,55.459717,12.20542,Moored,2.9,0.0,113.1,181.0,9428396,CQPH,MANISA SOFIA,Cargo,,19.0,137.0,GPS,8.5,DKKOG,25/10/2025 16:00:00,AIS,127.0,10.0,15.0,4.0
26/11/2024 04:53:57,Class A,255802580,55.459717,12.20542,Moored,2.9,0.0,113.1,181.0,9428396,CQPH,MANISA SOFIA,Cargo,,19.0,137.0,GPS,8.5,DKKOG,25/10/2025 16:00:00,AIS,127.0,10.0,15.0,4.0
26/11/2024 04:53:57,Class A,255802580,55.459717,12.20542,Moored,2.9,0.0,113.1,181.0,9428396,CQPH,MANISA SOFIA,Cargo,,19.0,137.0,GPS,8.5,DKKOG,25/10/2025 16:00:00,AIS,127.0,10.0,15.0,4.0
26/11/2024 04:56:56,Class A,255802580,55.45966,12.20548,Moored,3.6,0.0,113.1,181.0,9428396,CQPH,MANISA SOFIA,Cargo,,19.0,137.0,GPS,8.5,DKKOG,25/10/2025 16:00:00,AIS,127.0,10.0,15.0,4.0
26/11/2024 04:56:56,Class A,255802580,55.45966,12.20548,Moored,3.6,0.0,113.1,181.0,9428396,CQPH,MANISA SOFIA,Cargo,,19.0,137.0,GPS,8.5,DKKOG,25/10/2025 16:00:00,AIS,127.0,10.0,15.0,4.0
26/11/2024 04:56:56,Class A,255802580,55.45966,12.20548,Moored,3.6,0.0,113.1,181.0,9428396,CQPH,MANISA SOFIA,Cargo,,19.0,137.0,GPS,8.5,DKKOG,25/10/2025 16:00:00,AIS,127.0,10.0,15.0,4.0
26/11/2024 04:59:52,Class A,255802580,55.45966,12.20548,Moored,3.6,0.0,113.1,181.0,9428396,CQPH,MANISA SOFIA,Cargo,,19.0,137.0,GPS,8.5,DKKOG,25/10/2025 16:00:00,AIS,127.0,10.0,15.0,4.0
26/11/2024 04:59:52,Class A,255802580,55.45966,12.20548,Moored,3.6,0.0,113.1,181.0,9428396,CQPH,MANISA SOFIA,Cargo,,19.0,137.0,GPS,8.5,DKKOG,25/10/2025 16:00:00,AIS,127.0,10.0,15.0,4.0
26/11/2024 04:59:52,Class A,255802580,55.45966,12.20548,Moored,3.6,0.0,113.1,181.0,9428396,CQPH,MANISA SOFIA,Cargo,,19.0,137.0,GPS,8.5,DKKOG,25/10/2025 16:00:00,AIS,127.0,10.0,15.0,4.0
26/11/2024 04:59:58,Class A,255802580,55.459673,12.20548,Moored,0.0,0.0,113.1,181.0,9428396,CQPH,MANISA SOFIA,Cargo,,19.0,137.0,GPS,8.5,DKKOG,25/10/2025 16:00:00,AIS,127.0,10.0,15.0,4.0
26/11/2024 04:59:58,Class A,255802580,55.459673,12.20548,Moored,0.0,0.0,113.1,181.0,9428396,CQPH,MANISA SOFIA,Cargo,,19.0,137.0,GPS,8.5,DKKOG,25/10/2025 16:00:00,AIS,127.0,10.0,15.0,4.0
26/11/2024 04:59:58,Class A,255802580,55.459673,12.20548,Moored,0.0,0.0,113.1,181.0,9428396,CQPH,MANISA SOFIA,Cargo,,19.0,137.0,GPS,8.5,DKKOG,25/10/2025 16:00:00,AIS,127.0,10.0,15.0,4.0
26/11/2024 05:02:55,Class A,255802580,55.459677,12.205498,Moored,-0.4,0.0,113.1,181.0,9428396,CQPH,MANISA SOFIA,Cargo,,19.0,137.0,GPS,8.5,DKKOG,25/10/2025 16:00:00,AIS,127.0,10.0,15.0,4.0
26/11/2024 05:02:55,Class A,255802580,55.459677,12.205498,Moored,-0.4,0.0,113.1,181.0,9428396,CQPH,MANISA SOFIA,Cargo,,19.0,137.0,GPS,8.5,DKKOG,25/10/2025 16:00:00,AIS,127.0,10.0,15.0,4.0
26/11/2024 05:02:55,Class A,255802580,55.459677,12.205498,Moored,-0.4,0.0,113.1,181.0,9428396,CQPH,MANISA SOFIA,Cargo,,19.0,137.0,GPS,8.5,DKKOG,25/10/2025 16:00:00,AIS,127.0,10.0,15.0,4.0
26/11/2024 05:05:52,Class A,255802580,55.459677,12.205498,Moored,-0.4,0.0,113.1,181.0,9428396,CQPH,MANISA SOFIA,Cargo,,19.0,137.0,GPS,8.5,DKKOG,25/10/2025 16:00:00,AIS,127.0,10.0,15.0,4.0
26/11/2024 05:05:52,Class A,255802580,55.459677,12.205498,Moored,-0.4,0.0,113.1,181.0,9428396,CQPH,MANISA SOFIA,Cargo,,19.0,137.0,GPS,8.5,DKKOG,25/10/2025 16:00:00,AIS,127.0,10.0,15.0,4.0
26/11/2024 05:05:52,Class A,255802580,55.459677,12.205498,Moored,-0.4,0.0,113.1,181.0,9428396,CQPH,MANISA SOFIA,Cargo,,19.0,137.0,GPS,8.5,DKKOG,25/10/2025 16:00:00,AIS,127.0,10.0,15.0,4.0
26/11/2024 05:05:57,Class A,255802580,55.459685,12.205512,Moored,0.4,0.0,113.1,181.0,9428396,CQPH,MANISA SOFIA,Cargo,,19.0,137.0,GPS,8.5,DKKOG,25/10/2025 16:00:00,AIS,127.0,10.0,15.0,4.0
26/11/2024 05:05:57,Class A,255802580,55.459685,12.205512,Moored,0.4,0.0,113.1,181.0,9428396,CQPH,MANISA SOFIA,Cargo,,19.0,137.0,GPS,8.5,DKKOG,25/10/2025 16:00:00,AIS,127.0,10.0,15.0,4.0
26/11/2024 05:05:57,Class A,255802580,55.459685,12.205512,Moored,0.4,0.0,113.1,181.0,9428396,CQPH,MANISA SOFIA,Cargo,,19.0,137.0,GPS,8.5,DKKOG,25/10/2025 16:00:00,AIS,127.0,10.0,15.0,4.0
26/11/2024 05:08:57,Class A,255802580,55.459678,12.205485,Moored,-4.5,0.0,113.1,181.0,9428396,CQPH,MANISA SOFIA,Cargo,,19.0,137.0,GPS,8.5,DKKOG,25/10/2025 16:00:00,AIS,127.0,10.0,15.0,4.0
26/11/2024 05:08:57,Class A,255802580,55.459678,12.205485,Moored,-4.5,0.0,113.1,181.0,9428396,CQPH,MANISA SOFIA,Cargo,,19.0,137.0,GPS,8.5,DKKOG,25/10/2025 16:00:00,AIS,127.0,10.0,15.0,4.0
26/11/2024 05:11:52,Class A,255802580,55.459678,12.205485,Moored,-4.5,0.0,113.1,181.0,9428396,CQPH,MANISA SOFIA,Cargo,,19.0,137.0,GPS,8.5,DKKOG,25/10/2025 16:00:00,AIS,127.0,10.0,15.0,4.0
26/11/2024 05:11:52,Class A,255802580,55.459678,12.205485,Moored,-4.5,0.0,113.1,181.0,9428396,CQPH,MANISA SOFIA,Cargo,,19.0,137.0,GPS,8.5,DKKOG,25/10/2025 16:00:00,AIS,127.0,10.0,15.0,4.0
26/11/2024 05:11:52,Class A,255802580,55.459678,12.205485,Moored,-4.5,0.0,113.1,181.0,9428396,CQPH,MANISA SOFIA,Cargo,,19.0,137.0,GPS,8.5,DKKOG,25/10/2025 16:00:00,AIS,127.0,10.0,15.0,4.0
26/11/2024 05:11:55,Class A,255802580,55.459703,12.205497,Moored,2.9,0.0,113.1,181.0,9428396,CQPH,MANISA SOFIA,Cargo,,19.0,137.0,GPS,8.5,DKKOG,25/10/2025 16:00:00,AIS,127.0,10.0,15.0,4.0
26/11/2024 05:11:55,Class A,255802580,55.459703,12.205497,Moored,2.9,0.0,113.1,181.0,9428396,CQPH,MANISA SOFIA,Cargo,,19.0,137.0,GPS,8.5,DKKOG,25/10/2025 16:00:00,AIS,127.0,10.0,15.0,4.0
26/11/2024 05:14:56,Class A,255802580,55.459692,12.205458,Moored,2.9,0.0,113.1,181.0,9428396,CQPH,MANISA SOFIA,Cargo,,19.0,137.0,GPS,8.5,DKKOG,25/10/2025 16:00:00,AIS,127.0,10.0,15.0,4.0
26/11/2024 05:14:56,Class A,255802580,55.459692,12.205458,Moored,2.9,0.0,113.1,181.0,9428396,CQPH,MANISA SOFIA,Cargo,,19.0,137.0,GPS,8.5,DKKOG,25/10/2025 16:00:00,AIS,127.0,10.0,15.0,4.0
26/11/2024 05:17:52,Class A,255802580,55.459692,12.205458,Moored,2.9,0.0,113.1,181.0,9428396,CQPH,MANISA SOFIA,Cargo,,19.0,137.0,GPS,8.5,DKKOG,25/10/2025 16:00:00,AIS,127.0,10.0,15.0,4.0
26/11/2024 05:17:52,Class A,255802580,55.459692,12.205458,Moored,2.9,0.0,113.1,181.0,9428396,CQPH,MANISA SOFIA,Cargo,,19.0,137.0,GPS,8.5,DKKOG,25/10/2025 16:00:00,AIS,127.0,10.0,15.0,4.0
26/11/2024 05:17:56,Class A,255802580,55.459692,12.205477,Moored,-2.9,0.0,113.1,181.0,9428396,CQPH,MANISA SOFIA,Cargo,,19.0,137.0,GPS,8.5,DKKOG,25/10/2025 16:00:00,AIS,127.0,10.0,15.0,4.0
26/11/2024 05:17:56,Class A,255802580,55.459692,12.205477,Moored,-2.9,0.0,113.1,181.0,9428396,CQPH,MANISA SOFIA,Cargo,,19.0,137.0,GPS,8.5,DKKOG,25/10/2025 16:00:00,AIS,127.0,10.0,15.0,4.0
26/11/2024 05:20:56,Class A,255802580,55.459688,12.205508,Moored,-3.6,0.0,113.1,181.0,9428396,CQPH,MANISA SOFIA,Cargo,,19.0,137.0,GPS,8.5,DKKOG,25/10/2025 16:00:00,AIS,127.0,10.0,15.0,4.0
26/11/2024 05:20:56,Class A,255802580,55.459688,12.205508,Moored,-3.6,0.0,113.1,181.0,9428396,CQPH,MANISA SOFIA,Cargo,,19.0,137.0,GPS,8.5,DKKOG,25/10/2025 16:00:00,AIS,127.0,10.0,15.0,4.0
26/11/2024 05:20:56,Class A,255802580,55.459688,12.205508,Moored,-3.6,0.0,113.1,181.0,9428396,CQPH,MANISA SOFIA,Cargo,,19.0,137.0,GPS,8.5,DKKOG,25/10/2025 16:00:00,AIS,127.0,10.0,15.0,4.0
26/11/2024 05:23:52,Class A,255802580,55.459688,12.205508,Moored,-3.6,0.0,113.1,181.0,9428396,CQPH,MANISA SOFIA,Cargo,,19.0,137.0,GPS,8.5,DKKOG,25/10/2025 16:00:00,AIS,127.0,10.0,15.0,4.0
26/11/2024 05:23:52,Class A,255802580,55.459688,12.205508,Moored,-3.6,0.0,113.1,181.0,9428396,CQPH,MANISA SOFIA,Cargo,,19.0,137.0,GPS,8.5,DKKOG,25/10/2025 16:00:00,AIS,127.0,10.0,15.0,4.0
26/11/2024 05:23:52,Class A,255802580,55.459688,12.205508,Moored,-3.6,0.0,113.1,181.0,9428396,CQPH,MANISA SOFIA,Cargo,,19.0,137.0,GPS,8.5,DKKOG,25/10/2025 16:00:00,AIS,127.0,10.0,15.0,4.0
26/11/2024 05:23:58,Class A,255802580,55.459678,12.205507,Moored,0.0,0.0,113.1,181.0,9428396,CQPH,MANISA SOFIA,Cargo,,19.0,137.0,GPS,8.5,DKKOG,25/10/2025 16:00:00,AIS,127.0,10.0,15.0,4.0
26/11/2024 05:23:58,Class A,255802580,55.459678,12.205507,Moored,0.0,0.0,113.1,181.0,9428396,CQPH,MANISA SOFIA,Cargo,,19.0,137.0,GPS,8.5,DKKOG,25/10/2025 16:00:00,AIS,127.0,10.0,15.0,4.0
26/11/2024 05:26:56,Class A,255802580,55.45971,12.205467,Moored,-0.0,0.0,113.1,181.0,9428396,CQPH,MANISA SOFIA,Cargo,,19.0,137.0,GPS,8.5,DKKOG,25/10/2025 16:00:00,AIS,127.0,10.0,15.0,4.0
26/11/2024 05:26:56,Class A,255802580,55.45971,12.205467,Moored,-0.0,0.0,113.1,181.0,9428396,CQPH,MANISA SOFIA,Cargo,,19.0,137.0,GPS,8.5,DKKOG,25/10/2025 16:00:00,AIS,127.0,10.0,15.0,4.0
26/11/2024 05:29:52,Class A,255802580,55.45971,12.205467,Moored,-0.0,0.0,113.1,181.0,9428396,CQPH,MANISA SOFIA,Cargo,,19.0,137.0,GPS,8.5,DKKOG,25/10/2025 16:00:00,AIS,127.0,10.0,15.0,4.0
26/11/2024 05:29:52,Class A,255802580,55.45971,12.205467,Moored,-0.0,0.0,113.1,181.0,9428396,CQPH,MANISA SOFIA,Cargo,,19.0,137.0,GPS,8.5,DKKOG,25/10/2025 16:00:00,AIS,127.0,10.0,15.0,4.0
26/11/2024 05:29:52,Class A,255802580,55.45971,12.205467,Moored,-0.0,0.0,113.1,181.0,9428396,CQPH,MANISA SOFIA,Cargo,,19.0,137.0,GPS,8.5,DKKOG,25/10/2025 16:00:00,AIS,127.0,10.0,15.0,4.0
26/11/2024 05:29:57,Class A,255802580,55.459688,12.205462,Moored,0.2,0.0,113.1,181.0,9428396,CQPH,MANISA SOFIA,Cargo,,19.0,137.0,GPS,8.5,DKKOG,25/10/2025 16:00:00,AIS,127.0,10.0,15.0,4.0
26/11/2024 05:32:57,Class A,255802580,55.459715,12.20551,Moored,-2.9,0.0,113.1,181.0,9428396,CQPH,MANISA SOFIA,Cargo,,19.0,137.0,GPS,8.5,DKKOG,25/10/2025 16:00:00,AIS,127.0,10.0,15.0,4.0
26/11/2024 05:32:57,Class A,255802580,55.459715,12.20551,Moored,-2.9,0.0,113.1,181.0,9428396,CQPH,MANISA SOFIA,Cargo,,19.0,137.0,GPS,8.5,DKKOG,25/10/2025 16:00:00,AIS,127.0,10.0,15.0,4.0
26/11/2024 05:32:57,Class A,255802580,55.459715,12.20551,Moored,-2.9,0.0,113.1,181.0,9428396,CQPH,MANISA SOFIA,Cargo,,19.0,137.0,GPS,8.5,DKKOG,25/10/2025 16:00:00,AIS,127.0,10.0,15.0,4.0
26/11/2024 05:35:52,Class A,255802580,55.459715,12.20551,Moored,-2.9,0.0,113.1,181.0,9428396,CQPH,MANISA SOFIA,Cargo,,19.0,137.0,GPS,8.5,DKKOG,25/10/2025 16:00:00,AIS,127.0,10.0,15.0,4.0
26/11/2024 05:35:52,Class A,255802580,55.459715,12.20551,Moored,-2.9,0.0,113.1,181.0,9428396,CQPH,MANISA SOFIA,Cargo,,19.0,137.0,GPS,8.5,DKKOG,25/10/2025 16:00:00,AIS,127.0,10.0,15.0,4.0
26/11/2024 05:35:52,Class A,255802580,55.459715,12.20551,Moored,-2.9,0.0,113.1,181.0,9428396,CQPH,MANISA SOFIA,Cargo,,19.0,137.0,GPS,8.5,DKKOG,25/10/2025 16:00:00,AIS,127.0,10.0,15.0,4.0
26/11/2024 05:35:58,Class A,255802580,55.459703,12.205487,Moored,-2.2,0.0,113.1,181.0,9428396,CQPH,MANISA SOFIA,Cargo,,19.0,137.0,GPS,8.5,DKKOG,25/10/2025 16:00:00,AIS,127.0,10.0,15.0,4.0
26/11/2024 05:35:58,Class A,255802580,55.459703,12.205487,Moored,-2.2,0.0,113.1,181.0,9428396,CQPH,MANISA SOFIA,Cargo,,19.0,137.0,GPS,8.5,DKKOG,25/10/2025 16:00:00,AIS,127.0,10.0,15.0,4.0
26/11/2024 05:35:58,Class A,255802580,55.459703,12.205487,Moored,-2.2,0.0,113.1,181.0,9428396,CQPH,MANISA SOFIA,Cargo,,19.0,137.0,GPS,8.5,DKKOG,25/10/2025 16:00:00,AIS,127.0,10.0,15.0,4.0
26/11/2024 05:38:57,Class A,255802580,55.459692,12.205503,Moored,-2.9,0.0,113.1,181.0,9428396,CQPH,MANISA SOFIA,Cargo,,19.0,137.0,GPS,8.5,DKKOG,25/10/2025 16:00:00,AIS,127.0,10.0,15.0,4.0
26/11/2024 05:38:57,Class A,255802580,55.459692,12.205503,Moored,-2.9,0.0,113.1,181.0,9428396,CQPH,MANISA SOFIA,Cargo,,19.0,137.0,GPS,8.5,DKKOG,25/10/2025 16:00:00,AIS,127.0,10.0,15.0,4.0
26/11/2024 05:38:57,Class A,255802580,55.459692,12.205503,Moored,-2.9,0.0,113.1,181.0,9428396,CQPH,MANISA SOFIA,Cargo,,19.0,137.0,GPS,8.5,DKKOG,25/10/2025 16:00:00,AIS,127.0,10.0,15.0,4.0
26/11/2024 05:41:52,Class A,255802580,55.459692,12.205503,Moored,-2.9,0.0,113.1,181.0,9428396,CQPH,MANISA SOFIA,Cargo,,19.0,137.0,GPS,8.5,DKKOG,25/10/2025 16:00:00,AIS,127.0,10.0,15.0,4.0
26/11/2024 05:41:52,Class A,255802580,55.459692,12.205503,Moored,-2.9,0.0,113.1,181.0,9428396,CQPH,MANISA SOFIA,Cargo,,19.0,137.0,GPS,8.5,DKKOG,25/10/2025 16:00:00,AIS,127.0,10.0,15.0,4.0
26/11/2024 05:41:59,Class A,255802580,55.459685,12.205483,Moored,-1.6,0.0,113.1,181.0,9428396,CQPH,MANISA SOFIA,Cargo,,19.0,137.0,GPS,8.5,DKKOG,25/10/2025 16:00:00,AIS,127.0,10.0,15.0,4.0
26/11/2024 05:41:59,Class A,255802580,55.459685,12.205483,Moored,-1.6,0.0,113.1,181.0,9428396,CQPH,MANISA SOFIA,Cargo,,19.0,137.0,GPS,8.5,DKKOG,25/10/2025 16:00:00,AIS,127.0,10.0,15.0,4.0
26/11/2024 05:41:59,Class A,255802580,55.459685,12.205483,Moored,-1.6,0.0,113.1,181.0,9428396,CQPH,MANISA SOFIA,Cargo,,19.0,137.0,GPS,8.5,DKKOG,25/10/2025 16:00:00,AIS,127.0,10.0,15.0,4.0
26/11/2024 05:44:57,Class A,255802580,55.459678,12.205487,Moored,2.2,0.0,113.1,181.0,9428396,CQPH,MANISA SOFIA,Cargo,,19.0,137.0,GPS,8.5,DKKOG,25/10/2025 16:00:00,AIS,127.0,10.0,15.0,4.0
26/11/2024 05:44:57,Class A,255802580,55.459678,12.205487,Moored,2.2,0.0,113.1,181.0,9428396,CQPH,MANISA SOFIA,Cargo,,19.0,137.0,GPS,8.5,DKKOG,25/10/2025 16:00:00,AIS,127.0,10.0,15.0,4.0
26/11/2024 05:47:52,Class A,255802580,55.459678,12.205487,Moored,2.2,0.0,113.1,181.0,9428396,CQPH,MANISA SOFIA,Cargo,,19.0,137.0,GPS,8.5,DKKOG,25/10/2025 16:00:00,AIS,127.0,10.0,15.0,4.0
26/11/2024 05:47:52,Class A,255802580,55.459678,12.205487,Moored,2.2,0.0,113.1,181.0,9428396,CQPH,MANISA SOFIA,Cargo,,19.0,137.0,GPS,8.5,DKKOG,25/10/2025 16:00:00,AIS,127.0,10.0,15.0,4.0
26/11/2024 05:47:52,Class A,255802580,55.459678,12.205487,Moored,2.2,0.0,113.1,181.0,9428396,CQPH,MANISA SOFIA,Cargo,,19.0,137.0,GPS,8.5,DKKOG,25/10/2025 16:00:00,AIS,127.0,10.0,15.0,4.0
26/11/2024 05:47:58,Class A,255802580,55.459698,12.205477,Moored,-2.2,0.0,113.1,181.0,9428396,CQPH,MANISA SOFIA,Cargo,,19.0,137.0,GPS,8.5,DKKOG,25/10/2025 16:00:00,AIS,127.0,10.0,15.0,4.0
26/11/2024 05:47:58,Class A,255802580,55.459698,12.205477,Moored,-2.2,0.0,113.1,181.0,9428396,CQPH,MANISA SOFIA,Cargo,,19.0,137.0,GPS,8.5,DKKOG,25/10/2025 16:00:00,AIS,127.0,10.0,15.0,4.0
26/11/2024 05:47:58,Class A,255802580,55.459698,12.205477,Moored,-2.2,0.0,113.1,181.0,9428396,CQPH,MANISA SOFIA,Cargo,,19.0,137.0,GPS,8.5,DKKOG,25/10/2025 16:00:00,AIS,127.0,10.0,15.0,4.0
26/11/2024 05:50:58,Class A,255802580,55.459685,12.205495,Moored,2.2,0.0,113.1,181.0,9428396,CQPH,MANISA SOFIA,Cargo,,19.0,137.0,GPS,8.5,DKKOG,25/10/2025 16:00:00,AIS,127.0,10.0,15.0,4.0
26/11/2024 05:53:53,Class A,255802580,55.459685,12.205495,Moored,2.2,0.0,113.1,181.0,9428396,CQPH,MANISA SOFIA,Cargo,,19.0,137.0,GPS,8.5,DKKOG,25/10/2025 16:00:00,AIS,127.0,10.0,15.0,4.0
26/11/2024 05:53:56,Class A,255802580,55.459682,12.205507,Moored,-2.9,0.0,113.1,181.0,9428396,CQPH,MANISA SOFIA,Cargo,,19.0,137.0,GPS,8.5,DKKOG,25/10/2025 16:00:00,AIS,127.0,10.0,15.0,4.0
26/11/2024 05:53:56,Class A,255802580,55.459682,12.205507,Moored,-2.9,0.0,113.1,181.0,9428396,CQPH,MANISA SOFIA,Cargo,,19.0,137.0,GPS,8.5,DKKOG,25/10/2025 16:00:00,AIS,127.0,10.0,15.0,4.0
26/11/2024 05:53:56,Class A,255802580,55.459682,12.205507,Moored,-2.9,0.0,113.1,181.0,9428396,CQPH,MANISA SOFIA,Cargo,,19.0,137.0,GPS,8.5,DKKOG,25/10/2025 16:00:00,AIS,127.0,10.0,15.0,4.0
26/11/2024 05:56:57,Class A,255802580,55.459667,12.205533,Moored,-3.6,0.0,113.1,181.0,9428396,CQPH,MANISA SOFIA,Cargo,,19.0,137.0,GPS,8.5,DKKOG,25/10/2025 16:00:00,AIS,127.0,10.0,15.0,4.0
26/11/2024 05:56:57,Class A,255802580,55.459667,12.205533,Moored,-3.6,0.0,113.1,181.0,9428396,CQPH,MANISA SOFIA,Cargo,,19.0,137.0,GPS,8.5,DKKOG,25/10/2025 16:00:00,AIS,127.0,10.0,15.0,4.0
26/11/2024 05:59:52,Class A,255802580,55.459667,12.205533,Moored,-3.6,0.0,113.1,181.0,9428396,CQPH,MANISA SOFIA,Cargo,,19.0,137.0,GPS,8.5,DKKOG,25/10/2025 16:00:00,AIS,127.0,10.0,15.0,4.0
26/11/2024 05:59:58,Class A,255802580,55.459667,12.205512,Moored,-1.6,0.0,113.1,181.0,9428396,CQPH,MANISA SOFIA,Cargo,,19.0,137.0,GPS,8.5,DKKOG,25/10/2025 16:00:00,AIS,127.0,10.0,15.0,4.0
26/11/2024 05:59:58,Class A,255802580,55.459667,12.205512,Moored,-1.6,0.0,113.1,181.0,9428396,CQPH,MANISA SOFIA,Cargo,,19.0,137.0,GPS,8.5,DKKOG,25/10/2025 16:00:00,AIS,127.0,10.0,15.0,4.0
26/11/2024 05:59:58,Class A,255802580,55.459667,12.205512,Moored,-1.6,0.0,113.1,181.0,9428396,CQPH,MANISA SOFIA,Cargo,,19.0,137.0,GPS,8.5,DKKOG,25/10/2025 16:00:00,AIS,127.0,10.0,15.0,4.0
26/11/2024 06:02:58,Class A,255802580,55.459677,12.20551,Moored,3.6,0.0,113.1,181.0,9428396,CQPH,MANISA SOFIA,Cargo,,19.0,137.0,GPS,8.5,DKKOG,25/10/2025 16:00:00,AIS,127.0,10.0,15.0,4.0
26/11/2024 06:02:58,Class A,255802580,55.459677,12.20551,Moored,3.6,0.0,113.1,181.0,9428396,CQPH,MANISA SOFIA,Cargo,,19.0,137.0,GPS,8.5,DKKOG,25/10/2025 16:00:00,AIS,127.0,10.0,15.0,4.0
26/11/2024 06:02:58,Class A,255802580,55.459677,12.20551,Moored,3.6,0.0,113.1,181.0,9428396,CQPH,MANISA SOFIA,Cargo,,19.0,137.0,GPS,8.5,DKKOG,25/10/2025 16:00:00,AIS,127.0,10.0,15.0,4.0
26/11/2024 06:05:52,Class A,255802580,55.459677,12.20551,Moored,3.6,0.0,113.1,181.0,9428396,CQPH,MANISA SOFIA,Cargo,,19.0,137.0,GPS,8.5,DKKOG,25/10/2025 16:00:00,AIS,127.0,10.0,15.0,4.0
26/11/2024 06:05:52,Class A,255802580,55.459677,12.20551,Moored,3.6,0.0,113.1,181.0,9428396,CQPH,MANISA SOFIA,Cargo,,19.0,137.0,GPS,8.5,DKKOG,25/10/2025 16:00:00,AIS,127.0,10.0,15.0,4.0
26/11/2024 06:05:52,Class A,255802580,55.459677,12.20551,Moored,3.6,0.0,113.1,181.0,9428396,CQPH,MANISA SOFIA,Cargo,,19.0,137.0,GPS,8.5,DKKOG,25/10/2025 16:00:00,AIS,127.0,10.0,15.0,4.0
26/11/2024 06:05:58,Class A,255802580,55.45968,12.205517,Moored,1.6,0.0,113.1,181.0,9428396,CQPH,MANISA SOFIA,Cargo,,19.0,137.0,GPS,8.5,DKKOG,25/10/2025 16:00:00,AIS,127.0,10.0,15.0,4.0
26/11/2024 06:05:58,Class A,255802580,55.45968,12.205517,Moored,1.6,0.0,113.1,181.0,9428396,CQPH,MANISA SOFIA,Cargo,,19.0,137.0,GPS,8.5,DKKOG,25/10/2025 16:00:00,AIS,127.0,10.0,15.0,4.0
26/11/2024 06:05:58,Class A,255802580,55.45968,12.205517,Moored,1.6,0.0,113.1,181.0,9428396,CQPH,MANISA SOFIA,Cargo,,19.0,137.0,GPS,8.5,DKKOG,25/10/2025 16:00:00,AIS,127.0,10.0,15.0,4.0
26/11/2024 06:09:00,Class A,255802580,55.45971,12.205535,Moored,4.5,0.0,113.1,181.0,9428396,CQPH,MANISA SOFIA,Cargo,,19.0,137.0,GPS,8.5,DKKOG,25/10/2025 16:00:00,AIS,127.0,10.0,15.0,4.0
26/11/2024 06:11:52,Class A,255802580,55.45971,12.205535,Moored,4.5,0.0,113.1,181.0,9428396,CQPH,MANISA SOFIA,Cargo,,19.0,137.0,GPS,8.5,DKKOG,25/10/2025 16:00:00,AIS,127.0,10.0,15.0,4.0
26/11/2024 06:11:52,Class A,255802580,55.45971,12.205535,Moored,4.5,0.0,113.1,181.0,9428396,CQPH,MANISA SOFIA,Cargo,,19.0,137.0,GPS,8.5,DKKOG,25/10/2025 16:00:00,AIS,127.0,10.0,15.0,4.0
26/11/2024 06:11:52,Class A,255802580,55.45971,12.205535,Moored,4.5,0.0,113.1,181.0,9428396,CQPH,MANISA SOFIA,Cargo,,19.0,137.0,GPS,8.5,DKKOG,25/10/2025 16:00:00,AIS,127.0,10.0,15.0,4.0
26/11/2024 06:12:00,Class A,255802580,55.459695,12.20554,Moored,-0.0,0.0,113.1,181.0,9428396,CQPH,MANISA SOFIA,Cargo,,19.0,137.0,GPS,8.5,DKKOG,25/10/2025 16:00:00,AIS,127.0,10.0,15.0,4.0
26/11/2024 06:14:58,Class A,255802580,55.459698,12.205558,Moored,-3.6,0.0,113.1,181.0,9428396,CQPH,MANISA SOFIA,Cargo,,19.0,137.0,GPS,8.5,DKKOG,25/10/2025 16:00:00,AIS,127.0,10.0,15.0,4.0
26/11/2024 06:17:52,Class A,255802580,55.459698,12.205558,Moored,-3.6,0.0,113.1,181.0,9428396,CQPH,MANISA SOFIA,Cargo,,19.0,137.0,GPS,8.5,DKKOG,25/10/2025 16:00:00,AIS,127.0,10.0,15.0,4.0
26/11/2024 06:17:52,Class A,255802580,55.459698,12.205558,Moored,-3.6,0.0,113.1,181.0,9428396,CQPH,MANISA SOFIA,Cargo,,19.0,137.0,GPS,8.5,DKKOG,25/10/2025 16:00:00,AIS,127.0,10.0,15.0,4.0
26/11/2024 06:17:58,Class A,255802580,55.459707,12.205502,Moored,-0.7,0.0,113.1,181.0,9428396,CQPH,MANISA SOFIA,Cargo,,19.0,137.0,GPS,8.5,DKKOG,25/10/2025 16:00:00,AIS,127.0,10.0,15.0,4.0
26/11/2024 06:17:58,Class A,255802580,55.459707,12.205502,Moored,-0.7,0.0,113.1,181.0,9428396,CQPH,MANISA SOFIA,Cargo,,19.0,137.0,GPS,8.5,DKKOG,25/10/2025 16:00:00,AIS,127.0,10.0,15.0,4.0
26/11/2024 06:20:58,Class A,255802580,55.459685,12.205513,Moored,-2.9,0.0,113.1,181.0,9428396,CQPH,MANISA SOFIA,Cargo,,19.0,137.0,GPS,8.5,DKKOG,25/10/2025 16:00:00,AIS,127.0,10.0,15.0,4.0
26/11/2024 06:23:52,Class A,255802580,55.459685,12.205513,Moored,-2.9,0.0,113.1,181.0,9428396,CQPH,MANISA SOFIA,Cargo,,19.0,137.0,GPS,8.5,DKKOG,25/10/2025 16:00:00,AIS,127.0,10.0,15.0,4.0
26/11/2024 06:23:52,Class A,255802580,55.459685,12.205513,Moored,-2.9,0.0,113.1,181.0,9428396,CQPH,MANISA SOFIA,Cargo,,19.0,137.0,GPS,8.5,DKKOG,25/10/2025 16:00:00,AIS,127.0,10.0,15.0,4.0
26/11/2024 06:23:52,Class A,255802580,55.459685,12.205513,Moored,-2.9,0.0,113.1,181.0,9428396,CQPH,MANISA SOFIA,Cargo,,19.0,137.0,GPS,8.5,DKKOG,25/10/2025 16:00:00,AIS,127.0,10.0,15.0,4.0
26/11/2024 06:23:58,Class A,255802580,55.459677,12.205533,Moored,-2.9,0.0,113.1,181.0,9428396,CQPH,MANISA SOFIA,Cargo,,19.0,137.0,GPS,8.5,DKKOG,25/10/2025 16:00:00,AIS,127.0,10.0,15.0,4.0
26/11/2024 06:23:58,Class A,255802580,55.459677,12.205533,Moored,-2.9,0.0,113.1,181.0,9428396,CQPH,MANISA SOFIA,Cargo,,19.0,137.0,GPS,8.5,DKKOG,25/10/2025 16:00:00,AIS,127.0,10.0,15.0,4.0
26/11/2024 06:26:59,Class A,255802580,55.459682,12.205542,Moored,4.5,0.0,113.1,181.0,9428396,CQPH,MANISA SOFIA,Cargo,,19.0,137.0,GPS,8.5,DKKOG,25/10/2025 16:00:00,AIS,127.0,10.0,15.0,4.0
26/11/2024 06:26:59,Class A,255802580,55.459682,12.205542,Moored,4.5,0.0,113.1,181.0,9428396,CQPH,MANISA SOFIA,Cargo,,19.0,137.0,GPS,8.5,DKKOG,25/10/2025 16:00:00,AIS,127.0,10.0,15.0,4.0
26/11/2024 06:29:53,Class A,255802580,55.459682,12.205542,Moored,4.5,0.0,113.1,181.0,9428396,CQPH,MANISA SOFIA,Cargo,,19.0,137.0,GPS,8.5,DKKOG,25/10/2025 16:00:00,AIS,127.0,10.0,15.0,4.0
26/11/2024 06:29:53,Class A,255802580,55.459682,12.205542,Moored,4.5,0.0,113.1,181.0,9428396,CQPH,MANISA SOFIA,Cargo,,19.0,137.0,GPS,8.5,DKKOG,25/10/2025 16:00:00,AIS,127.0,10.0,15.0,4.0
26/11/2024 06:29:53,Class A,255802580,55.459682,12.205542,Moored,4.5,0.0,113.1,181.0,9428396,CQPH,MANISA SOFIA,Cargo,,19.0,137.0,GPS,8.5,DKKOG,25/10/2025 16:00:00,AIS,127.0,10.0,15.0,4.0
26/11/2024 06:29:58,Class A,255802580,55.459707,12.205503,Moored,-4.5,0.0,113.1,181.0,9428396,CQPH,MANISA SOFIA,Cargo,,19.0,137.0,GPS,8.5,DKKOG,25/10/2025 16:00:00,AIS,127.0,10.0,15.0,4.0
26/11/2024 06:29:58,Class A,255802580,55.459707,12.205503,Moored,-4.5,0.0,113.1,181.0,9428396,CQPH,MANISA SOFIA,Cargo,,19.0,137.0,GPS,8.5,DKKOG,25/10/2025 16:00:00,AIS,127.0,10.0,15.0,4.0
26/11/2024 06:32:58,Class A,255802580,55.459685,12.205562,Moored,3.6,0.0,113.1,181.0,9428396,CQPH,MANISA SOFIA,Cargo,,19.0,137.0,GPS,8.5,DKKOG,25/10/2025 16:00:00,AIS,127.0,10.0,15.0,4.0
26/11/2024 06:32:58,Class A,255802580,55.459685,12.205562,Moored,3.6,0.0,113.1,181.0,9428396,CQPH,MANISA SOFIA,Cargo,,19.0,137.0,GPS,8.5,DKKOG,25/10/2025 16:00:00,AIS,127.0,10.0,15.0,4.0
26/11/2024 06:32:58,Class A,255802580,55.459685,12.205562,Moored,3.6,0.0,113.1,181.0,9428396,CQPH,MANISA SOFIA,Cargo,,19.0,137.0,GPS,8.5,DKKOG,25/10/2025 16:00:00,AIS,127.0,10.0,15.0,4.0
26/11/2024 06:35:52,Class A,255802580,55.459685,12.205562,Moored,3.6,0.0,113.1,181.0,9428396,CQPH,MANISA SOFIA,Cargo,,19.0,137.0,GPS,8.5,DKKOG,25/10/2025 16:00:00,AIS,127.0,10.0,15.0,4.0
26/11/2024 06:35:52,Class A,255802580,55.459685,12.205562,Moored,3.6,0.0,113.1,181.0,9428396,CQPH,MANISA SOFIA,Cargo,,19.0,137.0,GPS,8.5,DKKOG,25/10/2025 16:00:00,AIS,127.0,10.0,15.0,4.0
26/11/2024 06:35:52,Class A,255802580,55.459685,12.205562,Moored,3.6,0.0,113.1,181.0,9428396,CQPH,MANISA SOFIA,Cargo,,19.0,137.0,GPS,8.5,DKKOG,25/10/2025 16:00:00,AIS,127.0,10.0,15.0,4.0
26/11/2024 06:36:00,Class A,255802580,55.459698,12.205507,Moored,2.2,0.0,113.1,181.0,9428396,CQPH,MANISA SOFIA,Cargo,,19.0,137.0,GPS,8.5,DKKOG,25/10/2025 16:00:00,AIS,127.0,10.0,15.0,4.0
26/11/2024 06:36:00,Class A,255802580,55.459698,12.205507,Moored,2.2,0.0,113.1,181.0,9428396,CQPH,MANISA SOFIA,Cargo,,19.0,137.0,GPS,8.5,DKKOG,25/10/2025 16:00:00,AIS,127.0,10.0,15.0,4.0
26/11/2024 06:36:00,Class A,255802580,55.459698,12.205507,Moored,2.2,0.0,113.1,181.0,9428396,CQPH,MANISA SOFIA,Cargo,,19.0,137.0,GPS,8.5,DKKOG,25/10/2025 16:00:00,AIS,127.0,10.0,15.0,4.0
26/11/2024 06:38:56,Class A,255802580,55.459707,12.205505,Moored,1.6,0.0,113.1,181.0,9428396,CQPH,MANISA SOFIA,Cargo,,19.0,137.0,GPS,8.5,DKKOG,25/10/2025 16:00:00,AIS,127.0,10.0,15.0,4.0
26/11/2024 06:38:56,Class A,255802580,55.459707,12.205505,Moored,1.6,0.0,113.1,181.0,9428396,CQPH,MANISA SOFIA,Cargo,,19.0,137.0,GPS,8.5,DKKOG,25/10/2025 16:00:00,AIS,127.0,10.0,15.0,4.0
26/11/2024 06:38:56,Class A,255802580,55.459707,12.205505,Moored,1.6,0.0,113.1,181.0,9428396,CQPH,MANISA SOFIA,Cargo,,19.0,137.0,GPS,8.5,DKKOG,25/10/2025 16:00:00,AIS,127.0,10.0,15.0,4.0
26/11/2024 06:41:51,Class A,255802580,55.459668,12.20554,Moored,-3.6,0.0,113.1,181.0,9428396,CQPH,MANISA SOFIA,Cargo,,19.0,137.0,GPS,8.5,DKKOG,25/10/2025 16:00:00,AIS,127.0,10.0,15.0,4.0
26/11/2024 06:41:53,Class A,255802580,55.459668,12.20554,Moored,-3.6,0.0,113.1,181.0,9428396,CQPH,MANISA SOFIA,Cargo,,19.0,137.0,GPS,8.5,DKKOG,25/10/2025 16:00:00,AIS,127.0,10.0,15.0,4.0
26/11/2024 06:41:53,Class A,255802580,55.459668,12.20554,Moored,-3.6,0.0,113.1,181.0,9428396,CQPH,MANISA SOFIA,Cargo,,19.0,137.0,GPS,8.5,DKKOG,25/10/2025 16:00:00,AIS,127.0,10.0,15.0,4.0
26/11/2024 06:41:53,Class A,255802580,55.459668,12.20554,Moored,-3.6,0.0,113.1,181.0,9428396,CQPH,MANISA SOFIA,Cargo,,19.0,137.0,GPS,8.5,DKKOG,25/10/2025 16:00:00,AIS,127.0,10.0,15.0,4.0
26/11/2024 06:44:57,Class A,255802580,55.459677,12.205492,Moored,-3.6,0.0,113.1,181.0,9428396,CQPH,MANISA SOFIA,Cargo,,19.0,137.0,GPS,8.5,DKKOG,25/10/2025 16:00:00,AIS,127.0,10.0,15.0,4.0
26/11/2024 06:44:57,Class A,255802580,55.459677,12.205492,Moored,-3.6,0.0,113.1,181.0,9428396,CQPH,MANISA SOFIA,Cargo,,19.0,137.0,GPS,8.5,DKKOG,25/10/2025 16:00:00,AIS,127.0,10.0,15.0,4.0
26/11/2024 06:47:52,Class A,255802580,55.459677,12.205492,Moored,-3.6,0.0,113.1,181.0,9428396,CQPH,MANISA SOFIA,Cargo,,19.0,137.0,GPS,8.5,DKKOG,25/10/2025 16:00:00,AIS,127.0,10.0,15.0,4.0
26/11/2024 06:47:52,Class A,255802580,55.459677,12.205492,Moored,-3.6,0.0,113.1,181.0,9428396,CQPH,MANISA SOFIA,Cargo,,19.0,137.0,GPS,8.5,DKKOG,25/10/2025 16:00:00,AIS,127.0,10.0,15.0,4.0
26/11/2024 06:47:54,Class A,255802580,55.45969,12.205477,Moored,-4.5,0.0,113.1,181.0,9428396,CQPH,MANISA SOFIA,Cargo,,19.0,137.0,GPS,8.5,DKKOG,25/10/2025 16:00:00,AIS,127.0,10.0,15.0,4.0
26/11/2024 06:47:54,Class A,255802580,55.45969,12.205477,Moored,-4.5,0.0,113.1,181.0,9428396,CQPH,MANISA SOFIA,Cargo,,19.0,137.0,GPS,8.5,DKKOG,25/10/2025 16:00:00,AIS,127.0,10.0,15.0,4.0
26/11/2024 06:47:54,Class A,255802580,55.45969,12.205477,Moored,-4.5,0.0,113.1,181.0,9428396,CQPH,MANISA SOFIA,Cargo,,19.0,137.0,GPS,8.5,DKKOG,25/10/2025 16:00:00,AIS,127.0,10.0,15.0,4.0
26/11/2024 06:50:59,Class A,255802580,55.459685,12.20551,Moored,-2.2,0.0,113.1,181.0,9428396,CQPH,MANISA SOFIA,Cargo,,19.0,137.0,GPS,8.5,DKKOG,25/10/2025 16:00:00,AIS,127.0,10.0,15.0,4.0
26/11/2024 06:50:59,Class A,255802580,55.459685,12.20551,Moored,-2.2,0.0,113.1,181.0,9428396,CQPH,MANISA SOFIA,Cargo,,19.0,137.0,GPS,8.5,DKKOG,25/10/2025 16:00:00,AIS,127.0,10.0,15.0,4.0
26/11/2024 06:53:53,Class A,255802580,55.459685,12.20551,Moored,-2.2,0.0,113.1,181.0,9428396,CQPH,MANISA SOFIA,Cargo,,19.0,137.0,GPS,8.5,DKKOG,25/10/2025 16:00:00,AIS,127.0,10.0,15.0,4.0
26/11/2024 06:53:53,Class A,255802580,55.459695,12.20551,Moored,0.2,0.0,113.1,181.0,9428396,CQPH,MANISA SOFIA,Cargo,,19.0,137.0,GPS,8.5,DKKOG,25/10/2025 16:00:00,AIS,127.0,10.0,15.0,4.0
26/11/2024 06:53:53,Class A,255802580,55.459695,12.20551,Moored,0.2,0.0,113.1,181.0,9428396,CQPH,MANISA SOFIA,Cargo,,19.0,137.0,GPS,8.5,DKKOG,25/10/2025 16:00:00,AIS,127.0,10.0,15.0,4.0
26/11/2024 06:56:59,Class A,255802580,55.45968,12.205505,Moored,0.0,0.0,113.1,181.0,9428396,CQPH,MANISA SOFIA,Cargo,,19.0,137.0,GPS,8.5,DKKOG,25/10/2025 16:00:00,AIS,127.0,10.0,15.0,4.0
26/11/2024 06:56:59,Class A,255802580,55.45968,12.205505,Moored,0.0,0.0,113.1,181.0,9428396,CQPH,MANISA SOFIA,Cargo,,19.0,137.0,GPS,8.5,DKKOG,25/10/2025 16:00:00,AIS,127.0,10.0,15.0,4.0
26/11/2024 06:56:59,Class A,255802580,55.45968,12.205505,Moored,0.0,0.0,113.1,181.0,9428396,CQPH,MANISA SOFIA,Cargo,,19.0,137.0,GPS,8.5,DKKOG,25/10/2025 16:00:00,AIS,127.0,10.0,15.0,4.0
26/11/2024 06:59:52,Class A,255802580,55.45968,12.205505,Moored,0.0,0.0,113.1,181.0,9428396,CQPH,MANISA SOFIA,Cargo,,19.0,137.0,GPS,8.5,DKKOG,25/10/2025 16:00:00,AIS,127.0,10.0,15.0,4.0
26/11/2024 06:59:52,Class A,255802580,55.45968,12.205505,Moored,0.0,0.0,113.1,181.0,9428396,CQPH,MANISA SOFIA,Cargo,,19.0,137.0,GPS,8.5,DKKOG,25/10/2025 16:00:00,AIS,127.0,10.0,15.0,4.0
26/11/2024 06:59:52,Class A,255802580,55.45968,12.205505,Moored,0.0,0.0,113.1,181.0,9428396,CQPH,MANISA SOFIA,Cargo,,19.0,137.0,GPS,8.5,DKKOG,25/10/2025 16:00:00,AIS,127.0,10.0,15.0,4.0
26/11/2024 06:59:54,Class A,255802580,55.45968,12.205515,Moored,0.2,0.0,113.1,181.0,9428396,CQPH,MANISA SOFIA,Cargo,,19.0,137.0,GPS,8.5,DKKOG,25/10/2025 16:00:00,AIS,127.0,10.0,15.0,4.0
26/11/2024 06:59:54,Class A,255802580,55.45968,12.205515,Moored,0.2,0.0,113.1,181.0,9428396,CQPH,MANISA SOFIA,Cargo,,19.0,137.0,GPS,8.5,DKKOG,25/10/2025 16:00:00,AIS,127.0,10.0,15.0,4.0
26/11/2024 06:59:54,Class A,255802580,55.45968,12.205515,Moored,0.2,0.0,113.1,181.0,9428396,CQPH,MANISA SOFIA,Cargo,,19.0,137.0,GPS,8.5,DKKOG,25/10/2025 16:00:00,AIS,127.0,10.0,15.0,4.0
26/11/2024 07:03:00,Class A,255802580,55.459695,12.205492,Moored,3.6,0.0,113.1,182.0,9428396,CQPH,MANISA SOFIA,Cargo,,19.0,137.0,GPS,8.5,DKKOG,25/10/2025 16:00:00,AIS,127.0,10.0,15.0,4.0
26/11/2024 07:03:00,Class A,255802580,55.459695,12.205492,Moored,3.6,0.0,113.1,182.0,9428396,CQPH,MANISA SOFIA,Cargo,,19.0,137.0,GPS,8.5,DKKOG,25/10/2025 16:00:00,AIS,127.0,10.0,15.0,4.0
26/11/2024 07:03:00,Class A,255802580,55.459695,12.205492,Moored,3.6,0.0,113.1,182.0,9428396,CQPH,MANISA SOFIA,Cargo,,19.0,137.0,GPS,8.5,DKKOG,25/10/2025 16:00:00,AIS,127.0,10.0,15.0,4.0
26/11/2024 07:05:53,Class A,255802580,55.459695,12.205492,Moored,3.6,0.0,113.1,182.0,9428396,CQPH,MANISA SOFIA,Cargo,,19.0,137.0,GPS,8.5,DKKOG,25/10/2025 16:00:00,AIS,127.0,10.0,15.0,4.0
26/11/2024 07:05:53,Class A,255802580,55.459695,12.205492,Moored,3.6,0.0,113.1,182.0,9428396,CQPH,MANISA SOFIA,Cargo,,19.0,137.0,GPS,8.5,DKKOG,25/10/2025 16:00:00,AIS,127.0,10.0,15.0,4.0
26/11/2024 07:05:54,Class A,255802580,55.459677,12.205477,Moored,3.6,0.0,113.1,182.0,9428396,CQPH,MANISA SOFIA,Cargo,,19.0,137.0,GPS,8.5,DKKOG,25/10/2025 16:00:00,AIS,127.0,10.0,15.0,4.0
26/11/2024 07:05:54,Class A,255802580,55.459677,12.205477,Moored,3.6,0.0,113.1,182.0,9428396,CQPH,MANISA SOFIA,Cargo,,19.0,137.0,GPS,8.5,DKKOG,25/10/2025 16:00:00,AIS,127.0,10.0,15.0,4.0
26/11/2024 07:09:01,Class A,255802580,55.459678,12.205518,Moored,0.4,0.0,113.1,182.0,9428396,CQPH,MANISA SOFIA,Cargo,,19.0,137.0,GPS,8.5,DKKOG,25/10/2025 16:00:00,AIS,127.0,10.0,15.0,4.0
26/11/2024 07:09:01,Class A,255802580,55.459678,12.205518,Moored,0.4,0.0,113.1,182.0,9428396,CQPH,MANISA SOFIA,Cargo,,19.0,137.0,GPS,8.5,DKKOG,25/10/2025 16:00:00,AIS,127.0,10.0,15.0,4.0
26/11/2024 07:11:53,Class A,255802580,55.459678,12.205518,Moored,0.4,0.0,113.1,182.0,9428396,CQPH,MANISA SOFIA,Cargo,,19.0,137.0,GPS,8.5,DKKOG,25/10/2025 16:00:00,AIS,127.0,10.0,15.0,4.0
26/11/2024 07:11:53,Class A,255802580,55.459678,12.205518,Moored,0.4,0.0,113.1,182.0,9428396,CQPH,MANISA SOFIA,Cargo,,19.0,137.0,GPS,8.5,DKKOG,25/10/2025 16:00:00,AIS,127.0,10.0,15.0,4.0
26/11/2024 07:11:53,Class A,255802580,55.459678,12.205518,Moored,0.4,0.0,113.1,182.0,9428396,CQPH,MANISA SOFIA,Cargo,,19.0,137.0,GPS,8.5,DKKOG,25/10/2025 16:00:00,AIS,127.0,10.0,15.0,4.0
26/11/2024 07:11:56,Class A,255802580,55.45969,12.205512,Moored,-0.2,0.0,113.1,182.0,9428396,CQPH,MANISA SOFIA,Cargo,,19.0,137.0,GPS,8.5,DKKOG,25/10/2025 16:00:00,AIS,127.0,10.0,15.0,4.0
26/11/2024 07:11:56,Class A,255802580,55.45969,12.205512,Moored,-0.2,0.0,113.1,182.0,9428396,CQPH,MANISA SOFIA,Cargo,,19.0,137.0,GPS,8.5,DKKOG,25/10/2025 16:00:00,AIS,127.0,10.0,15.0,4.0
26/11/2024 07:11:56,Class A,255802580,55.45969,12.205512,Moored,-0.2,0.0,113.1,182.0,9428396,CQPH,MANISA SOFIA,Cargo,,19.0,137.0,GPS,8.5,DKKOG,25/10/2025 16:00:00,AIS,127.0,10.0,15.0,4.0
26/11/2024 07:14:50,Class A,255802580,55.459685,12.205522,Moored,-0.0,0.0,113.1,182.0,9428396,CQPH,MANISA SOFIA,Cargo,,19.0,137.0,GPS,8.5,DKKOG,25/10/2025 16:00:00,AIS,127.0,10.0,15.0,4.0
26/11/2024 07:14:50,Class A,255802580,55.459685,12.205522,Moored,-0.0,0.0,113.1,182.0,9428396,CQPH,MANISA SOFIA,Cargo,,19.0,137.0,GPS,8.5,DKKOG,25/10/2025 16:00:00,AIS,127.0,10.0,15.0,4.0
26/11/2024 07:17:53,Class A,255802580,55.459685,12.205522,Moored,-0.0,0.0,113.1,182.0,9428396,CQPH,MANISA SOFIA,Cargo,,19.0,137.0,GPS,8.5,DKKOG,25/10/2025 16:00:00,AIS,127.0,10.0,15.0,4.0
26/11/2024 07:17:53,Class A,255802580,55.459685,12.205522,Moored,-0.0,0.0,113.1,182.0,9428396,CQPH,MANISA SOFIA,Cargo,,19.0,137.0,GPS,8.5,DKKOG,25/10/2025 16:00:00,AIS,127.0,10.0,15.0,4.0
26/11/2024 07:17:56,Class A,255802580,55.459687,12.205522,Moored,-0.2,0.0,113.1,182.0,9428396,CQPH,MANISA SOFIA,Cargo,,19.0,137.0,GPS,8.5,DKKOG,25/10/2025 16:00:00,AIS,127.0,10.0,15.0,4.0
26/11/2024 07:17:56,Class A,255802580,55.459687,12.205522,Moored,-0.2,0.0,113.1,182.0,9428396,CQPH,MANISA SOFIA,Cargo,,19.0,137.0,GPS,8.5,DKKOG,25/10/2025 16:00:00,AIS,127.0,10.0,15.0,4.0
26/11/2024 07:17:56,Class A,255802580,55.459687,12.205522,Moored,-0.2,0.0,113.1,182.0,9428396,CQPH,MANISA SOFIA,Cargo,,19.0,137.0,GPS,8.5,DKKOG,25/10/2025 16:00:00,AIS,127.0,10.0,15.0,4.0
26/11/2024 07:20:55,Class A,255802580,55.459675,12.205498,Moored,-0.0,0.0,113.1,182.0,9428396,CQPH,MANISA SOFIA,Cargo,,19.0,137.0,GPS,8.5,DKKOG,25/10/2025 16:00:00,AIS,127.0,10.0,15.0,4.0
26/11/2024 07:20:55,Class A,255802580,55.459675,12.205498,Moored,-0.0,0.0,113.1,182.0,9428396,CQPH,MANISA SOFIA,Cargo,,19.0,137.0,GPS,8.5,DKKOG,25/10/2025 16:00:00,AIS,127.0,10.0,15.0,4.0
26/11/2024 07:20:55,Class A,255802580,55.459675,12.205498,Moored,-0.0,0.0,113.1,182.0,9428396,CQPH,MANISA SOFIA,Cargo,,19.0,137.0,GPS,8.5,DKKOG,25/10/2025 16:00:00,AIS,127.0,10.0,15.0,4.0
26/11/2024 07:23:53,Class A,255802580,55.459675,12.205498,Moored,-0.0,0.0,113.1,182.0,9428396,CQPH,MANISA SOFIA,Cargo,,19.0,137.0,GPS,8.5,DKKOG,25/10/2025 16:00:00,AIS,127.0,10.0,15.0,4.0
26/11/2024 07:23:53,Class A,255802580,55.459675,12.205498,Moored,-0.0,0.0,113.1,182.0,9428396,CQPH,MANISA SOFIA,Cargo,,19.0,137.0,GPS,8.5,DKKOG,25/10/2025 16:00:00,AIS,127.0,10.0,15.0,4.0
26/11/2024 07:23:56,Class A,255802580,55.45968,12.205552,Moored,-0.4,0.0,113.1,182.0,9428396,CQPH,MANISA SOFIA,Cargo,,19.0,137.0,GPS,8.5,DKKOG,25/10/2025 16:00:00,AIS,127.0,10.0,15.0,4.0
26/11/2024 07:23:56,Class A,255802580,55.45968,12.205552,Moored,-0.4,0.0,113.1,182.0,9428396,CQPH,MANISA SOFIA,Cargo,,19.0,137.0,GPS,8.5,DKKOG,25/10/2025 16:00:00,AIS,127.0,10.0,15.0,4.0
26/11/2024 07:29:51,Class A,255802580,55.459683,12.205527,Moored,0.0,0.0,113.1,182.0,9428396,CQPH,MANISA SOFIA,Cargo,,19.0,137.0,GPS,8.5,DKKOG,25/10/2025 16:00:00,AIS,127.0,10.0,15.0,4.0
26/11/2024 07:32:56,Class A,255802580,55.45969,12.2055,Moored,-5.4,0.0,113.1,182.0,9428396,CQPH,MANISA SOFIA,Cargo,,19.0,137.0,GPS,8.5,DKKOG,25/10/2025 16:00:00,AIS,127.0,10.0,15.0,4.0
26/11/2024 07:32:56,Class A,255802580,55.45969,12.2055,Moored,-5.4,0.0,113.1,182.0,9428396,CQPH,MANISA SOFIA,Cargo,,19.0,137.0,GPS,8.5,DKKOG,25/10/2025 16:00:00,AIS,127.0,10.0,15.0,4.0
26/11/2024 07:32:56,Class A,255802580,55.45969,12.2055,Moored,-5.4,0.0,113.1,182.0,9428396,CQPH,MANISA SOFIA,Cargo,,19.0,137.0,GPS,8.5,DKKOG,25/10/2025 16:00:00,AIS,127.0,10.0,15.0,4.0
26/11/2024 07:35:53,Class A,255802580,55.45969,12.2055,Moored,-5.4,0.0,113.1,182.0,9428396,CQPH,MANISA SOFIA,Cargo,,19.0,137.0,GPS,8.5,DKKOG,25/10/2025 16:00:00,AIS,127.0,10.0,15.0,4.0
26/11/2024 07:35:53,Class A,255802580,55.45969,12.2055,Moored,-5.4,0.0,113.1,182.0,9428396,CQPH,MANISA SOFIA,Cargo,,19.0,137.0,GPS,8.5,DKKOG,25/10/2025 16:00:00,AIS,127.0,10.0,15.0,4.0
26/11/2024 07:35:53,Class A,255802580,55.459678,12.205515,Moored,3.6,0.0,113.1,182.0,9428396,CQPH,MANISA SOFIA,Cargo,,19.0,137.0,GPS,8.5,DKKOG,25/10/2025 16:00:00,AIS,127.0,10.0,15.0,4.0
26/11/2024 07:35:53,Class A,255802580,55.459678,12.205515,Moored,3.6,0.0,113.1,182.0,9428396,CQPH,MANISA SOFIA,Cargo,,19.0,137.0,GPS,8.5,DKKOG,25/10/2025 16:00:00,AIS,127.0,10.0,15.0,4.0
26/11/2024 07:38:55,Class A,255802580,55.459678,12.205557,Moored,-0.7,0.0,113.1,182.0,9428396,CQPH,MANISA SOFIA,Cargo,,19.0,137.0,GPS,8.5,DKKOG,25/10/2025 16:00:00,AIS,127.0,10.0,15.0,4.0
26/11/2024 07:38:55,Class A,255802580,55.459678,12.205557,Moored,-0.7,0.0,113.1,182.0,9428396,CQPH,MANISA SOFIA,Cargo,,19.0,137.0,GPS,8.5,DKKOG,25/10/2025 16:00:00,AIS,127.0,10.0,15.0,4.0
26/11/2024 07:41:52,Class A,255802580,55.459678,12.205557,Moored,-0.7,0.0,113.1,182.0,9428396,CQPH,MANISA SOFIA,Cargo,,19.0,137.0,GPS,8.5,DKKOG,25/10/2025 16:00:00,AIS,127.0,10.0,15.0,4.0
26/11/2024 07:41:52,Class A,255802580,55.459678,12.205557,Moored,-0.7,0.0,113.1,182.0,9428396,CQPH,MANISA SOFIA,Cargo,,19.0,137.0,GPS,8.5,DKKOG,25/10/2025 16:00:00,AIS,127.0,10.0,15.0,4.0
26/11/2024 07:41:52,Class A,255802580,55.459678,12.205557,Moored,-0.7,0.0,113.1,182.0,9428396,CQPH,MANISA SOFIA,Cargo,,19.0,137.0,GPS,8.5,DKKOG,25/10/2025 16:00:00,AIS,127.0,10.0,15.0,4.0
26/11/2024 07:41:54,Class A,255802580,55.45969,12.205522,Moored,-2.2,0.0,113.1,182.0,9428396,CQPH,MANISA SOFIA,Cargo,,19.0,137.0,GPS,8.5,DKKOG,25/10/2025 16:00:00,AIS,127.0,10.0,15.0,4.0
26/11/2024 07:41:54,Class A,255802580,55.45969,12.205522,Moored,-2.2,0.0,113.1,182.0,9428396,CQPH,MANISA SOFIA,Cargo,,19.0,137.0,GPS,8.5,DKKOG,25/10/2025 16:00:00,AIS,127.0,10.0,15.0,4.0
26/11/2024 07:41:54,Class A,255802580,55.45969,12.205522,Moored,-2.2,0.0,113.1,182.0,9428396,CQPH,MANISA SOFIA,Cargo,,19.0,137.0,GPS,8.5,DKKOG,25/10/2025 16:00:00,AIS,127.0,10.0,15.0,4.0
26/11/2024 07:44:57,Class A,255802580,55.459692,12.205542,Moored,-2.9,0.0,113.1,181.0,9428396,CQPH,MANISA SOFIA,Cargo,,19.0,137.0,GPS,8.5,DKKOG,25/10/2025 16:00:00,AIS,127.0,10.0,15.0,4.0
26/11/2024 07:44:57,Class A,255802580,55.459692,12.205542,Moored,-2.9,0.0,113.1,181.0,9428396,CQPH,MANISA SOFIA,Cargo,,19.0,137.0,GPS,8.5,DKKOG,25/10/2025 16:00:00,AIS,127.0,10.0,15.0,4.0
26/11/2024 07:47:53,Class A,255802580,55.459692,12.205542,Moored,-2.9,0.0,113.1,181.0,9428396,CQPH,MANISA SOFIA,Cargo,,19.0,137.0,GPS,8.5,DKKOG,25/10/2025 16:00:00,AIS,127.0,10.0,15.0,4.0
26/11/2024 07:47:53,Class A,255802580,55.459692,12.205542,Moored,-2.9,0.0,113.1,181.0,9428396,CQPH,MANISA SOFIA,Cargo,,19.0,137.0,GPS,8.5,DKKOG,25/10/2025 16:00:00,AIS,127.0,10.0,15.0,4.0
26/11/2024 07:47:53,Class A,255802580,55.459692,12.205542,Moored,-2.9,0.0,113.1,181.0,9428396,CQPH,MANISA SOFIA,Cargo,,19.0,137.0,GPS,8.5,DKKOG,25/10/2025 16:00:00,AIS,127.0,10.0,15.0,4.0
26/11/2024 07:47:54,Class A,255802580,55.459677,12.205513,Moored,0.0,0.0,113.1,181.0,9428396,CQPH,MANISA SOFIA,Cargo,,19.0,137.0,GPS,8.5,DKKOG,25/10/2025 16:00:00,AIS,127.0,10.0,15.0,4.0
26/11/2024 07:47:54,Class A,255802580,55.459677,12.205513,Moored,0.0,0.0,113.1,181.0,9428396,CQPH,MANISA SOFIA,Cargo,,19.0,137.0,GPS,8.5,DKKOG,25/10/2025 16:00:00,AIS,127.0,10.0,15.0,4.0
26/11/2024 07:50:55,Class A,255802580,55.45967,12.205548,Moored,0.0,0.0,113.1,181.0,9428396,CQPH,MANISA SOFIA,Cargo,,19.0,137.0,GPS,8.5,DKKOG,25/10/2025 16:00:00,AIS,127.0,10.0,15.0,4.0
26/11/2024 07:50:55,Class A,255802580,55.45967,12.205548,Moored,0.0,0.0,113.1,181.0,9428396,CQPH,MANISA SOFIA,Cargo,,19.0,137.0,GPS,8.5,DKKOG,25/10/2025 16:00:00,AIS,127.0,10.0,15.0,4.0
26/11/2024 07:50:55,Class A,255802580,55.45967,12.205548,Moored,0.0,0.0,113.1,181.0,9428396,CQPH,MANISA SOFIA,Cargo,,19.0,137.0,GPS,8.5,DKKOG,25/10/2025 16:00:00,AIS,127.0,10.0,15.0,4.0
26/11/2024 07:53:53,Class A,255802580,55.45967,12.205548,Moored,0.0,0.0,113.1,181.0,9428396,CQPH,MANISA SOFIA,Cargo,,19.0,137.0,GPS,8.5,DKKOG,25/10/2025 16:00:00,AIS,127.0,10.0,15.0,4.0
26/11/2024 07:53:54,Class A,255802580,55.45967,12.205528,Moored,0.0,0.0,113.1,181.0,9428396,CQPH,MANISA SOFIA,Cargo,,19.0,137.0,GPS,8.5,DKKOG,25/10/2025 16:00:00,AIS,127.0,10.0,15.0,4.0
26/11/2024 07:53:54,Class A,255802580,55.45967,12.205528,Moored,0.0,0.0,113.1,181.0,9428396,CQPH,MANISA SOFIA,Cargo,,19.0,137.0,GPS,8.5,DKKOG,25/10/2025 16:00:00,AIS,127.0,10.0,15.0,4.0
26/11/2024 07:56:56,Class A,255802580,55.459658,12.205538,Moored,2.2,0.0,113.1,181.0,9428396,CQPH,MANISA SOFIA,Cargo,,19.0,137.0,GPS,8.5,DKKOG,25/10/2025 16:00:00,AIS,127.0,10.0,15.0,4.0
26/11/2024 07:56:56,Class A,255802580,55.459658,12.205538,Moored,2.2,0.0,113.1,181.0,9428396,CQPH,MANISA SOFIA,Cargo,,19.0,137.0,GPS,8.5,DKKOG,25/10/2025 16:00:00,AIS,127.0,10.0,15.0,4.0
26/11/2024 07:56:56,Class A,255802580,55.459658,12.205538,Moored,2.2,0.0,113.1,181.0,9428396,CQPH,MANISA SOFIA,Cargo,,19.0,137.0,GPS,8.5,DKKOG,25/10/2025 16:00:00,AIS,127.0,10.0,15.0,4.0
26/11/2024 07:59:52,Class A,255802580,55.459658,12.205538,Moored,2.2,0.0,113.1,181.0,9428396,CQPH,MANISA SOFIA,Cargo,,19.0,137.0,GPS,8.5,DKKOG,25/10/2025 16:00:00,AIS,127.0,10.0,15.0,4.0
26/11/2024 07:59:52,Class A,255802580,55.459658,12.205538,Moored,2.2,0.0,113.1,181.0,9428396,CQPH,MANISA SOFIA,Cargo,,19.0,137.0,GPS,8.5,DKKOG,25/10/2025 16:00:00,AIS,127.0,10.0,15.0,4.0
26/11/2024 07:59:52,Class A,255802580,55.459658,12.205538,Moored,2.2,0.0,113.1,181.0,9428396,CQPH,MANISA SOFIA,Cargo,,19.0,137.0,GPS,8.5,DKKOG,25/10/2025 16:00:00,AIS,127.0,10.0,15.0,4.0
26/11/2024 07:59:56,Class A,255802580,55.459667,12.205528,Moored,-2.9,0.0,113.1,181.0,9428396,CQPH,MANISA SOFIA,Cargo,,19.0,137.0,GPS,8.5,DKKOG,25/10/2025 16:00:00,AIS,127.0,10.0,15.0,4.0
26/11/2024 07:59:56,Class A,255802580,55.459667,12.205528,Moored,-2.9,0.0,113.1,181.0,9428396,CQPH,MANISA SOFIA,Cargo,,19.0,137.0,GPS,8.5,DKKOG,25/10/2025 16:00:00,AIS,127.0,10.0,15.0,4.0
26/11/2024 07:59:56,Class A,255802580,55.459667,12.205528,Moored,-2.9,0.0,113.1,181.0,9428396,CQPH,MANISA SOFIA,Cargo,,19.0,137.0,GPS,8.5,DKKOG,25/10/2025 16:00:00,AIS,127.0,10.0,15.0,4.0
26/11/2024 08:02:56,Class A,255802580,55.459655,12.205568,Moored,4.5,0.0,113.1,181.0,9428396,CQPH,MANISA SOFIA,Cargo,,19.0,137.0,GPS,8.5,DKKOG,25/10/2025 16:00:00,AIS,127.0,10.0,15.0,4.0
26/11/2024 08:02:56,Class A,255802580,55.459655,12.205568,Moored,4.5,0.0,113.1,181.0,9428396,CQPH,MANISA SOFIA,Cargo,,19.0,137.0,GPS,8.5,DKKOG,25/10/2025 16:00:00,AIS,127.0,10.0,15.0,4.0
26/11/2024 08:08:56,Class A,255802580,55.459655,12.205582,Moored,0.0,0.0,113.1,181.0,9428396,CQPH,MANISA SOFIA,Cargo,,19.0,137.0,GPS,8.5,DKKOG,25/10/2025 16:00:00,AIS,127.0,10.0,15.0,4.0
26/11/2024 08:08:56,Class A,255802580,55.459655,12.205582,Moored,0.0,0.0,113.1,181.0,9428396,CQPH,MANISA SOFIA,Cargo,,19.0,137.0,GPS,8.5,DKKOG,25/10/2025 16:00:00,AIS,127.0,10.0,15.0,4.0
26/11/2024 08:08:56,Class A,255802580,55.459655,12.205582,Moored,0.0,0.0,113.1,181.0,9428396,CQPH,MANISA SOFIA,Cargo,,19.0,137.0,GPS,8.5,DKKOG,25/10/2025 16:00:00,AIS,127.0,10.0,15.0,4.0
26/11/2024 08:11:53,Class A,255802580,55.459655,12.205582,Moored,0.0,0.0,113.1,181.0,9428396,CQPH,MANISA SOFIA,Cargo,,19.0,137.0,GPS,8.5,DKKOG,25/10/2025 16:00:00,AIS,127.0,10.0,15.0,4.0
26/11/2024 08:11:54,Class A,255802580,55.459668,12.205533,Moored,0.0,0.0,113.1,181.0,9428396,CQPH,MANISA SOFIA,Cargo,,19.0,137.0,GPS,8.5,DKKOG,25/10/2025 16:00:00,AIS,127.0,10.0,15.0,4.0
26/11/2024 08:11:54,Class A,255802580,55.459668,12.205533,Moored,0.0,0.0,113.1,181.0,9428396,CQPH,MANISA SOFIA,Cargo,,19.0,137.0,GPS,8.5,DKKOG,25/10/2025 16:00:00,AIS,127.0,10.0,15.0,4.0
26/11/2024 08:11:54,Class A,255802580,55.459668,12.205533,Moored,0.0,0.0,113.1,181.0,9428396,CQPH,MANISA SOFIA,Cargo,,19.0,137.0,GPS,8.5,DKKOG,25/10/2025 16:00:00,AIS,127.0,10.0,15.0,4.0
26/11/2024 08:14:57,Class A,255802580,55.459698,12.205513,Moored,-0.2,0.0,113.1,181.0,9428396,CQPH,MANISA SOFIA,Cargo,,19.0,137.0,GPS,8.5,DKKOG,25/10/2025 16:00:00,AIS,127.0,10.0,15.0,4.0
26/11/2024 08:14:57,Class A,255802580,55.459698,12.205513,Moored,-0.2,0.0,113.1,181.0,9428396,CQPH,MANISA SOFIA,Cargo,,19.0,137.0,GPS,8.5,DKKOG,25/10/2025 16:00:00,AIS,127.0,10.0,15.0,4.0
26/11/2024 08:14:57,Class A,255802580,55.459698,12.205513,Moored,-0.2,0.0,113.1,181.0,9428396,CQPH,MANISA SOFIA,Cargo,,19.0,137.0,GPS,8.5,DKKOG,25/10/2025 16:00:00,AIS,127.0,10.0,15.0,4.0
26/11/2024 08:17:53,Class A,255802580,55.459698,12.205513,Moored,-0.2,0.0,113.1,181.0,9428396,CQPH,MANISA SOFIA,Cargo,,19.0,137.0,GPS,8.5,DKKOG,25/10/2025 16:00:00,AIS,127.0,10.0,15.0,4.0
26/11/2024 08:17:53,Class A,255802580,55.459698,12.205513,Moored,-0.2,0.0,113.1,181.0,9428396,CQPH,MANISA SOFIA,Cargo,,19.0,137.0,GPS,8.5,DKKOG,25/10/2025 16:00:00,AIS,127.0,10.0,15.0,4.0
26/11/2024 08:17:53,Class A,255802580,55.459698,12.205513,Moored,-0.2,0.0,113.1,181.0,9428396,CQPH,MANISA SOFIA,Cargo,,19.0,137.0,GPS,8.5,DKKOG,25/10/2025 16:00:00,AIS,127.0,10.0,15.0,4.0
26/11/2024 08:17:53,Class A,255802580,55.459692,12.205537,Moored,0.0,0.0,113.1,181.0,9428396,CQPH,MANISA SOFIA,Cargo,,19.0,137.0,GPS,8.5,DKKOG,25/10/2025 16:00:00,AIS,127.0,10.0,15.0,4.0
26/11/2024 08:17:53,Class A,255802580,55.459692,12.205537,Moored,0.0,0.0,113.1,181.0,9428396,CQPH,MANISA SOFIA,Cargo,,19.0,137.0,GPS,8.5,DKKOG,25/10/2025 16:00:00,AIS,127.0,10.0,15.0,4.0
26/11/2024 08:17:53,Class A,255802580,55.459692,12.205537,Moored,0.0,0.0,113.1,181.0,9428396,CQPH,MANISA SOFIA,Cargo,,19.0,137.0,GPS,8.5,DKKOG,25/10/2025 16:00:00,AIS,127.0,10.0,15.0,4.0
26/11/2024 08:20:58,Class A,255802580,55.45969,12.205523,Moored,0.4,0.0,113.1,181.0,9428396,CQPH,MANISA SOFIA,Cargo,,19.0,137.0,GPS,8.5,DKKOG,25/10/2025 16:00:00,AIS,127.0,10.0,15.0,4.0
26/11/2024 08:20:58,Class A,255802580,55.45969,12.205523,Moored,0.4,0.0,113.1,181.0,9428396,CQPH,MANISA SOFIA,Cargo,,19.0,137.0,GPS,8.5,DKKOG,25/10/2025 16:00:00,AIS,127.0,10.0,15.0,4.0
26/11/2024 08:20:58,Class A,255802580,55.45969,12.205523,Moored,0.4,0.0,113.1,181.0,9428396,CQPH,MANISA SOFIA,Cargo,,19.0,137.0,GPS,8.5,DKKOG,25/10/2025 16:00:00,AIS,127.0,10.0,15.0,4.0
26/11/2024 08:23:53,Class A,255802580,55.45969,12.205523,Moored,0.4,0.0,113.1,181.0,9428396,CQPH,MANISA SOFIA,Cargo,,19.0,137.0,GPS,8.5,DKKOG,25/10/2025 16:00:00,AIS,127.0,10.0,15.0,4.0
26/11/2024 08:23:53,Class A,255802580,55.45969,12.205523,Moored,0.4,0.0,113.1,181.0,9428396,CQPH,MANISA SOFIA,Cargo,,19.0,137.0,GPS,8.5,DKKOG,25/10/2025 16:00:00,AIS,127.0,10.0,15.0,4.0
26/11/2024 08:23:53,Class A,255802580,55.45969,12.205523,Moored,0.4,0.0,113.1,181.0,9428396,CQPH,MANISA SOFIA,Cargo,,19.0,137.0,GPS,8.5,DKKOG,25/10/2025 16:00:00,AIS,127.0,10.0,15.0,4.0
26/11/2024 08:23:56,Class A,255802580,55.459707,12.205532,Moored,-2.9,0.0,113.1,181.0,9428396,CQPH,MANISA SOFIA,Cargo,,19.0,137.0,GPS,8.5,DKKOG,25/10/2025 16:00:00,AIS,127.0,10.0,15.0,4.0
26/11/2024 08:23:56,Class A,255802580,55.459707,12.205532,Moored,-2.9,0.0,113.1,181.0,9428396,CQPH,MANISA SOFIA,Cargo,,19.0,137.0,GPS,8.5,DKKOG,25/10/2025 16:00:00,AIS,127.0,10.0,15.0,4.0
26/11/2024 08:26:59,Class A,255802580,55.459703,12.205515,Moored,2.2,0.0,113.1,182.0,9428396,CQPH,MANISA SOFIA,Cargo,,19.0,137.0,GPS,8.5,DKKOG,25/10/2025 16:00:00,AIS,127.0,10.0,15.0,4.0
26/11/2024 08:26:59,Class A,255802580,55.459703,12.205515,Moored,2.2,0.0,113.1,182.0,9428396,CQPH,MANISA SOFIA,Cargo,,19.0,137.0,GPS,8.5,DKKOG,25/10/2025 16:00:00,AIS,127.0,10.0,15.0,4.0
26/11/2024 08:26:59,Class A,255802580,55.459703,12.205515,Moored,2.2,0.0,113.1,182.0,9428396,CQPH,MANISA SOFIA,Cargo,,19.0,137.0,GPS,8.5,DKKOG,25/10/2025 16:00:00,AIS,127.0,10.0,15.0,4.0
26/11/2024 08:29:53,Class A,255802580,55.459703,12.205515,Moored,2.2,0.0,113.1,182.0,9428396,CQPH,MANISA SOFIA,Cargo,,19.0,137.0,GPS,8.5,DKKOG,25/10/2025 16:00:00,AIS,127.0,10.0,15.0,4.0
26/11/2024 08:29:56,Class A,255802580,55.459698,12.205497,Moored,2.9,0.0,113.1,182.0,9428396,CQPH,MANISA SOFIA,Cargo,,19.0,137.0,GPS,8.5,DKKOG,25/10/2025 16:00:00,AIS,127.0,10.0,15.0,4.0
26/11/2024 08:29:56,Class A,255802580,55.459698,12.205497,Moored,2.9,0.0,113.1,182.0,9428396,CQPH,MANISA SOFIA,Cargo,,19.0,137.0,GPS,8.5,DKKOG,25/10/2025 16:00:00,AIS,127.0,10.0,15.0,4.0
26/11/2024 08:29:56,Class A,255802580,55.459698,12.205497,Moored,2.9,0.0,113.1,182.0,9428396,CQPH,MANISA SOFIA,Cargo,,19.0,137.0,GPS,8.5,DKKOG,25/10/2025 16:00:00,AIS,127.0,10.0,15.0,4.0
26/11/2024 08:32:51,Class A,255802580,55.459727,12.205513,Moored,2.2,0.0,113.1,182.0,9428396,CQPH,MANISA SOFIA,Cargo,,19.0,137.0,GPS,8.5,DKKOG,25/10/2025 16:00:00,AIS,127.0,10.0,15.0,4.0
26/11/2024 08:32:51,Class A,255802580,55.459727,12.205513,Moored,2.2,0.0,113.1,182.0,9428396,CQPH,MANISA SOFIA,Cargo,,19.0,137.0,GPS,8.5,DKKOG,25/10/2025 16:00:00,AIS,127.0,10.0,15.0,4.0
26/11/2024 08:32:51,Class A,255802580,55.459727,12.205513,Moored,2.2,0.0,113.1,182.0,9428396,CQPH,MANISA SOFIA,Cargo,,19.0,137.0,GPS,8.5,DKKOG,25/10/2025 16:00:00,AIS,127.0,10.0,15.0,4.0
26/11/2024 08:35:53,Class A,255802580,55.459727,12.205513,Moored,2.2,0.0,113.1,182.0,9428396,CQPH,MANISA SOFIA,Cargo,,19.0,137.0,GPS,8.5,DKKOG,25/10/2025 16:00:00,AIS,127.0,10.0,15.0,4.0
26/11/2024 08:35:53,Class A,255802580,55.459727,12.205513,Moored,2.2,0.0,113.1,182.0,9428396,CQPH,MANISA SOFIA,Cargo,,19.0,137.0,GPS,8.5,DKKOG,25/10/2025 16:00:00,AIS,127.0,10.0,15.0,4.0
26/11/2024 08:35:53,Class A,255802580,55.459727,12.205513,Moored,2.2,0.0,113.1,182.0,9428396,CQPH,MANISA SOFIA,Cargo,,19.0,137.0,GPS,8.5,DKKOG,25/10/2025 16:00:00,AIS,127.0,10.0,15.0,4.0
26/11/2024 08:35:58,Class A,255802580,55.459707,12.205522,Moored,-2.2,0.0,113.1,181.0,9428396,CQPH,MANISA SOFIA,Cargo,,19.0,137.0,GPS,8.5,DKKOG,25/10/2025 16:00:00,AIS,127.0,10.0,15.0,4.0
26/11/2024 08:35:58,Class A,255802580,55.459707,12.205522,Moored,-2.2,0.0,113.1,181.0,9428396,CQPH,MANISA SOFIA,Cargo,,19.0,137.0,GPS,8.5,DKKOG,25/10/2025 16:00:00,AIS,127.0,10.0,15.0,4.0
26/11/2024 08:35:58,Class A,255802580,55.459707,12.205522,Moored,-2.2,0.0,113.1,181.0,9428396,CQPH,MANISA SOFIA,Cargo,,19.0,137.0,GPS,8.5,DKKOG,25/10/2025 16:00:00,AIS,127.0,10.0,15.0,4.0
26/11/2024 08:38:56,Class A,255802580,55.459685,12.205533,Moored,-2.2,0.0,113.1,182.0,9428396,CQPH,MANISA SOFIA,Cargo,,19.0,137.0,GPS,8.5,DKKOG,25/10/2025 16:00:00,AIS,127.0,10.0,15.0,4.0
26/11/2024 08:38:56,Class A,255802580,55.459685,12.205533,Moored,-2.2,0.0,113.1,182.0,9428396,CQPH,MANISA SOFIA,Cargo,,19.0,137.0,GPS,8.5,DKKOG,25/10/2025 16:00:00,AIS,127.0,10.0,15.0,4.0
26/11/2024 08:41:53,Class A,255802580,55.459685,12.205533,Moored,-2.2,0.0,113.1,182.0,9428396,CQPH,MANISA SOFIA,Cargo,,19.0,137.0,GPS,8.5,DKKOG,25/10/2025 16:00:00,AIS,127.0,10.0,15.0,4.0
26/11/2024 08:41:53,Class A,255802580,55.459685,12.205533,Moored,-2.2,0.0,113.1,182.0,9428396,CQPH,MANISA SOFIA,Cargo,,19.0,137.0,GPS,8.5,DKKOG,25/10/2025 16:00:00,AIS,127.0,10.0,15.0,4.0
26/11/2024 08:41:53,Class A,255802580,55.459685,12.205533,Moored,-2.2,0.0,113.1,182.0,9428396,CQPH,MANISA SOFIA,Cargo,,19.0,137.0,GPS,8.5,DKKOG,25/10/2025 16:00:00,AIS,127.0,10.0,15.0,4.0
26/11/2024 08:41:58,Class A,255802580,55.459702,12.205525,Moored,-2.2,0.0,113.1,182.0,9428396,CQPH,MANISA SOFIA,Cargo,,19.0,137.0,GPS,8.5,DKKOG,25/10/2025 16:00:00,AIS,127.0,10.0,15.0,4.0
26/11/2024 08:41:58,Class A,255802580,55.459702,12.205525,Moored,-2.2,0.0,113.1,182.0,9428396,CQPH,MANISA SOFIA,Cargo,,19.0,137.0,GPS,8.5,DKKOG,25/10/2025 16:00:00,AIS,127.0,10.0,15.0,4.0
26/11/2024 08:41:58,Class A,255802580,55.459702,12.205525,Moored,-2.2,0.0,113.1,182.0,9428396,CQPH,MANISA SOFIA,Cargo,,19.0,137.0,GPS,8.5,DKKOG,25/10/2025 16:00:00,AIS,127.0,10.0,15.0,4.0
26/11/2024 08:44:54,Class A,255802580,55.459708,12.20551,Moored,3.6,0.0,113.1,182.0,9428396,CQPH,MANISA SOFIA,Cargo,,19.0,137.0,GPS,8.5,DKKOG,25/10/2025 16:00:00,AIS,127.0,10.0,15.0,4.0
26/11/2024 08:44:54,Class A,255802580,55.459708,12.20551,Moored,3.6,0.0,113.1,182.0,9428396,CQPH,MANISA SOFIA,Cargo,,19.0,137.0,GPS,8.5,DKKOG,25/10/2025 16:00:00,AIS,127.0,10.0,15.0,4.0
26/11/2024 08:47:51,Class A,255802580,55.459702,12.2055,Moored,-2.9,0.0,113.1,182.0,9428396,CQPH,MANISA SOFIA,Cargo,,19.0,137.0,GPS,8.5,DKKOG,25/10/2025 16:00:00,AIS,127.0,10.0,15.0,4.0
26/11/2024 08:47:51,Class A,255802580,55.459702,12.2055,Moored,-2.9,0.0,113.1,182.0,9428396,CQPH,MANISA SOFIA,Cargo,,19.0,137.0,GPS,8.5,DKKOG,25/10/2025 16:00:00,AIS,127.0,10.0,15.0,4.0
26/11/2024 08:47:51,Class A,255802580,55.459702,12.2055,Moored,-2.9,0.0,113.1,182.0,9428396,CQPH,MANISA SOFIA,Cargo,,19.0,137.0,GPS,8.5,DKKOG,25/10/2025 16:00:00,AIS,127.0,10.0,15.0,4.0
26/11/2024 08:47:53,Class A,255802580,55.459702,12.2055,Moored,-2.9,0.0,113.1,182.0,9428396,CQPH,MANISA SOFIA,Cargo,,19.0,137.0,GPS,8.5,DKKOG,25/10/2025 16:00:00,AIS,127.0,10.0,15.0,4.0
26/11/2024 08:47:53,Class A,255802580,55.459702,12.2055,Moored,-2.9,0.0,113.1,182.0,9428396,CQPH,MANISA SOFIA,Cargo,,19.0,137.0,GPS,8.5,DKKOG,25/10/2025 16:00:00,AIS,127.0,10.0,15.0,4.0
26/11/2024 08:47:53,Class A,255802580,55.459702,12.2055,Moored,-2.9,0.0,113.1,182.0,9428396,CQPH,MANISA SOFIA,Cargo,,19.0,137.0,GPS,8.5,DKKOG,25/10/2025 16:00:00,AIS,127.0,10.0,15.0,4.0
26/11/2024 08:50:55,Class A,255802580,55.459692,12.205515,Moored,0.2,0.0,113.1,182.0,9428396,CQPH,MANISA SOFIA,Cargo,,19.0,137.0,GPS,8.5,DKKOG,25/10/2025 16:00:00,AIS,127.0,10.0,15.0,4.0
26/11/2024 08:53:53,Class A,255802580,55.459692,12.205515,Moored,0.2,0.0,113.1,182.0,9428396,CQPH,MANISA SOFIA,Cargo,,19.0,137.0,GPS,8.5,DKKOG,25/10/2025 16:00:00,AIS,127.0,10.0,15.0,4.0
26/11/2024 08:53:53,Class A,255802580,55.459692,12.205515,Moored,0.2,0.0,113.1,182.0,9428396,CQPH,MANISA SOFIA,Cargo,,19.0,137.0,GPS,8.5,DKKOG,25/10/2025 16:00:00,AIS,127.0,10.0,15.0,4.0
26/11/2024 08:53:53,Class A,255802580,55.459692,12.205515,Moored,0.2,0.0,113.1,182.0,9428396,CQPH,MANISA SOFIA,Cargo,,19.0,137.0,GPS,8.5,DKKOG,25/10/2025 16:00:00,AIS,127.0,10.0,15.0,4.0
26/11/2024 08:53:54,Class A,255802580,55.459692,12.205522,Moored,-0.0,0.0,113.1,181.0,9428396,CQPH,MANISA SOFIA,Cargo,,19.0,137.0,GPS,8.5,DKKOG,25/10/2025 16:00:00,AIS,127.0,10.0,15.0,4.0
26/11/2024 08:53:54,Class A,255802580,55.459692,12.205522,Moored,-0.0,0.0,113.1,181.0,9428396,CQPH,MANISA SOFIA,Cargo,,19.0,137.0,GPS,8.5,DKKOG,25/10/2025 16:00:00,AIS,127.0,10.0,15.0,4.0
26/11/2024 08:53:54,Class A,255802580,55.459692,12.205522,Moored,-0.0,0.0,113.1,181.0,9428396,CQPH,MANISA SOFIA,Cargo,,19.0,137.0,GPS,8.5,DKKOG,25/10/2025 16:00:00,AIS,127.0,10.0,15.0,4.0
26/11/2024 08:56:54,Class A,255802580,55.4597,12.205515,Moored,-3.6,0.0,113.1,181.0,9428396,CQPH,MANISA SOFIA,Cargo,,19.0,137.0,GPS,8.5,DKKOG,25/10/2025 16:00:00,AIS,127.0,10.0,15.0,4.0
26/11/2024 08:56:54,Class A,255802580,55.4597,12.205515,Moored,-3.6,0.0,113.1,181.0,9428396,CQPH,MANISA SOFIA,Cargo,,19.0,137.0,GPS,8.5,DKKOG,25/10/2025 16:00:00,AIS,127.0,10.0,15.0,4.0
26/11/2024 08:59:53,Class A,255802580,55.4597,12.205515,Moored,-3.6,0.0,113.1,181.0,9428396,CQPH,MANISA SOFIA,Cargo,,19.0,137.0,GPS,8.5,DKKOG,25/10/2025 16:00:00,AIS,127.0,10.0,15.0,4.0
26/11/2024 08:59:53,Class A,255802580,55.4597,12.205515,Moored,-3.6,0.0,113.1,181.0,9428396,CQPH,MANISA SOFIA,Cargo,,19.0,137.0,GPS,8.5,DKKOG,25/10/2025 16:00:00,AIS,127.0,10.0,15.0,4.0
26/11/2024 08:59:53,Class A,255802580,55.4597,12.205515,Moored,-3.6,0.0,113.1,181.0,9428396,CQPH,MANISA SOFIA,Cargo,,19.0,137.0,GPS,8.5,DKKOG,25/10/2025 16:00:00,AIS,127.0,10.0,15.0,4.0
26/11/2024 08:59:53,Class A,255802580,55.459668,12.205527,Moored,-2.2,0.0,113.1,181.0,9428396,CQPH,MANISA SOFIA,Cargo,,19.0,137.0,GPS,8.5,DKKOG,25/10/2025 16:00:00,AIS,127.0,10.0,15.0,4.0
26/11/2024 08:59:53,Class A,255802580,55.459668,12.205527,Moored,-2.2,0.0,113.1,181.0,9428396,CQPH,MANISA SOFIA,Cargo,,19.0,137.0,GPS,8.5,DKKOG,25/10/2025 16:00:00,AIS,127.0,10.0,15.0,4.0
26/11/2024 09:02:53,Class A,255802580,55.459685,12.205512,Moored,-0.7,0.0,113.1,181.0,9428396,CQPH,MANISA SOFIA,Cargo,,19.0,137.0,GPS,8.5,DKKOG,25/10/2025 16:00:00,AIS,127.0,10.0,15.0,4.0
26/11/2024 09:02:53,Class A,255802580,55.459685,12.205512,Moored,-0.7,0.0,113.1,181.0,9428396,CQPH,MANISA SOFIA,Cargo,,19.0,137.0,GPS,8.5,DKKOG,25/10/2025 16:00:00,AIS,127.0,10.0,15.0,4.0
26/11/2024 09:02:53,Class A,255802580,55.459685,12.205512,Moored,-0.7,0.0,113.1,181.0,9428396,CQPH,MANISA SOFIA,Cargo,,19.0,137.0,GPS,8.5,DKKOG,25/10/2025 16:00:00,AIS,127.0,10.0,15.0,4.0
26/11/2024 09:05:53,Class A,255802580,55.459685,12.205512,Moored,-0.7,0.0,113.1,181.0,9428396,CQPH,MANISA SOFIA,Cargo,,19.0,137.0,GPS,8.5,DKKOG,25/10/2025 16:00:00,AIS,127.0,10.0,15.0,4.0
26/11/2024 09:05:53,Class A,255802580,55.459685,12.205512,Moored,-0.7,0.0,113.1,181.0,9428396,CQPH,MANISA SOFIA,Cargo,,19.0,137.0,GPS,8.5,DKKOG,25/10/2025 16:00:00,AIS,127.0,10.0,15.0,4.0
26/11/2024 09:05:53,Class A,255802580,55.459685,12.205512,Moored,-0.7,0.0,113.1,181.0,9428396,CQPH,MANISA SOFIA,Cargo,,19.0,137.0,GPS,8.5,DKKOG,25/10/2025 16:00:00,AIS,127.0,10.0,15.0,4.0
26/11/2024 09:05:54,Class A,255802580,55.459675,12.205495,Moored,-2.2,0.0,113.1,181.0,9428396,CQPH,MANISA SOFIA,Cargo,,19.0,137.0,GPS,8.5,DKKOG,25/10/2025 16:00:00,AIS,127.0,10.0,15.0,4.0
26/11/2024 09:05:54,Class A,255802580,55.459675,12.205495,Moored,-2.2,0.0,113.1,181.0,9428396,CQPH,MANISA SOFIA,Cargo,,19.0,137.0,GPS,8.5,DKKOG,25/10/2025 16:00:00,AIS,127.0,10.0,15.0,4.0
26/11/2024 09:05:54,Class A,255802580,55.459675,12.205495,Moored,-2.2,0.0,113.1,181.0,9428396,CQPH,MANISA SOFIA,Cargo,,19.0,137.0,GPS,8.5,DKKOG,25/10/2025 16:00:00,AIS,127.0,10.0,15.0,4.0
26/11/2024 09:11:52,Class A,255802580,55.459675,12.205495,Moored,-2.2,0.0,113.1,181.0,9428396,CQPH,MANISA SOFIA,Cargo,,19.0,137.0,GPS,8.5,DKKOG,25/10/2025 16:00:00,AIS,127.0,10.0,15.0,4.0
26/11/2024 09:11:53,Class A,255802580,55.459675,12.205495,Moored,-2.2,0.0,113.1,181.0,9428396,CQPH,MANISA SOFIA,Cargo,,19.0,137.0,GPS,8.5,DKKOG,25/10/2025 16:00:00,AIS,127.0,10.0,15.0,4.0
26/11/2024 09:11:56,Class A,255802580,55.459703,12.20551,Moored,-2.2,0.0,113.1,181.0,9428396,CQPH,MANISA SOFIA,Cargo,,19.0,137.0,GPS,8.5,DKKOG,25/10/2025 16:00:00,AIS,127.0,10.0,15.0,4.0
26/11/2024 09:11:56,Class A,255802580,55.459703,12.20551,Moored,-2.2,0.0,113.1,181.0,9428396,CQPH,MANISA SOFIA,Cargo,,19.0,137.0,GPS,8.5,DKKOG,25/10/2025 16:00:00,AIS,127.0,10.0,15.0,4.0
26/11/2024 09:11:56,Class A,255802580,55.459703,12.20551,Moored,-2.2,0.0,113.1,181.0,9428396,CQPH,MANISA SOFIA,Cargo,,19.0,137.0,GPS,8.5,DKKOG,25/10/2025 16:00:00,AIS,127.0,10.0,15.0,4.0
26/11/2024 09:14:56,Class A,255802580,55.459697,12.205507,Moored,3.6,0.0,113.1,181.0,9428396,CQPH,MANISA SOFIA,Cargo,,19.0,137.0,GPS,8.5,DKKOG,25/10/2025 16:00:00,AIS,127.0,10.0,15.0,4.0
26/11/2024 09:14:56,Class A,255802580,55.459697,12.205507,Moored,3.6,0.0,113.1,181.0,9428396,CQPH,MANISA SOFIA,Cargo,,19.0,137.0,GPS,8.5,DKKOG,25/10/2025 16:00:00,AIS,127.0,10.0,15.0,4.0
26/11/2024 09:14:56,Class A,255802580,55.459697,12.205507,Moored,3.6,0.0,113.1,181.0,9428396,CQPH,MANISA SOFIA,Cargo,,19.0,137.0,GPS,8.5,DKKOG,25/10/2025 16:00:00,AIS,127.0,10.0,15.0,4.0
26/11/2024 09:17:52,Class A,255802580,55.459697,12.205507,Moored,3.6,0.0,113.1,181.0,9428396,CQPH,MANISA SOFIA,Cargo,,19.0,137.0,GPS,8.5,DKKOG,25/10/2025 16:00:00,AIS,127.0,10.0,15.0,4.0
26/11/2024 09:17:52,Class A,255802580,55.459697,12.205507,Moored,3.6,0.0,113.1,181.0,9428396,CQPH,MANISA SOFIA,Cargo,,19.0,137.0,GPS,8.5,DKKOG,25/10/2025 16:00:00,AIS,127.0,10.0,15.0,4.0
26/11/2024 09:17:57,Class A,255802580,55.459673,12.205495,Moored,-0.2,0.0,113.1,181.0,9428396,CQPH,MANISA SOFIA,Cargo,,19.0,137.0,GPS,8.5,DKKOG,25/10/2025 16:00:00,AIS,127.0,10.0,15.0,4.0
26/11/2024 09:17:57,Class A,255802580,55.459673,12.205495,Moored,-0.2,0.0,113.1,181.0,9428396,CQPH,MANISA SOFIA,Cargo,,19.0,137.0,GPS,8.5,DKKOG,25/10/2025 16:00:00,AIS,127.0,10.0,15.0,4.0
26/11/2024 09:17:57,Class A,255802580,55.459673,12.205495,Moored,-0.2,0.0,113.1,181.0,9428396,CQPH,MANISA SOFIA,Cargo,,19.0,137.0,GPS,8.5,DKKOG,25/10/2025 16:00:00,AIS,127.0,10.0,15.0,4.0
26/11/2024 09:20:56,Class A,255802580,55.459692,12.20551,Moored,-3.6,0.0,113.1,181.0,9428396,CQPH,MANISA SOFIA,Cargo,,19.0,137.0,GPS,8.5,DKKOG,25/10/2025 16:00:00,AIS,127.0,10.0,15.0,4.0
26/11/2024 09:20:56,Class A,255802580,55.459692,12.20551,Moored,-3.6,0.0,113.1,181.0,9428396,CQPH,MANISA SOFIA,Cargo,,19.0,137.0,GPS,8.5,DKKOG,25/10/2025 16:00:00,AIS,127.0,10.0,15.0,4.0
26/11/2024 09:20:56,Class A,255802580,55.459692,12.20551,Moored,-3.6,0.0,113.1,181.0,9428396,CQPH,MANISA SOFIA,Cargo,,19.0,137.0,GPS,8.5,DKKOG,25/10/2025 16:00:00,AIS,127.0,10.0,15.0,4.0
26/11/2024 09:23:53,Class A,255802580,55.459692,12.20551,Moored,-3.6,0.0,113.1,181.0,9428396,CQPH,MANISA SOFIA,Cargo,,19.0,137.0,GPS,8.5,DKKOG,25/10/2025 16:00:00,AIS,127.0,10.0,15.0,4.0
26/11/2024 09:23:53,Class A,255802580,55.459692,12.20551,Moored,-3.6,0.0,113.1,181.0,9428396,CQPH,MANISA SOFIA,Cargo,,19.0,137.0,GPS,8.5,DKKOG,25/10/2025 16:00:00,AIS,127.0,10.0,15.0,4.0
26/11/2024 09:23:57,Class A,255802580,55.459708,12.205533,Moored,-0.2,0.0,113.1,181.0,9428396,CQPH,MANISA SOFIA,Cargo,,19.0,137.0,GPS,8.5,DKKOG,25/10/2025 16:00:00,AIS,127.0,10.0,15.0,4.0
26/11/2024 09:23:57,Class A,255802580,55.459708,12.205533,Moored,-0.2,0.0,113.1,181.0,9428396,CQPH,MANISA SOFIA,Cargo,,19.0,137.0,GPS,8.5,DKKOG,25/10/2025 16:00:00,AIS,127.0,10.0,15.0,4.0
26/11/2024 09:26:54,Class A,255802580,55.459703,12.20552,Moored,0.4,0.0,113.1,181.0,9428396,CQPH,MANISA SOFIA,Cargo,,19.0,137.0,GPS,8.5,DKKOG,25/10/2025 16:00:00,AIS,127.0,10.0,15.0,4.0
26/11/2024 09:26:54,Class A,255802580,55.459703,12.20552,Moored,0.4,0.0,113.1,181.0,9428396,CQPH,MANISA SOFIA,Cargo,,19.0,137.0,GPS,8.5,DKKOG,25/10/2025 16:00:00,AIS,127.0,10.0,15.0,4.0
26/11/2024 09:26:54,Class A,255802580,55.459703,12.20552,Moored,0.4,0.0,113.1,181.0,9428396,CQPH,MANISA SOFIA,Cargo,,19.0,137.0,GPS,8.5,DKKOG,25/10/2025 16:00:00,AIS,127.0,10.0,15.0,4.0
26/11/2024 09:29:53,Class A,255802580,55.459703,12.20552,Moored,0.4,0.0,113.1,181.0,9428396,CQPH,MANISA SOFIA,Cargo,,19.0,137.0,GPS,8.5,DKKOG,25/10/2025 16:00:00,AIS,127.0,10.0,15.0,4.0
26/11/2024 09:29:53,Class A,255802580,55.459703,12.20552,Moored,0.4,0.0,113.1,181.0,9428396,CQPH,MANISA SOFIA,Cargo,,19.0,137.0,GPS,8.5,DKKOG,25/10/2025 16:00:00,AIS,127.0,10.0,15.0,4.0
26/11/2024 09:29:53,Class A,255802580,55.459703,12.20552,Moored,0.4,0.0,113.1,181.0,9428396,CQPH,MANISA SOFIA,Cargo,,19.0,137.0,GPS,8.5,DKKOG,25/10/2025 16:00:00,AIS,127.0,10.0,15.0,4.0
26/11/2024 09:29:57,Class A,255802580,55.45971,12.20551,Moored,-2.9,0.0,113.1,181.0,9428396,CQPH,MANISA SOFIA,Cargo,,19.0,137.0,GPS,8.5,DKKOG,25/10/2025 16:00:00,AIS,127.0,10.0,15.0,4.0
26/11/2024 09:29:57,Class A,255802580,55.45971,12.20551,Moored,-2.9,0.0,113.1,181.0,9428396,CQPH,MANISA SOFIA,Cargo,,19.0,137.0,GPS,8.5,DKKOG,25/10/2025 16:00:00,AIS,127.0,10.0,15.0,4.0
26/11/2024 09:29:57,Class A,255802580,55.45971,12.20551,Moored,-2.9,0.0,113.1,181.0,9428396,CQPH,MANISA SOFIA,Cargo,,19.0,137.0,GPS,8.5,DKKOG,25/10/2025 16:00:00,AIS,127.0,10.0,15.0,4.0
26/11/2024 09:32:57,Class A,255802580,55.459703,12.20548,Moored,-0.0,0.0,113.1,181.0,9428396,CQPH,MANISA SOFIA,Cargo,,19.0,137.0,GPS,8.5,DKKOG,25/10/2025 16:00:00,AIS,127.0,10.0,15.0,4.0
26/11/2024 09:32:57,Class A,255802580,55.459703,12.20548,Moored,-0.0,0.0,113.1,181.0,9428396,CQPH,MANISA SOFIA,Cargo,,19.0,137.0,GPS,8.5,DKKOG,25/10/2025 16:00:00,AIS,127.0,10.0,15.0,4.0
26/11/2024 09:35:52,Class A,255802580,55.459703,12.20548,Moored,-0.0,0.0,113.1,181.0,9428396,CQPH,MANISA SOFIA,Cargo,,19.0,137.0,GPS,8.5,DKKOG,25/10/2025 16:00:00,AIS,127.0,10.0,15.0,4.0
26/11/2024 09:35:52,Class A,255802580,55.459703,12.20548,Moored,-0.0,0.0,113.1,181.0,9428396,CQPH,MANISA SOFIA,Cargo,,19.0,137.0,GPS,8.5,DKKOG,25/10/2025 16:00:00,AIS,127.0,10.0,15.0,4.0
26/11/2024 09:35:55,Class A,255802580,55.459668,12.205432,Moored,-3.6,0.0,113.1,181.0,9428396,CQPH,MANISA SOFIA,Cargo,,19.0,137.0,GPS,8.5,DKKOG,25/10/2025 16:00:00,AIS,127.0,10.0,15.0,4.0
26/11/2024 09:35:55,Class A,255802580,55.459668,12.205432,Moored,-3.6,0.0,113.1,181.0,9428396,CQPH,MANISA SOFIA,Cargo,,19.0,137.0,GPS,8.5,DKKOG,25/10/2025 16:00:00,AIS,127.0,10.0,15.0,4.0
26/11/2024 09:35:55,Class A,255802580,55.459668,12.205432,Moored,-3.6,0.0,113.1,181.0,9428396,CQPH,MANISA SOFIA,Cargo,,19.0,137.0,GPS,8.5,DKKOG,25/10/2025 16:00:00,AIS,127.0,10.0,15.0,4.0
26/11/2024 09:38:58,Class A,255802580,55.459693,12.205502,Moored,-2.9,0.0,113.1,181.0,9428396,CQPH,MANISA SOFIA,Cargo,,19.0,137.0,GPS,8.5,DKKOG,25/10/2025 16:00:00,AIS,127.0,10.0,15.0,4.0
26/11/2024 09:38:58,Class A,255802580,55.459693,12.205502,Moored,-2.9,0.0,113.1,181.0,9428396,CQPH,MANISA SOFIA,Cargo,,19.0,137.0,GPS,8.5,DKKOG,25/10/2025 16:00:00,AIS,127.0,10.0,15.0,4.0
26/11/2024 09:38:58,Class A,255802580,55.459693,12.205502,Moored,-2.9,0.0,113.1,181.0,9428396,CQPH,MANISA SOFIA,Cargo,,19.0,137.0,GPS,8.5,DKKOG,25/10/2025 16:00:00,AIS,127.0,10.0,15.0,4.0
26/11/2024 09:41:57,Class A,255802580,55.459687,12.205492,Moored,-3.6,0.0,113.1,181.0,9428396,CQPH,MANISA SOFIA,Cargo,,19.0,137.0,GPS,8.5,DKKOG,25/10/2025 16:00:00,AIS,127.0,10.0,15.0,4.0
26/11/2024 09:41:57,Class A,255802580,55.459687,12.205492,Moored,-3.6,0.0,113.1,181.0,9428396,CQPH,MANISA SOFIA,Cargo,,19.0,137.0,GPS,8.5,DKKOG,25/10/2025 16:00:00,AIS,127.0,10.0,15.0,4.0
26/11/2024 09:41:57,Class A,255802580,55.459687,12.205492,Moored,-3.6,0.0,113.1,181.0,9428396,CQPH,MANISA SOFIA,Cargo,,19.0,137.0,GPS,8.5,DKKOG,25/10/2025 16:00:00,AIS,127.0,10.0,15.0,4.0
26/11/2024 09:44:59,Class A,255802580,55.459677,12.205475,Moored,1.6,0.0,113.1,181.0,9428396,CQPH,MANISA SOFIA,Cargo,,19.0,137.0,GPS,8.5,DKKOG,25/10/2025 16:00:00,AIS,127.0,10.0,15.0,4.0
26/11/2024 09:44:59,Class A,255802580,55.459677,12.205475,Moored,1.6,0.0,113.1,181.0,9428396,CQPH,MANISA SOFIA,Cargo,,19.0,137.0,GPS,8.5,DKKOG,25/10/2025 16:00:00,AIS,127.0,10.0,15.0,4.0
26/11/2024 09:44:59,Class A,255802580,55.459677,12.205475,Moored,1.6,0.0,113.1,181.0,9428396,CQPH,MANISA SOFIA,Cargo,,19.0,137.0,GPS,8.5,DKKOG,25/10/2025 16:00:00,AIS,127.0,10.0,15.0,4.0
26/11/2024 09:47:53,Class A,255802580,55.459677,12.205475,Moored,1.6,0.0,113.1,181.0,9428396,CQPH,MANISA SOFIA,Cargo,,19.0,137.0,GPS,8.5,DKKOG,25/10/2025 16:00:00,AIS,127.0,10.0,15.0,4.0
26/11/2024 09:47:53,Class A,255802580,55.459677,12.205475,Moored,1.6,0.0,113.1,181.0,9428396,CQPH,MANISA SOFIA,Cargo,,19.0,137.0,GPS,8.5,DKKOG,25/10/2025 16:00:00,AIS,127.0,10.0,15.0,4.0
26/11/2024 09:47:56,Class A,255802580,55.459707,12.205492,Moored,-4.5,0.0,113.1,181.0,9428396,CQPH,MANISA SOFIA,Cargo,,19.0,137.0,GPS,8.5,DKKOG,25/10/2025 16:00:00,AIS,127.0,10.0,15.0,4.0
26/11/2024 09:47:56,Class A,255802580,55.459707,12.205492,Moored,-4.5,0.0,113.1,181.0,9428396,CQPH,MANISA SOFIA,Cargo,,19.0,137.0,GPS,8.5,DKKOG,25/10/2025 16:00:00,AIS,127.0,10.0,15.0,4.0
26/11/2024 09:53:53,Class A,255802580,55.459707,12.205492,Moored,-4.5,0.0,113.1,181.0,9428396,CQPH,MANISA SOFIA,Cargo,,19.0,137.0,GPS,8.5,DKKOG,25/10/2025 16:00:00,AIS,127.0,10.0,15.0,4.0
26/11/2024 09:53:53,Class A,255802580,55.459707,12.205492,Moored,-4.5,0.0,113.1,181.0,9428396,CQPH,MANISA SOFIA,Cargo,,19.0,137.0,GPS,8.5,DKKOG,25/10/2025 16:00:00,AIS,127.0,10.0,15.0,4.0
26/11/2024 09:53:56,Class A,255802580,55.459692,12.205545,Moored,2.2,0.0,113.1,181.0,9428396,CQPH,MANISA SOFIA,Cargo,,19.0,137.0,GPS,8.5,DKKOG,25/10/2025 16:00:00,AIS,127.0,10.0,15.0,4.0
26/11/2024 09:53:56,Class A,255802580,55.459692,12.205545,Moored,2.2,0.0,113.1,181.0,9428396,CQPH,MANISA SOFIA,Cargo,,19.0,137.0,GPS,8.5,DKKOG,25/10/2025 16:00:00,AIS,127.0,10.0,15.0,4.0
26/11/2024 09:53:56,Class A,255802580,55.459692,12.205545,Moored,2.2,0.0,113.1,181.0,9428396,CQPH,MANISA SOFIA,Cargo,,19.0,137.0,GPS,8.5,DKKOG,25/10/2025 16:00:00,AIS,127.0,10.0,15.0,4.0
26/11/2024 09:57:00,Class A,255802580,55.45968,12.205503,Moored,2.2,0.0,113.1,181.0,9428396,CQPH,MANISA SOFIA,Cargo,,19.0,137.0,GPS,8.5,DKKOG,25/10/2025 16:00:00,AIS,127.0,10.0,15.0,4.0
26/11/2024 09:57:00,Class A,255802580,55.45968,12.205503,Moored,2.2,0.0,113.1,181.0,9428396,CQPH,MANISA SOFIA,Cargo,,19.0,137.0,GPS,8.5,DKKOG,25/10/2025 16:00:00,AIS,127.0,10.0,15.0,4.0
26/11/2024 09:59:53,Class A,255802580,55.45968,12.205503,Moored,2.2,0.0,113.1,181.0,9428396,CQPH,MANISA SOFIA,Cargo,,19.0,137.0,GPS,8.5,DKKOG,25/10/2025 16:00:00,AIS,127.0,10.0,15.0,4.0
26/11/2024 09:59:56,Class A,255802580,55.459693,12.20551,Moored,-0.0,0.0,113.1,181.0,9428396,CQPH,MANISA SOFIA,Cargo,,19.0,137.0,GPS,8.5,DKKOG,25/10/2025 16:00:00,AIS,127.0,10.0,15.0,4.0
26/11/2024 09:59:56,Class A,255802580,55.459693,12.20551,Moored,-0.0,0.0,113.1,181.0,9428396,CQPH,MANISA SOFIA,Cargo,,19.0,137.0,GPS,8.5,DKKOG,25/10/2025 16:00:00,AIS,127.0,10.0,15.0,4.0
26/11/2024 10:03:01,Class A,255802580,55.459698,12.20547,Moored,-0.4,0.0,113.1,181.0,9428396,CQPH,MANISA SOFIA,Cargo,,19.0,137.0,GPS,8.5,DKKOG,25/10/2025 16:00:00,AIS,127.0,10.0,15.0,4.0
26/11/2024 10:03:01,Class A,255802580,55.459698,12.20547,Moored,-0.4,0.0,113.1,181.0,9428396,CQPH,MANISA SOFIA,Cargo,,19.0,137.0,GPS,8.5,DKKOG,25/10/2025 16:00:00,AIS,127.0,10.0,15.0,4.0
26/11/2024 10:03:01,Class A,255802580,55.459698,12.20547,Moored,-0.4,0.0,113.1,181.0,9428396,CQPH,MANISA SOFIA,Cargo,,19.0,137.0,GPS,8.5,DKKOG,25/10/2025 16:00:00,AIS,127.0,10.0,15.0,4.0
26/11/2024 10:05:53,Class A,255802580,55.459698,12.20547,Moored,-0.4,0.0,113.1,181.0,9428396,CQPH,MANISA SOFIA,Cargo,,19.0,137.0,GPS,8.5,DKKOG,25/10/2025 16:00:00,AIS,127.0,10.0,15.0,4.0
26/11/2024 10:05:53,Class A,255802580,55.459698,12.20547,Moored,-0.4,0.0,113.1,181.0,9428396,CQPH,MANISA SOFIA,Cargo,,19.0,137.0,GPS,8.5,DKKOG,25/10/2025 16:00:00,AIS,127.0,10.0,15.0,4.0
26/11/2024 10:05:58,Class A,255802580,55.459677,12.205492,Moored,2.9,0.0,113.1,182.0,9428396,CQPH,MANISA SOFIA,Cargo,,19.0,137.0,GPS,8.5,DKKOG,25/10/2025 16:00:00,AIS,127.0,10.0,15.0,4.0
26/11/2024 10:05:58,Class A,255802580,55.459677,12.205492,Moored,2.9,0.0,113.1,182.0,9428396,CQPH,MANISA SOFIA,Cargo,,19.0,137.0,GPS,8.5,DKKOG,25/10/2025 16:00:00,AIS,127.0,10.0,15.0,4.0
26/11/2024 10:05:58,Class A,255802580,55.459677,12.205492,Moored,2.9,0.0,113.1,182.0,9428396,CQPH,MANISA SOFIA,Cargo,,19.0,137.0,GPS,8.5,DKKOG,25/10/2025 16:00:00,AIS,127.0,10.0,15.0,4.0
26/11/2024 10:08:51,Class A,255802580,55.459695,12.205498,Moored,-3.6,0.0,113.1,181.0,9428396,CQPH,MANISA SOFIA,Cargo,,19.0,137.0,GPS,8.5,DKKOG,25/10/2025 16:00:00,AIS,127.0,10.0,15.0,4.0
26/11/2024 10:08:51,Class A,255802580,55.459695,12.205498,Moored,-3.6,0.0,113.1,181.0,9428396,CQPH,MANISA SOFIA,Cargo,,19.0,137.0,GPS,8.5,DKKOG,25/10/2025 16:00:00,AIS,127.0,10.0,15.0,4.0
26/11/2024 10:11:53,Class A,255802580,55.459695,12.205498,Moored,-3.6,0.0,113.1,181.0,9428396,CQPH,MANISA SOFIA,Cargo,,19.0,137.0,GPS,8.5,DKKOG,25/10/2025 16:00:00,AIS,127.0,10.0,15.0,4.0
26/11/2024 10:11:58,Class A,255802580,55.459697,12.205527,Moored,-0.4,0.0,113.1,181.0,9428396,CQPH,MANISA SOFIA,Cargo,,19.0,137.0,GPS,8.5,DKKOG,25/10/2025 16:00:00,AIS,127.0,10.0,15.0,4.0
26/11/2024 10:11:58,Class A,255802580,55.459697,12.205527,Moored,-0.4,0.0,113.1,181.0,9428396,CQPH,MANISA SOFIA,Cargo,,19.0,137.0,GPS,8.5,DKKOG,25/10/2025 16:00:00,AIS,127.0,10.0,15.0,4.0
26/11/2024 10:11:58,Class A,255802580,55.459697,12.205527,Moored,-0.4,0.0,113.1,181.0,9428396,CQPH,MANISA SOFIA,Cargo,,19.0,137.0,GPS,8.5,DKKOG,25/10/2025 16:00:00,AIS,127.0,10.0,15.0,4.0
26/11/2024 10:14:54,Class A,255802580,55.4597,12.205438,Moored,-3.6,0.0,113.1,181.0,9428396,CQPH,MANISA SOFIA,Cargo,,19.0,137.0,GPS,8.5,DKKOG,25/10/2025 16:00:00,AIS,127.0,10.0,15.0,4.0
26/11/2024 10:14:54,Class A,255802580,55.4597,12.205438,Moored,-3.6,0.0,113.1,181.0,9428396,CQPH,MANISA SOFIA,Cargo,,19.0,137.0,GPS,8.5,DKKOG,25/10/2025 16:00:00,AIS,127.0,10.0,15.0,4.0
26/11/2024 10:14:54,Class A,255802580,55.4597,12.205438,Moored,-3.6,0.0,113.1,181.0,9428396,CQPH,MANISA SOFIA,Cargo,,19.0,137.0,GPS,8.5,DKKOG,25/10/2025 16:00:00,AIS,127.0,10.0,15.0,4.0
26/11/2024 10:17:53,Class A,255802580,55.4597,12.205438,Moored,-3.6,0.0,113.1,181.0,9428396,CQPH,MANISA SOFIA,Cargo,,19.0,137.0,GPS,8.5,DKKOG,25/10/2025 16:00:00,AIS,127.0,10.0,15.0,4.0
26/11/2024 10:17:59,Class A,255802580,55.459697,12.205495,Moored,-0.4,0.0,113.1,181.0,9428396,CQPH,MANISA SOFIA,Cargo,,19.0,137.0,GPS,8.5,DKKOG,25/10/2025 16:00:00,AIS,127.0,10.0,15.0,4.0
26/11/2024 10:17:59,Class A,255802580,55.459697,12.205495,Moored,-0.4,0.0,113.1,181.0,9428396,CQPH,MANISA SOFIA,Cargo,,19.0,137.0,GPS,8.5,DKKOG,25/10/2025 16:00:00,AIS,127.0,10.0,15.0,4.0
26/11/2024 10:17:59,Class A,255802580,55.459697,12.205495,Moored,-0.4,0.0,113.1,181.0,9428396,CQPH,MANISA SOFIA,Cargo,,19.0,137.0,GPS,8.5,DKKOG,25/10/2025 16:00:00,AIS,127.0,10.0,15.0,4.0
26/11/2024 10:20:55,Class A,255802580,55.459685,12.205523,Moored,-0.7,0.0,113.1,181.0,9428396,CQPH,MANISA SOFIA,Cargo,,19.0,137.0,GPS,8.5,DKKOG,25/10/2025 16:00:00,AIS,127.0,10.0,15.0,4.0
26/11/2024 10:20:55,Class A,255802580,55.459685,12.205523,Moored,-0.7,0.0,113.1,181.0,9428396,CQPH,MANISA SOFIA,Cargo,,19.0,137.0,GPS,8.5,DKKOG,25/10/2025 16:00:00,AIS,127.0,10.0,15.0,4.0
26/11/2024 10:20:55,Class A,255802580,55.459685,12.205523,Moored,-0.7,0.0,113.1,181.0,9428396,CQPH,MANISA SOFIA,Cargo,,19.0,137.0,GPS,8.5,DKKOG,25/10/2025 16:00:00,AIS,127.0,10.0,15.0,4.0
26/11/2024 10:23:53,Class A,255802580,55.459685,12.205523,Moored,-0.7,0.0,113.1,181.0,9428396,CQPH,MANISA SOFIA,Cargo,,19.0,137.0,GPS,8.5,DKKOG,25/10/2025 16:00:00,AIS,127.0,10.0,15.0,4.0
26/11/2024 10:23:53,Class A,255802580,55.459685,12.205523,Moored,-0.7,0.0,113.1,181.0,9428396,CQPH,MANISA SOFIA,Cargo,,19.0,137.0,GPS,8.5,DKKOG,25/10/2025 16:00:00,AIS,127.0,10.0,15.0,4.0
26/11/2024 10:23:53,Class A,255802580,55.459685,12.205523,Moored,-0.7,0.0,113.1,181.0,9428396,CQPH,MANISA SOFIA,Cargo,,19.0,137.0,GPS,8.5,DKKOG,25/10/2025 16:00:00,AIS,127.0,10.0,15.0,4.0
26/11/2024 10:23:57,Class A,255802580,55.459685,12.205513,Moored,4.5,0.0,113.1,181.0,9428396,CQPH,MANISA SOFIA,Cargo,,19.0,137.0,GPS,8.5,DKKOG,25/10/2025 16:00:00,AIS,127.0,10.0,15.0,4.0
26/11/2024 10:23:57,Class A,255802580,55.459685,12.205513,Moored,4.5,0.0,113.1,181.0,9428396,CQPH,MANISA SOFIA,Cargo,,19.0,137.0,GPS,8.5,DKKOG,25/10/2025 16:00:00,AIS,127.0,10.0,15.0,4.0
26/11/2024 10:23:57,Class A,255802580,55.459685,12.205513,Moored,4.5,0.0,113.1,181.0,9428396,CQPH,MANISA SOFIA,Cargo,,19.0,137.0,GPS,8.5,DKKOG,25/10/2025 16:00:00,AIS,127.0,10.0,15.0,4.0
26/11/2024 10:26:54,Class A,255802580,55.459685,12.205512,Moored,4.5,0.0,113.1,181.0,9428396,CQPH,MANISA SOFIA,Cargo,,19.0,137.0,GPS,8.5,DKKOG,25/10/2025 16:00:00,AIS,127.0,10.0,15.0,4.0
26/11/2024 10:26:54,Class A,255802580,55.459685,12.205512,Moored,4.5,0.0,113.1,181.0,9428396,CQPH,MANISA SOFIA,Cargo,,19.0,137.0,GPS,8.5,DKKOG,25/10/2025 16:00:00,AIS,127.0,10.0,15.0,4.0
26/11/2024 10:26:54,Class A,255802580,55.459685,12.205512,Moored,4.5,0.0,113.1,181.0,9428396,CQPH,MANISA SOFIA,Cargo,,19.0,137.0,GPS,8.5,DKKOG,25/10/2025 16:00:00,AIS,127.0,10.0,15.0,4.0
26/11/2024 10:29:53,Class A,255802580,55.459685,12.205512,Moored,4.5,0.0,113.1,181.0,9428396,CQPH,MANISA SOFIA,Cargo,,19.0,137.0,GPS,8.5,DKKOG,25/10/2025 16:00:00,AIS,127.0,10.0,15.0,4.0
26/11/2024 10:29:53,Class A,255802580,55.459685,12.205512,Moored,4.5,0.0,113.1,181.0,9428396,CQPH,MANISA SOFIA,Cargo,,19.0,137.0,GPS,8.5,DKKOG,25/10/2025 16:00:00,AIS,127.0,10.0,15.0,4.0
26/11/2024 10:29:59,Class A,255802580,55.459697,12.205495,Moored,3.6,0.0,113.1,181.0,9428396,CQPH,MANISA SOFIA,Cargo,,19.0,137.0,GPS,8.5,DKKOG,25/10/2025 16:00:00,AIS,127.0,10.0,15.0,4.0
26/11/2024 10:29:59,Class A,255802580,55.459697,12.205495,Moored,3.6,0.0,113.1,181.0,9428396,CQPH,MANISA SOFIA,Cargo,,19.0,137.0,GPS,8.5,DKKOG,25/10/2025 16:00:00,AIS,127.0,10.0,15.0,4.0
26/11/2024 10:29:59,Class A,255802580,55.459697,12.205495,Moored,3.6,0.0,113.1,181.0,9428396,CQPH,MANISA SOFIA,Cargo,,19.0,137.0,GPS,8.5,DKKOG,25/10/2025 16:00:00,AIS,127.0,10.0,15.0,4.0
26/11/2024 10:32:54,Class A,255802580,55.45968,12.20551,Moored,-0.4,0.0,113.1,181.0,9428396,CQPH,MANISA SOFIA,Cargo,,19.0,137.0,GPS,8.5,DKKOG,25/10/2025 16:00:00,AIS,127.0,10.0,15.0,4.0
26/11/2024 10:32:54,Class A,255802580,55.45968,12.20551,Moored,-0.4,0.0,113.1,181.0,9428396,CQPH,MANISA SOFIA,Cargo,,19.0,137.0,GPS,8.5,DKKOG,25/10/2025 16:00:00,AIS,127.0,10.0,15.0,4.0
26/11/2024 10:32:54,Class A,255802580,55.45968,12.20551,Moored,-0.4,0.0,113.1,181.0,9428396,CQPH,MANISA SOFIA,Cargo,,19.0,137.0,GPS,8.5,DKKOG,25/10/2025 16:00:00,AIS,127.0,10.0,15.0,4.0
26/11/2024 10:35:53,Class A,255802580,55.45968,12.20551,Moored,-0.4,0.0,113.1,181.0,9428396,CQPH,MANISA SOFIA,Cargo,,19.0,137.0,GPS,8.5,DKKOG,25/10/2025 16:00:00,AIS,127.0,10.0,15.0,4.0
26/11/2024 10:35:53,Class A,255802580,55.45968,12.20551,Moored,-0.4,0.0,113.1,181.0,9428396,CQPH,MANISA SOFIA,Cargo,,19.0,137.0,GPS,8.5,DKKOG,25/10/2025 16:00:00,AIS,127.0,10.0,15.0,4.0
26/11/2024 10:36:01,Class A,255802580,55.45969,12.205528,Moored,0.0,0.0,113.1,181.0,9428396,CQPH,MANISA SOFIA,Cargo,,19.0,137.0,GPS,8.5,DKKOG,25/10/2025 16:00:00,AIS,127.0,10.0,15.0,4.0
26/11/2024 10:36:01,Class A,255802580,55.45969,12.205528,Moored,0.0,0.0,113.1,181.0,9428396,CQPH,MANISA SOFIA,Cargo,,19.0,137.0,GPS,8.5,DKKOG,25/10/2025 16:00:00,AIS,127.0,10.0,15.0,4.0
26/11/2024 10:36:01,Class A,255802580,55.45969,12.205528,Moored,0.0,0.0,113.1,181.0,9428396,CQPH,MANISA SOFIA,Cargo,,19.0,137.0,GPS,8.5,DKKOG,25/10/2025 16:00:00,AIS,127.0,10.0,15.0,4.0
26/11/2024 10:38:55,Class A,255802580,55.459688,12.205515,Moored,-4.5,0.0,113.1,181.0,9428396,CQPH,MANISA SOFIA,Cargo,,19.0,137.0,GPS,8.5,DKKOG,25/10/2025 16:00:00,AIS,127.0,10.0,15.0,4.0
26/11/2024 10:41:51,Class A,255802580,55.459685,12.205488,Moored,3.6,0.0,113.1,181.0,9428396,CQPH,MANISA SOFIA,Cargo,,19.0,137.0,GPS,8.5,DKKOG,25/10/2025 16:00:00,AIS,127.0,10.0,15.0,4.0
26/11/2024 10:41:51,Class A,255802580,55.459685,12.205488,Moored,3.6,0.0,113.1,181.0,9428396,CQPH,MANISA SOFIA,Cargo,,19.0,137.0,GPS,8.5,DKKOG,25/10/2025 16:00:00,AIS,127.0,10.0,15.0,4.0
26/11/2024 10:41:53,Class A,255802580,55.459685,12.205488,Moored,3.6,0.0,113.1,181.0,9428396,CQPH,MANISA SOFIA,Cargo,,19.0,137.0,GPS,8.5,DKKOG,25/10/2025 16:00:00,AIS,127.0,10.0,15.0,4.0
26/11/2024 10:41:53,Class A,255802580,55.459685,12.205488,Moored,3.6,0.0,113.1,181.0,9428396,CQPH,MANISA SOFIA,Cargo,,19.0,137.0,GPS,8.5,DKKOG,25/10/2025 16:00:00,AIS,127.0,10.0,15.0,4.0
26/11/2024 10:41:53,Class A,255802580,55.459685,12.205488,Moored,3.6,0.0,113.1,181.0,9428396,CQPH,MANISA SOFIA,Cargo,,19.0,137.0,GPS,8.5,DKKOG,25/10/2025 16:00:00,AIS,127.0,10.0,15.0,4.0
26/11/2024 10:44:56,Class A,255802580,55.459695,12.205545,Moored,2.2,0.0,113.1,181.0,9428396,CQPH,MANISA SOFIA,Cargo,,19.0,137.0,GPS,8.5,DKKOG,25/10/2025 16:00:00,AIS,127.0,10.0,15.0,4.0
26/11/2024 10:44:56,Class A,255802580,55.459695,12.205545,Moored,2.2,0.0,113.1,181.0,9428396,CQPH,MANISA SOFIA,Cargo,,19.0,137.0,GPS,8.5,DKKOG,25/10/2025 16:00:00,AIS,127.0,10.0,15.0,4.0
26/11/2024 10:44:56,Class A,255802580,55.459695,12.205545,Moored,2.2,0.0,113.1,181.0,9428396,CQPH,MANISA SOFIA,Cargo,,19.0,137.0,GPS,8.5,DKKOG,25/10/2025 16:00:00,AIS,127.0,10.0,15.0,4.0
26/11/2024 10:47:53,Class A,255802580,55.459695,12.205545,Moored,2.2,0.0,113.1,181.0,9428396,CQPH,MANISA SOFIA,Cargo,,19.0,137.0,GPS,8.5,DKKOG,25/10/2025 16:00:00,AIS,127.0,10.0,15.0,4.0
26/11/2024 10:47:54,Class A,255802580,55.459678,12.205492,Moored,2.2,0.0,113.1,181.0,9428396,CQPH,MANISA SOFIA,Cargo,,19.0,137.0,GPS,8.5,DKKOG,25/10/2025 16:00:00,AIS,127.0,10.0,15.0,4.0
26/11/2024 10:50:52,Class A,255802580,55.459698,12.20551,Moored,-2.2,0.0,113.1,181.0,9428396,CQPH,MANISA SOFIA,Cargo,,19.0,137.0,GPS,8.5,DKKOG,25/10/2025 16:00:00,AIS,127.0,10.0,15.0,4.0
26/11/2024 10:50:52,Class A,255802580,55.459698,12.20551,Moored,-2.2,0.0,113.1,181.0,9428396,CQPH,MANISA SOFIA,Cargo,,19.0,137.0,GPS,8.5,DKKOG,25/10/2025 16:00:00,AIS,127.0,10.0,15.0,4.0
26/11/2024 10:50:52,Class A,255802580,55.459698,12.20551,Moored,-2.2,0.0,113.1,181.0,9428396,CQPH,MANISA SOFIA,Cargo,,19.0,137.0,GPS,8.5,DKKOG,25/10/2025 16:00:00,AIS,127.0,10.0,15.0,4.0
26/11/2024 10:53:56,Class A,255802580,55.459725,12.205537,Moored,-0.4,0.0,113.1,181.0,9428396,CQPH,MANISA SOFIA,Cargo,,19.0,137.0,GPS,8.5,DKKOG,25/10/2025 16:00:00,AIS,127.0,10.0,15.0,4.0
26/11/2024 10:53:56,Class A,255802580,55.459725,12.205537,Moored,-0.4,0.0,113.1,181.0,9428396,CQPH,MANISA SOFIA,Cargo,,19.0,137.0,GPS,8.5,DKKOG,25/10/2025 16:00:00,AIS,127.0,10.0,15.0,4.0
26/11/2024 10:56:56,Class A,255802580,55.459718,12.205492,Moored,2.9,0.0,113.1,181.0,9428396,CQPH,MANISA SOFIA,Cargo,,19.0,137.0,GPS,8.5,DKKOG,25/10/2025 16:00:00,AIS,127.0,10.0,15.0,4.0
26/11/2024 10:56:56,Class A,255802580,55.459718,12.205492,Moored,2.9,0.0,113.1,181.0,9428396,CQPH,MANISA SOFIA,Cargo,,19.0,137.0,GPS,8.5,DKKOG,25/10/2025 16:00:00,AIS,127.0,10.0,15.0,4.0
26/11/2024 10:56:56,Class A,255802580,55.459718,12.205492,Moored,2.9,0.0,113.1,181.0,9428396,CQPH,MANISA SOFIA,Cargo,,19.0,137.0,GPS,8.5,DKKOG,25/10/2025 16:00:00,AIS,127.0,10.0,15.0,4.0
26/11/2024 10:59:53,Class A,255802580,55.459718,12.205492,Moored,2.9,0.0,113.1,181.0,9428396,CQPH,MANISA SOFIA,Cargo,,19.0,137.0,GPS,8.5,DKKOG,25/10/2025 16:00:00,AIS,127.0,10.0,15.0,4.0
26/11/2024 10:59:53,Class A,255802580,55.459718,12.205492,Moored,2.9,0.0,113.1,181.0,9428396,CQPH,MANISA SOFIA,Cargo,,19.0,137.0,GPS,8.5,DKKOG,25/10/2025 16:00:00,AIS,127.0,10.0,15.0,4.0
26/11/2024 10:59:53,Class A,255802580,55.459718,12.205492,Moored,2.9,0.0,113.1,181.0,9428396,CQPH,MANISA SOFIA,Cargo,,19.0,137.0,GPS,8.5,DKKOG,25/10/2025 16:00:00,AIS,127.0,10.0,15.0,4.0
26/11/2024 10:59:54,Class A,255802580,55.459705,12.205502,Moored,-2.9,0.0,113.1,181.0,9428396,CQPH,MANISA SOFIA,Cargo,,19.0,137.0,GPS,8.5,DKKOG,25/10/2025 16:00:00,AIS,127.0,10.0,15.0,4.0
26/11/2024 10:59:54,Class A,255802580,55.459705,12.205502,Moored,-2.9,0.0,113.1,181.0,9428396,CQPH,MANISA SOFIA,Cargo,,19.0,137.0,GPS,8.5,DKKOG,25/10/2025 16:00:00,AIS,127.0,10.0,15.0,4.0
26/11/2024 11:02:57,Class A,255802580,55.459703,12.205497,Moored,-0.2,0.0,113.1,182.0,9428396,CQPH,MANISA SOFIA,Cargo,,19.0,137.0,GPS,8.5,DKKOG,25/10/2025 16:00:00,AIS,127.0,10.0,15.0,4.0
26/11/2024 11:02:57,Class A,255802580,55.459703,12.205497,Moored,-0.2,0.0,113.1,182.0,9428396,CQPH,MANISA SOFIA,Cargo,,19.0,137.0,GPS,8.5,DKKOG,25/10/2025 16:00:00,AIS,127.0,10.0,15.0,4.0
26/11/2024 11:02:57,Class A,255802580,55.459703,12.205497,Moored,-0.2,0.0,113.1,182.0,9428396,CQPH,MANISA SOFIA,Cargo,,19.0,137.0,GPS,8.5,DKKOG,25/10/2025 16:00:00,AIS,127.0,10.0,15.0,4.0
26/11/2024 11:05:53,Class A,255802580,55.459703,12.205497,Moored,-0.2,0.0,113.1,182.0,9428396,CQPH,MANISA SOFIA,Cargo,,19.0,137.0,GPS,8.5,DKKOG,25/10/2025 16:00:00,AIS,127.0,10.0,15.0,4.0
26/11/2024 11:05:53,Class A,255802580,55.459703,12.205497,Moored,-0.2,0.0,113.1,182.0,9428396,CQPH,MANISA SOFIA,Cargo,,19.0,137.0,GPS,8.5,DKKOG,25/10/2025 16:00:00,AIS,127.0,10.0,15.0,4.0
26/11/2024 11:05:54,Class A,255802580,55.459703,12.205498,Moored,0.4,0.0,113.1,182.0,9428396,CQPH,MANISA SOFIA,Cargo,,19.0,137.0,GPS,8.5,DKKOG,25/10/2025 16:00:00,AIS,127.0,10.0,15.0,4.0
26/11/2024 11:05:54,Class A,255802580,55.459703,12.205498,Moored,0.4,0.0,113.1,182.0,9428396,CQPH,MANISA SOFIA,Cargo,,19.0,137.0,GPS,8.5,DKKOG,25/10/2025 16:00:00,AIS,127.0,10.0,15.0,4.0
26/11/2024 11:05:54,Class A,255802580,55.459703,12.205498,Moored,0.4,0.0,113.1,182.0,9428396,CQPH,MANISA SOFIA,Cargo,,19.0,137.0,GPS,8.5,DKKOG,25/10/2025 16:00:00,AIS,127.0,10.0,15.0,4.0
26/11/2024 11:08:56,Class A,255802580,55.4597,12.205535,Moored,2.9,0.0,113.1,182.0,9428396,CQPH,MANISA SOFIA,Cargo,,19.0,137.0,GPS,8.5,DKKOG,25/10/2025 16:00:00,AIS,127.0,10.0,15.0,4.0
26/11/2024 11:08:56,Class A,255802580,55.4597,12.205535,Moored,2.9,0.0,113.1,182.0,9428396,CQPH,MANISA SOFIA,Cargo,,19.0,137.0,GPS,8.5,DKKOG,25/10/2025 16:00:00,AIS,127.0,10.0,15.0,4.0
26/11/2024 11:08:56,Class A,255802580,55.4597,12.205535,Moored,2.9,0.0,113.1,182.0,9428396,CQPH,MANISA SOFIA,Cargo,,19.0,137.0,GPS,8.5,DKKOG,25/10/2025 16:00:00,AIS,127.0,10.0,15.0,4.0
26/11/2024 11:11:53,Class A,255802580,55.4597,12.205535,Moored,2.9,0.0,113.1,182.0,9428396,CQPH,MANISA SOFIA,Cargo,,19.0,137.0,GPS,8.5,DKKOG,25/10/2025 16:00:00,AIS,127.0,10.0,15.0,4.0
26/11/2024 11:11:53,Class A,255802580,55.4597,12.205535,Moored,2.9,0.0,113.1,182.0,9428396,CQPH,MANISA SOFIA,Cargo,,19.0,137.0,GPS,8.5,DKKOG,25/10/2025 16:00:00,AIS,127.0,10.0,15.0,4.0
26/11/2024 11:11:55,Class A,255802580,55.459697,12.205527,Moored,-0.2,0.0,113.1,182.0,9428396,CQPH,MANISA SOFIA,Cargo,,19.0,137.0,GPS,8.5,DKKOG,25/10/2025 16:00:00,AIS,127.0,10.0,15.0,4.0
26/11/2024 11:11:55,Class A,255802580,55.459697,12.205527,Moored,-0.2,0.0,113.1,182.0,9428396,CQPH,MANISA SOFIA,Cargo,,19.0,137.0,GPS,8.5,DKKOG,25/10/2025 16:00:00,AIS,127.0,10.0,15.0,4.0
26/11/2024 11:11:55,Class A,255802580,55.459697,12.205527,Moored,-0.2,0.0,113.1,182.0,9428396,CQPH,MANISA SOFIA,Cargo,,19.0,137.0,GPS,8.5,DKKOG,25/10/2025 16:00:00,AIS,127.0,10.0,15.0,4.0
26/11/2024 11:14:56,Class A,255802580,55.45969,12.205492,Moored,0.4,0.0,113.1,182.0,9428396,CQPH,MANISA SOFIA,Cargo,,19.0,137.0,GPS,8.5,DKKOG,25/10/2025 16:00:00,AIS,127.0,10.0,15.0,4.0
26/11/2024 11:14:56,Class A,255802580,55.45969,12.205492,Moored,0.4,0.0,113.1,182.0,9428396,CQPH,MANISA SOFIA,Cargo,,19.0,137.0,GPS,8.5,DKKOG,25/10/2025 16:00:00,AIS,127.0,10.0,15.0,4.0
26/11/2024 11:17:53,Class A,255802580,55.45969,12.205492,Moored,0.4,0.0,113.1,182.0,9428396,CQPH,MANISA SOFIA,Cargo,,19.0,137.0,GPS,8.5,DKKOG,25/10/2025 16:00:00,AIS,127.0,10.0,15.0,4.0
26/11/2024 11:17:53,Class A,255802580,55.45969,12.205492,Moored,0.4,0.0,113.1,182.0,9428396,CQPH,MANISA SOFIA,Cargo,,19.0,137.0,GPS,8.5,DKKOG,25/10/2025 16:00:00,AIS,127.0,10.0,15.0,4.0
26/11/2024 11:17:56,Class A,255802580,55.459673,12.205482,Moored,-5.4,0.0,113.1,182.0,9428396,CQPH,MANISA SOFIA,Cargo,,19.0,137.0,GPS,8.5,DKKOG,25/10/2025 16:00:00,AIS,127.0,10.0,15.0,4.0
26/11/2024 11:17:56,Class A,255802580,55.459673,12.205482,Moored,-5.4,0.0,113.1,182.0,9428396,CQPH,MANISA SOFIA,Cargo,,19.0,137.0,GPS,8.5,DKKOG,25/10/2025 16:00:00,AIS,127.0,10.0,15.0,4.0
26/11/2024 11:17:56,Class A,255802580,55.459673,12.205482,Moored,-5.4,0.0,113.1,182.0,9428396,CQPH,MANISA SOFIA,Cargo,,19.0,137.0,GPS,8.5,DKKOG,25/10/2025 16:00:00,AIS,127.0,10.0,15.0,4.0
26/11/2024 11:20:54,Class A,255802580,55.459673,12.20554,Moored,-1.6,0.0,113.1,182.0,9428396,CQPH,MANISA SOFIA,Cargo,,19.0,137.0,GPS,8.5,DKKOG,25/10/2025 16:00:00,AIS,127.0,10.0,15.0,4.0
26/11/2024 11:20:54,Class A,255802580,55.459673,12.20554,Moored,-1.6,0.0,113.1,182.0,9428396,CQPH,MANISA SOFIA,Cargo,,19.0,137.0,GPS,8.5,DKKOG,25/10/2025 16:00:00,AIS,127.0,10.0,15.0,4.0
26/11/2024 11:23:54,Class A,255802580,55.459673,12.20554,Moored,-1.6,0.0,113.1,182.0,9428396,CQPH,MANISA SOFIA,Cargo,,19.0,137.0,GPS,8.5,DKKOG,25/10/2025 16:00:00,AIS,127.0,10.0,15.0,4.0
26/11/2024 11:23:54,Class A,255802580,55.459673,12.20554,Moored,-1.6,0.0,113.1,182.0,9428396,CQPH,MANISA SOFIA,Cargo,,19.0,137.0,GPS,8.5,DKKOG,25/10/2025 16:00:00,AIS,127.0,10.0,15.0,4.0
26/11/2024 11:23:54,Class A,255802580,55.459673,12.20554,Moored,-1.6,0.0,113.1,182.0,9428396,CQPH,MANISA SOFIA,Cargo,,19.0,137.0,GPS,8.5,DKKOG,25/10/2025 16:00:00,AIS,127.0,10.0,15.0,4.0
26/11/2024 11:23:56,Class A,255802580,55.459697,12.20551,Moored,-2.9,0.0,113.1,182.0,9428396,CQPH,MANISA SOFIA,Cargo,,19.0,137.0,GPS,8.5,DKKOG,25/10/2025 16:00:00,AIS,127.0,10.0,15.0,4.0
26/11/2024 11:23:56,Class A,255802580,55.459697,12.20551,Moored,-2.9,0.0,113.1,182.0,9428396,CQPH,MANISA SOFIA,Cargo,,19.0,137.0,GPS,8.5,DKKOG,25/10/2025 16:00:00,AIS,127.0,10.0,15.0,4.0
26/11/2024 11:23:56,Class A,255802580,55.459697,12.20551,Moored,-2.9,0.0,113.1,182.0,9428396,CQPH,MANISA SOFIA,Cargo,,19.0,137.0,GPS,8.5,DKKOG,25/10/2025 16:00:00,AIS,127.0,10.0,15.0,4.0
26/11/2024 11:26:55,Class A,255802580,55.459685,12.205522,Moored,-0.4,0.0,113.1,182.0,9428396,CQPH,MANISA SOFIA,Cargo,,19.0,137.0,GPS,8.5,DKKOG,25/10/2025 16:00:00,AIS,127.0,10.0,15.0,4.0
26/11/2024 11:26:55,Class A,255802580,55.459685,12.205522,Moored,-0.4,0.0,113.1,182.0,9428396,CQPH,MANISA SOFIA,Cargo,,19.0,137.0,GPS,8.5,DKKOG,25/10/2025 16:00:00,AIS,127.0,10.0,15.0,4.0
26/11/2024 11:26:55,Class A,255802580,55.459685,12.205522,Moored,-0.4,0.0,113.1,182.0,9428396,CQPH,MANISA SOFIA,Cargo,,19.0,137.0,GPS,8.5,DKKOG,25/10/2025 16:00:00,AIS,127.0,10.0,15.0,4.0
26/11/2024 11:29:53,Class A,255802580,55.459685,12.205522,Moored,-0.4,0.0,113.1,182.0,9428396,CQPH,MANISA SOFIA,Cargo,,19.0,137.0,GPS,8.5,DKKOG,25/10/2025 16:00:00,AIS,127.0,10.0,15.0,4.0
26/11/2024 11:29:53,Class A,255802580,55.459685,12.205522,Moored,-0.4,0.0,113.1,182.0,9428396,CQPH,MANISA SOFIA,Cargo,,19.0,137.0,GPS,8.5,DKKOG,25/10/2025 16:00:00,AIS,127.0,10.0,15.0,4.0
26/11/2024 11:29:53,Class A,255802580,55.459685,12.205522,Moored,-0.4,0.0,113.1,182.0,9428396,CQPH,MANISA SOFIA,Cargo,,19.0,137.0,GPS,8.5,DKKOG,25/10/2025 16:00:00,AIS,127.0,10.0,15.0,4.0
26/11/2024 11:29:54,Class A,255802580,55.459692,12.20548,Moored,1.6,0.0,113.1,182.0,9428396,CQPH,MANISA SOFIA,Cargo,,19.0,137.0,GPS,8.5,DKKOG,25/10/2025 16:00:00,AIS,127.0,10.0,15.0,4.0
26/11/2024 11:29:54,Class A,255802580,55.459692,12.20548,Moored,1.6,0.0,113.1,182.0,9428396,CQPH,MANISA SOFIA,Cargo,,19.0,137.0,GPS,8.5,DKKOG,25/10/2025 16:00:00,AIS,127.0,10.0,15.0,4.0
26/11/2024 11:32:57,Class A,255802580,55.459697,12.205528,Moored,2.9,0.0,113.1,182.0,9428396,CQPH,MANISA SOFIA,Cargo,,19.0,137.0,GPS,8.5,DKKOG,25/10/2025 16:00:00,AIS,127.0,10.0,15.0,4.0
26/11/2024 11:32:57,Class A,255802580,55.459697,12.205528,Moored,2.9,0.0,113.1,182.0,9428396,CQPH,MANISA SOFIA,Cargo,,19.0,137.0,GPS,8.5,DKKOG,25/10/2025 16:00:00,AIS,127.0,10.0,15.0,4.0
26/11/2024 11:35:53,Class A,255802580,55.459697,12.205528,Moored,2.9,0.0,113.1,182.0,9428396,CQPH,MANISA SOFIA,Cargo,,19.0,137.0,GPS,8.5,DKKOG,25/10/2025 16:00:00,AIS,127.0,10.0,15.0,4.0
26/11/2024 11:35:53,Class A,255802580,55.459697,12.205528,Moored,2.9,0.0,113.1,182.0,9428396,CQPH,MANISA SOFIA,Cargo,,19.0,137.0,GPS,8.5,DKKOG,25/10/2025 16:00:00,AIS,127.0,10.0,15.0,4.0
26/11/2024 11:35:57,Class A,255802580,55.459678,12.205532,Moored,4.5,0.0,113.1,182.0,9428396,CQPH,MANISA SOFIA,Cargo,,19.0,137.0,GPS,8.5,DKKOG,25/10/2025 16:00:00,AIS,127.0,10.0,15.0,4.0
26/11/2024 11:35:57,Class A,255802580,55.459678,12.205532,Moored,4.5,0.0,113.1,182.0,9428396,CQPH,MANISA SOFIA,Cargo,,19.0,137.0,GPS,8.5,DKKOG,25/10/2025 16:00:00,AIS,127.0,10.0,15.0,4.0
26/11/2024 11:38:59,Class A,255802580,55.459683,12.205483,Moored,-2.9,0.0,113.1,182.0,9428396,CQPH,MANISA SOFIA,Cargo,,19.0,137.0,GPS,8.5,DKKOG,25/10/2025 16:00:00,AIS,127.0,10.0,15.0,4.0
26/11/2024 11:38:59,Class A,255802580,55.459683,12.205483,Moored,-2.9,0.0,113.1,182.0,9428396,CQPH,MANISA SOFIA,Cargo,,19.0,137.0,GPS,8.5,DKKOG,25/10/2025 16:00:00,AIS,127.0,10.0,15.0,4.0
26/11/2024 11:38:59,Class A,255802580,55.459683,12.205483,Moored,-2.9,0.0,113.1,182.0,9428396,CQPH,MANISA SOFIA,Cargo,,19.0,137.0,GPS,8.5,DKKOG,25/10/2025 16:00:00,AIS,127.0,10.0,15.0,4.0
26/11/2024 11:41:53,Class A,255802580,55.459683,12.205483,Moored,-2.9,0.0,113.1,182.0,9428396,CQPH,MANISA SOFIA,Cargo,,19.0,137.0,GPS,8.5,DKKOG,25/10/2025 16:00:00,AIS,127.0,10.0,15.0,4.0
26/11/2024 11:41:53,Class A,255802580,55.459683,12.205483,Moored,-2.9,0.0,113.1,182.0,9428396,CQPH,MANISA SOFIA,Cargo,,19.0,137.0,GPS,8.5,DKKOG,25/10/2025 16:00:00,AIS,127.0,10.0,15.0,4.0
26/11/2024 11:41:58,Class A,255802580,55.459692,12.205525,Moored,-4.5,0.0,113.1,182.0,9428396,CQPH,MANISA SOFIA,Cargo,,19.0,137.0,GPS,8.5,DKKOG,25/10/2025 16:00:00,AIS,127.0,10.0,15.0,4.0
26/11/2024 11:44:57,Class A,255802580,55.459703,12.205492,Moored,-3.6,0.0,113.1,182.0,9428396,CQPH,MANISA SOFIA,Cargo,,19.0,137.0,GPS,8.5,DKKOG,25/10/2025 16:00:00,AIS,127.0,10.0,15.0,4.0
26/11/2024 11:44:57,Class A,255802580,55.459703,12.205492,Moored,-3.6,0.0,113.1,182.0,9428396,CQPH,MANISA SOFIA,Cargo,,19.0,137.0,GPS,8.5,DKKOG,25/10/2025 16:00:00,AIS,127.0,10.0,15.0,4.0
26/11/2024 11:44:57,Class A,255802580,55.459703,12.205492,Moored,-3.6,0.0,113.1,182.0,9428396,CQPH,MANISA SOFIA,Cargo,,19.0,137.0,GPS,8.5,DKKOG,25/10/2025 16:00:00,AIS,127.0,10.0,15.0,4.0
26/11/2024 11:47:53,Class A,255802580,55.459703,12.205492,Moored,-3.6,0.0,113.1,182.0,9428396,CQPH,MANISA SOFIA,Cargo,,19.0,137.0,GPS,8.5,DKKOG,25/10/2025 16:00:00,AIS,127.0,10.0,15.0,4.0
26/11/2024 11:47:53,Class A,255802580,55.459703,12.205492,Moored,-3.6,0.0,113.1,182.0,9428396,CQPH,MANISA SOFIA,Cargo,,19.0,137.0,GPS,8.5,DKKOG,25/10/2025 16:00:00,AIS,127.0,10.0,15.0,4.0
26/11/2024 11:47:53,Class A,255802580,55.459703,12.205492,Moored,-3.6,0.0,113.1,182.0,9428396,CQPH,MANISA SOFIA,Cargo,,19.0,137.0,GPS,8.5,DKKOG,25/10/2025 16:00:00,AIS,127.0,10.0,15.0,4.0
26/11/2024 11:47:59,Class A,255802580,55.459688,12.205492,Moored,2.9,0.0,113.1,182.0,9428396,CQPH,MANISA SOFIA,Cargo,,19.0,137.0,GPS,8.5,DKKOG,25/10/2025 16:00:00,AIS,127.0,10.0,15.0,4.0
26/11/2024 11:47:59,Class A,255802580,55.459688,12.205492,Moored,2.9,0.0,113.1,182.0,9428396,CQPH,MANISA SOFIA,Cargo,,19.0,137.0,GPS,8.5,DKKOG,25/10/2025 16:00:00,AIS,127.0,10.0,15.0,4.0
26/11/2024 11:50:56,Class A,255802580,55.459662,12.205495,Moored,3.6,0.0,113.1,181.0,9428396,CQPH,MANISA SOFIA,Cargo,,19.0,137.0,GPS,8.5,DKKOG,25/10/2025 16:00:00,AIS,127.0,10.0,15.0,4.0
26/11/2024 11:50:56,Class A,255802580,55.459662,12.205495,Moored,3.6,0.0,113.1,181.0,9428396,CQPH,MANISA SOFIA,Cargo,,19.0,137.0,GPS,8.5,DKKOG,25/10/2025 16:00:00,AIS,127.0,10.0,15.0,4.0
26/11/2024 11:53:53,Class A,255802580,55.459662,12.205495,Moored,3.6,0.0,113.1,181.0,9428396,CQPH,MANISA SOFIA,Cargo,,19.0,137.0,GPS,8.5,DKKOG,25/10/2025 16:00:00,AIS,127.0,10.0,15.0,4.0
26/11/2024 11:53:53,Class A,255802580,55.459662,12.205495,Moored,3.6,0.0,113.1,181.0,9428396,CQPH,MANISA SOFIA,Cargo,,19.0,137.0,GPS,8.5,DKKOG,25/10/2025 16:00:00,AIS,127.0,10.0,15.0,4.0
26/11/2024 11:53:58,Class A,255802580,55.45968,12.205495,Moored,-0.2,0.0,113.1,181.0,9428396,CQPH,MANISA SOFIA,Cargo,,19.0,137.0,GPS,8.5,DKKOG,25/10/2025 16:00:00,AIS,127.0,10.0,15.0,4.0
26/11/2024 11:53:58,Class A,255802580,55.45968,12.205495,Moored,-0.2,0.0,113.1,181.0,9428396,CQPH,MANISA SOFIA,Cargo,,19.0,137.0,GPS,8.5,DKKOG,25/10/2025 16:00:00,AIS,127.0,10.0,15.0,4.0
26/11/2024 11:53:58,Class A,255802580,55.45968,12.205495,Moored,-0.2,0.0,113.1,181.0,9428396,CQPH,MANISA SOFIA,Cargo,,19.0,137.0,GPS,8.5,DKKOG,25/10/2025 16:00:00,AIS,127.0,10.0,15.0,4.0
26/11/2024 11:56:54,Class A,255802580,55.459685,12.20551,Moored,-2.2,0.0,113.1,181.0,9428396,CQPH,MANISA SOFIA,Cargo,,19.0,137.0,GPS,8.5,DKKOG,25/10/2025 16:00:00,AIS,127.0,10.0,15.0,4.0
26/11/2024 11:56:54,Class A,255802580,55.459685,12.20551,Moored,-2.2,0.0,113.1,181.0,9428396,CQPH,MANISA SOFIA,Cargo,,19.0,137.0,GPS,8.5,DKKOG,25/10/2025 16:00:00,AIS,127.0,10.0,15.0,4.0
26/11/2024 11:56:55,Class A,255802580,55.459685,12.20551,Moored,-2.2,0.0,113.1,181.0,9428396,CQPH,MANISA SOFIA,Cargo,,19.0,137.0,GPS,8.5,DKKOG,25/10/2025 16:00:00,AIS,127.0,10.0,15.0,4.0
26/11/2024 11:59:53,Class A,255802580,55.459685,12.20551,Moored,-2.2,0.0,113.1,181.0,9428396,CQPH,MANISA SOFIA,Cargo,,19.0,137.0,GPS,8.5,DKKOG,25/10/2025 16:00:00,AIS,127.0,10.0,15.0,4.0
26/11/2024 11:59:53,Class A,255802580,55.459685,12.20551,Moored,-2.2,0.0,113.1,181.0,9428396,CQPH,MANISA SOFIA,Cargo,,19.0,137.0,GPS,8.5,DKKOG,25/10/2025 16:00:00,AIS,127.0,10.0,15.0,4.0
26/11/2024 11:59:58,Class A,255802580,55.459667,12.205527,Moored,-0.7,0.0,113.1,181.0,9428396,CQPH,MANISA SOFIA,Cargo,,19.0,137.0,GPS,8.5,DKKOG,25/10/2025 16:00:00,AIS,127.0,10.0,15.0,4.0
26/11/2024 11:59:58,Class A,255802580,55.459667,12.205527,Moored,-0.7,0.0,113.1,181.0,9428396,CQPH,MANISA SOFIA,Cargo,,19.0,137.0,GPS,8.5,DKKOG,25/10/2025 16:00:00,AIS,127.0,10.0,15.0,4.0
26/11/2024 11:59:58,Class A,255802580,55.459667,12.205527,Moored,-0.7,0.0,113.1,181.0,9428396,CQPH,MANISA SOFIA,Cargo,,19.0,137.0,GPS,8.5,DKKOG,25/10/2025 16:00:00,AIS,127.0,10.0,15.0,4.0
26/11/2024 12:02:56,Class A,255802580,55.459677,12.205492,Moored,0.4,0.0,113.1,181.0,9428396,CQPH,MANISA SOFIA,Cargo,,19.0,137.0,GPS,8.5,DKKOG,25/10/2025 16:00:00,AIS,127.0,10.0,15.0,4.0
26/11/2024 12:02:56,Class A,255802580,55.459677,12.205492,Moored,0.4,0.0,113.1,181.0,9428396,CQPH,MANISA SOFIA,Cargo,,19.0,137.0,GPS,8.5,DKKOG,25/10/2025 16:00:00,AIS,127.0,10.0,15.0,4.0
26/11/2024 12:02:56,Class A,255802580,55.459677,12.205492,Moored,0.4,0.0,113.1,181.0,9428396,CQPH,MANISA SOFIA,Cargo,,19.0,137.0,GPS,8.5,DKKOG,25/10/2025 16:00:00,AIS,127.0,10.0,15.0,4.0
26/11/2024 12:06:00,Class A,255802580,55.459703,12.2055,Moored,-2.9,0.0,113.1,181.0,9428396,CQPH,MANISA SOFIA,Cargo,,19.0,137.0,GPS,8.5,DKKOG,25/10/2025 16:00:00,AIS,127.0,10.0,15.0,4.0
26/11/2024 12:06:00,Class A,255802580,55.459703,12.2055,Moored,-2.9,0.0,113.1,181.0,9428396,CQPH,MANISA SOFIA,Cargo,,19.0,137.0,GPS,8.5,DKKOG,25/10/2025 16:00:00,AIS,127.0,10.0,15.0,4.0
26/11/2024 12:06:00,Class A,255802580,55.459703,12.2055,Moored,-2.9,0.0,113.1,181.0,9428396,CQPH,MANISA SOFIA,Cargo,,19.0,137.0,GPS,8.5,DKKOG,25/10/2025 16:00:00,AIS,127.0,10.0,15.0,4.0
26/11/2024 12:08:55,Class A,255802580,55.459677,12.205518,Moored,-0.2,0.0,113.1,181.0,9428396,CQPH,MANISA SOFIA,Cargo,,19.0,137.0,GPS,8.5,DKKOG,25/10/2025 16:00:00,AIS,127.0,10.0,15.0,4.0
26/11/2024 12:11:53,Class A,255802580,55.459677,12.205518,Moored,-0.2,0.0,113.1,181.0,9428396,CQPH,MANISA SOFIA,Cargo,,19.0,137.0,GPS,8.5,DKKOG,25/10/2025 16:00:00,AIS,127.0,10.0,15.0,4.0
26/11/2024 12:11:53,Class A,255802580,55.459677,12.205518,Moored,-0.2,0.0,113.1,181.0,9428396,CQPH,MANISA SOFIA,Cargo,,19.0,137.0,GPS,8.5,DKKOG,25/10/2025 16:00:00,AIS,127.0,10.0,15.0,4.0
26/11/2024 12:12:00,Class A,255802580,55.45968,12.20552,Moored,2.9,0.0,113.1,181.0,9428396,CQPH,MANISA SOFIA,Cargo,,19.0,137.0,GPS,8.5,DKKOG,25/10/2025 16:00:00,AIS,127.0,10.0,15.0,4.0
26/11/2024 12:12:00,Class A,255802580,55.45968,12.20552,Moored,2.9,0.0,113.1,181.0,9428396,CQPH,MANISA SOFIA,Cargo,,19.0,137.0,GPS,8.5,DKKOG,25/10/2025 16:00:00,AIS,127.0,10.0,15.0,4.0
26/11/2024 12:12:00,Class A,255802580,55.45968,12.20552,Moored,2.9,0.0,113.1,181.0,9428396,CQPH,MANISA SOFIA,Cargo,,19.0,137.0,GPS,8.5,DKKOG,25/10/2025 16:00:00,AIS,127.0,10.0,15.0,4.0
26/11/2024 12:14:57,Class A,255802580,55.459722,12.205523,Moored,-4.5,0.0,113.1,181.0,9428396,CQPH,MANISA SOFIA,Cargo,,19.0,137.0,GPS,8.5,DKKOG,25/10/2025 16:00:00,AIS,127.0,10.0,15.0,4.0
26/11/2024 12:14:57,Class A,255802580,55.459722,12.205523,Moored,-4.5,0.0,113.1,181.0,9428396,CQPH,MANISA SOFIA,Cargo,,19.0,137.0,GPS,8.5,DKKOG,25/10/2025 16:00:00,AIS,127.0,10.0,15.0,4.0
26/11/2024 12:14:57,Class A,255802580,55.459722,12.205523,Moored,-4.5,0.0,113.1,181.0,9428396,CQPH,MANISA SOFIA,Cargo,,19.0,137.0,GPS,8.5,DKKOG,25/10/2025 16:00:00,AIS,127.0,10.0,15.0,4.0
26/11/2024 12:17:53,Class A,255802580,55.459722,12.205523,Moored,-4.5,0.0,113.1,181.0,9428396,CQPH,MANISA SOFIA,Cargo,,19.0,137.0,GPS,8.5,DKKOG,25/10/2025 16:00:00,AIS,127.0,10.0,15.0,4.0
26/11/2024 12:17:53,Class A,255802580,55.459722,12.205523,Moored,-4.5,0.0,113.1,181.0,9428396,CQPH,MANISA SOFIA,Cargo,,19.0,137.0,GPS,8.5,DKKOG,25/10/2025 16:00:00,AIS,127.0,10.0,15.0,4.0
26/11/2024 12:18:02,Class A,255802580,55.459677,12.205525,Moored,3.6,0.0,113.1,181.0,9428396,CQPH,MANISA SOFIA,Cargo,,19.0,137.0,GPS,8.5,DKKOG,25/10/2025 16:00:00,AIS,127.0,10.0,15.0,4.0
26/11/2024 12:18:02,Class A,255802580,55.459677,12.205525,Moored,3.6,0.0,113.1,181.0,9428396,CQPH,MANISA SOFIA,Cargo,,19.0,137.0,GPS,8.5,DKKOG,25/10/2025 16:00:00,AIS,127.0,10.0,15.0,4.0
26/11/2024 12:18:02,Class A,255802580,55.459677,12.205525,Moored,3.6,0.0,113.1,181.0,9428396,CQPH,MANISA SOFIA,Cargo,,19.0,137.0,GPS,8.5,DKKOG,25/10/2025 16:00:00,AIS,127.0,10.0,15.0,4.0
26/11/2024 12:20:59,Class A,255802580,55.459673,12.20545,Moored,2.9,0.0,113.1,181.0,9428396,CQPH,MANISA SOFIA,Cargo,,19.0,137.0,GPS,8.5,DKKOG,25/10/2025 16:00:00,AIS,127.0,10.0,15.0,4.0
26/11/2024 12:20:59,Class A,255802580,55.459673,12.20545,Moored,2.9,0.0,113.1,181.0,9428396,CQPH,MANISA SOFIA,Cargo,,19.0,137.0,GPS,8.5,DKKOG,25/10/2025 16:00:00,AIS,127.0,10.0,15.0,4.0
26/11/2024 12:23:52,Class A,255802580,55.45971,12.205527,Moored,2.9,0.0,113.1,181.0,9428396,CQPH,MANISA SOFIA,Cargo,,19.0,137.0,GPS,8.5,DKKOG,25/10/2025 16:00:00,AIS,127.0,10.0,15.0,4.0
26/11/2024 12:23:52,Class A,255802580,55.45971,12.205527,Moored,2.9,0.0,113.1,181.0,9428396,CQPH,MANISA SOFIA,Cargo,,19.0,137.0,GPS,8.5,DKKOG,25/10/2025 16:00:00,AIS,127.0,10.0,15.0,4.0
26/11/2024 12:23:52,Class A,255802580,55.45971,12.205527,Moored,2.9,0.0,113.1,181.0,9428396,CQPH,MANISA SOFIA,Cargo,,19.0,137.0,GPS,8.5,DKKOG,25/10/2025 16:00:00,AIS,127.0,10.0,15.0,4.0
26/11/2024 12:23:53,Class A,255802580,55.45971,12.205527,Moored,2.9,0.0,113.1,181.0,9428396,CQPH,MANISA SOFIA,Cargo,,19.0,137.0,GPS,8.5,DKKOG,25/10/2025 16:00:00,AIS,127.0,10.0,15.0,4.0
26/11/2024 12:23:53,Class A,255802580,55.45971,12.205527,Moored,2.9,0.0,113.1,181.0,9428396,CQPH,MANISA SOFIA,Cargo,,19.0,137.0,GPS,8.5,DKKOG,25/10/2025 16:00:00,AIS,127.0,10.0,15.0,4.0
26/11/2024 12:23:53,Class A,255802580,55.45971,12.205527,Moored,2.9,0.0,113.1,181.0,9428396,CQPH,MANISA SOFIA,Cargo,,19.0,137.0,GPS,8.5,DKKOG,25/10/2025 16:00:00,AIS,127.0,10.0,15.0,4.0
26/11/2024 12:26:58,Class A,255802580,55.459692,12.205498,Moored,3.6,0.0,113.1,181.0,9428396,CQPH,MANISA SOFIA,Cargo,,19.0,137.0,GPS,8.5,DKKOG,25/10/2025 16:00:00,AIS,127.0,10.0,15.0,4.0
26/11/2024 12:26:58,Class A,255802580,55.459692,12.205498,Moored,3.6,0.0,113.1,181.0,9428396,CQPH,MANISA SOFIA,Cargo,,19.0,137.0,GPS,8.5,DKKOG,25/10/2025 16:00:00,AIS,127.0,10.0,15.0,4.0
26/11/2024 12:29:53,Class A,255802580,55.459692,12.205498,Moored,3.6,0.0,113.1,181.0,9428396,CQPH,MANISA SOFIA,Cargo,,19.0,137.0,GPS,8.5,DKKOG,25/10/2025 16:00:00,AIS,127.0,10.0,15.0,4.0
26/11/2024 12:29:53,Class A,255802580,55.459692,12.205498,Moored,3.6,0.0,113.1,181.0,9428396,CQPH,MANISA SOFIA,Cargo,,19.0,137.0,GPS,8.5,DKKOG,25/10/2025 16:00:00,AIS,127.0,10.0,15.0,4.0
26/11/2024 12:29:54,Class A,255802580,55.459685,12.2055,Moored,-2.9,0.0,113.1,181.0,9428396,CQPH,MANISA SOFIA,Cargo,,19.0,137.0,GPS,8.5,DKKOG,25/10/2025 16:00:00,AIS,127.0,10.0,15.0,4.0
26/11/2024 12:29:54,Class A,255802580,55.459685,12.2055,Moored,-2.9,0.0,113.1,181.0,9428396,CQPH,MANISA SOFIA,Cargo,,19.0,137.0,GPS,8.5,DKKOG,25/10/2025 16:00:00,AIS,127.0,10.0,15.0,4.0
26/11/2024 12:29:54,Class A,255802580,55.459685,12.2055,Moored,-2.9,0.0,113.1,181.0,9428396,CQPH,MANISA SOFIA,Cargo,,19.0,137.0,GPS,8.5,DKKOG,25/10/2025 16:00:00,AIS,127.0,10.0,15.0,4.0
26/11/2024 12:32:58,Class A,255802580,55.459687,12.205495,Moored,1.6,0.0,113.1,181.0,9428396,CQPH,MANISA SOFIA,Cargo,,19.0,137.0,GPS,8.5,DKKOG,25/10/2025 16:00:00,AIS,127.0,10.0,15.0,4.0
26/11/2024 12:32:58,Class A,255802580,55.459687,12.205495,Moored,1.6,0.0,113.1,181.0,9428396,CQPH,MANISA SOFIA,Cargo,,19.0,137.0,GPS,8.5,DKKOG,25/10/2025 16:00:00,AIS,127.0,10.0,15.0,4.0
26/11/2024 12:35:53,Class A,255802580,55.459687,12.205495,Moored,1.6,0.0,113.1,181.0,9428396,CQPH,MANISA SOFIA,Cargo,,19.0,137.0,GPS,8.5,DKKOG,25/10/2025 16:00:00,AIS,127.0,10.0,15.0,4.0
26/11/2024 12:35:56,Class A,255802580,55.459692,12.205528,Moored,2.2,0.0,113.1,181.0,9428396,CQPH,MANISA SOFIA,Cargo,,19.0,137.0,GPS,8.5,DKKOG,25/10/2025 16:00:00,AIS,127.0,10.0,15.0,4.0
26/11/2024 12:35:56,Class A,255802580,55.459692,12.205528,Moored,2.2,0.0,113.1,181.0,9428396,CQPH,MANISA SOFIA,Cargo,,19.0,137.0,GPS,8.5,DKKOG,25/10/2025 16:00:00,AIS,127.0,10.0,15.0,4.0
26/11/2024 12:35:56,Class A,255802580,55.459692,12.205528,Moored,2.2,0.0,113.1,181.0,9428396,CQPH,MANISA SOFIA,Cargo,,19.0,137.0,GPS,8.5,DKKOG,25/10/2025 16:00:00,AIS,127.0,10.0,15.0,4.0
26/11/2024 12:38:59,Class A,255802580,55.459688,12.205517,Moored,-2.2,0.0,113.1,181.0,9428396,CQPH,MANISA SOFIA,Cargo,,19.0,137.0,GPS,8.5,DKKOG,25/10/2025 16:00:00,AIS,127.0,10.0,15.0,4.0
26/11/2024 12:38:59,Class A,255802580,55.459688,12.205517,Moored,-2.2,0.0,113.1,181.0,9428396,CQPH,MANISA SOFIA,Cargo,,19.0,137.0,GPS,8.5,DKKOG,25/10/2025 16:00:00,AIS,127.0,10.0,15.0,4.0
26/11/2024 12:41:53,Class A,255802580,55.459688,12.205517,Moored,-2.2,0.0,113.1,181.0,9428396,CQPH,MANISA SOFIA,Cargo,,19.0,137.0,GPS,8.5,DKKOG,25/10/2025 16:00:00,AIS,127.0,10.0,15.0,4.0
26/11/2024 12:41:53,Class A,255802580,55.459688,12.205517,Moored,-2.2,0.0,113.1,181.0,9428396,CQPH,MANISA SOFIA,Cargo,,19.0,137.0,GPS,8.5,DKKOG,25/10/2025 16:00:00,AIS,127.0,10.0,15.0,4.0
26/11/2024 12:41:53,Class A,255802580,55.459688,12.205517,Moored,-2.2,0.0,113.1,181.0,9428396,CQPH,MANISA SOFIA,Cargo,,19.0,137.0,GPS,8.5,DKKOG,25/10/2025 16:00:00,AIS,127.0,10.0,15.0,4.0
26/11/2024 12:41:56,Class A,255802580,55.459692,12.205467,Moored,4.5,0.0,113.1,181.0,9428396,CQPH,MANISA SOFIA,Cargo,,19.0,137.0,GPS,8.5,DKKOG,25/10/2025 16:00:00,AIS,127.0,10.0,15.0,4.0
26/11/2024 12:41:56,Class A,255802580,55.459692,12.205467,Moored,4.5,0.0,113.1,181.0,9428396,CQPH,MANISA SOFIA,Cargo,,19.0,137.0,GPS,8.5,DKKOG,25/10/2025 16:00:00,AIS,127.0,10.0,15.0,4.0
26/11/2024 12:41:56,Class A,255802580,55.459692,12.205467,Moored,4.5,0.0,113.1,181.0,9428396,CQPH,MANISA SOFIA,Cargo,,19.0,137.0,GPS,8.5,DKKOG,25/10/2025 16:00:00,AIS,127.0,10.0,15.0,4.0
26/11/2024 12:47:53,Class A,255802580,55.459692,12.205467,Moored,4.5,0.0,113.1,181.0,9428396,CQPH,MANISA SOFIA,Cargo,,19.0,137.0,GPS,8.5,DKKOG,25/10/2025 16:00:00,AIS,127.0,10.0,15.0,4.0
26/11/2024 12:47:53,Class A,255802580,55.459692,12.205467,Moored,4.5,0.0,113.1,181.0,9428396,CQPH,MANISA SOFIA,Cargo,,19.0,137.0,GPS,8.5,DKKOG,25/10/2025 16:00:00,AIS,127.0,10.0,15.0,4.0
26/11/2024 12:47:55,Class A,255802580,55.459667,12.205485,Moored,3.6,0.0,113.1,181.0,9428396,CQPH,MANISA SOFIA,Cargo,,19.0,137.0,GPS,8.5,DKKOG,25/10/2025 16:00:00,AIS,127.0,10.0,15.0,4.0
26/11/2024 12:47:55,Class A,255802580,55.459667,12.205485,Moored,3.6,0.0,113.1,181.0,9428396,CQPH,MANISA SOFIA,Cargo,,19.0,137.0,GPS,8.5,DKKOG,25/10/2025 16:00:00,AIS,127.0,10.0,15.0,4.0
26/11/2024 12:51:00,Class A,255802580,55.45967,12.205507,Moored,-3.6,0.0,113.1,181.0,9428396,CQPH,MANISA SOFIA,Cargo,,19.0,137.0,GPS,8.5,DKKOG,25/10/2025 16:00:00,AIS,127.0,10.0,15.0,4.0
26/11/2024 12:51:00,Class A,255802580,55.45967,12.205507,Moored,-3.6,0.0,113.1,181.0,9428396,CQPH,MANISA SOFIA,Cargo,,19.0,137.0,GPS,8.5,DKKOG,25/10/2025 16:00:00,AIS,127.0,10.0,15.0,4.0
26/11/2024 12:51:00,Class A,255802580,55.45967,12.205507,Moored,-3.6,0.0,113.1,181.0,9428396,CQPH,MANISA SOFIA,Cargo,,19.0,137.0,GPS,8.5,DKKOG,25/10/2025 16:00:00,AIS,127.0,10.0,15.0,4.0
26/11/2024 12:53:53,Class A,255802580,55.45967,12.205507,Moored,-3.6,0.0,113.1,181.0,9428396,CQPH,MANISA SOFIA,Cargo,,19.0,137.0,GPS,8.5,DKKOG,25/10/2025 16:00:00,AIS,127.0,10.0,15.0,4.0
26/11/2024 12:53:53,Class A,255802580,55.45967,12.205507,Moored,-3.6,0.0,113.1,181.0,9428396,CQPH,MANISA SOFIA,Cargo,,19.0,137.0,GPS,8.5,DKKOG,25/10/2025 16:00:00,AIS,127.0,10.0,15.0,4.0
26/11/2024 12:53:54,Class A,255802580,55.459685,12.205523,Moored,-3.6,0.0,113.1,181.0,9428396,CQPH,MANISA SOFIA,Cargo,,19.0,137.0,GPS,8.5,DKKOG,25/10/2025 16:00:00,AIS,127.0,10.0,15.0,4.0
26/11/2024 12:53:54,Class A,255802580,55.459685,12.205523,Moored,-3.6,0.0,113.1,181.0,9428396,CQPH,MANISA SOFIA,Cargo,,19.0,137.0,GPS,8.5,DKKOG,25/10/2025 16:00:00,AIS,127.0,10.0,15.0,4.0
26/11/2024 12:56:53,Class A,255802580,55.459677,12.205502,Moored,0.0,0.0,113.1,181.0,9428396,CQPH,MANISA SOFIA,Cargo,,19.0,137.0,GPS,8.5,DKKOG,25/10/2025 16:00:00,AIS,127.0,10.0,15.0,4.0
26/11/2024 12:56:53,Class A,255802580,55.459677,12.205502,Moored,0.0,0.0,113.1,181.0,9428396,CQPH,MANISA SOFIA,Cargo,,19.0,137.0,GPS,8.5,DKKOG,25/10/2025 16:00:00,AIS,127.0,10.0,15.0,4.0
26/11/2024 12:59:57,Class A,255802580,55.459667,12.205488,Moored,-0.2,0.0,113.1,181.0,9428396,CQPH,MANISA SOFIA,Cargo,,19.0,137.0,GPS,8.5,DKKOG,25/10/2025 16:00:00,AIS,127.0,10.0,15.0,4.0
26/11/2024 12:59:57,Class A,255802580,55.459667,12.205488,Moored,-0.2,0.0,113.1,181.0,9428396,CQPH,MANISA SOFIA,Cargo,,19.0,137.0,GPS,8.5,DKKOG,25/10/2025 16:00:00,AIS,127.0,10.0,15.0,4.0
26/11/2024 12:59:57,Class A,255802580,55.459667,12.205488,Moored,-0.2,0.0,113.1,181.0,9428396,CQPH,MANISA SOFIA,Cargo,,19.0,137.0,GPS,8.5,DKKOG,25/10/2025 16:00:00,AIS,127.0,10.0,15.0,4.0
26/11/2024 13:05:52,Class A,255802580,55.459688,12.205497,Moored,-3.6,0.0,113.1,181.0,9428396,CQPH,MANISA SOFIA,Cargo,,19.0,137.0,GPS,8.5,DKKOG,25/10/2025 16:00:00,AIS,127.0,10.0,15.0,4.0
26/11/2024 13:05:52,Class A,255802580,55.459688,12.205497,Moored,-3.6,0.0,113.1,181.0,9428396,CQPH,MANISA SOFIA,Cargo,,19.0,137.0,GPS,8.5,DKKOG,25/10/2025 16:00:00,AIS,127.0,10.0,15.0,4.0
26/11/2024 13:05:53,Class A,255802580,55.459688,12.205497,Moored,-3.6,0.0,113.1,181.0,9428396,CQPH,MANISA SOFIA,Cargo,,19.0,137.0,GPS,8.5,DKKOG,25/10/2025 16:00:00,AIS,127.0,10.0,15.0,4.0
26/11/2024 13:08:58,Class A,255802580,55.459678,12.205483,Moored,3.6,0.0,113.1,181.0,9428396,CQPH,MANISA SOFIA,Cargo,,19.0,137.0,GPS,8.5,DKKOG,25/10/2025 16:00:00,AIS,127.0,10.0,15.0,4.0
26/11/2024 13:08:58,Class A,255802580,55.459678,12.205483,Moored,3.6,0.0,113.1,181.0,9428396,CQPH,MANISA SOFIA,Cargo,,19.0,137.0,GPS,8.5,DKKOG,25/10/2025 16:00:00,AIS,127.0,10.0,15.0,4.0
26/11/2024 13:08:58,Class A,255802580,55.459678,12.205483,Moored,3.6,0.0,113.1,181.0,9428396,CQPH,MANISA SOFIA,Cargo,,19.0,137.0,GPS,8.5,DKKOG,25/10/2025 16:00:00,AIS,127.0,10.0,15.0,4.0
26/11/2024 13:11:53,Class A,255802580,55.459678,12.205483,Moored,3.6,0.0,113.1,181.0,9428396,CQPH,MANISA SOFIA,Cargo,,19.0,137.0,GPS,8.5,DKKOG,25/10/2025 16:00:00,AIS,127.0,10.0,15.0,4.0
26/11/2024 13:11:53,Class A,255802580,55.459678,12.205483,Moored,3.6,0.0,113.1,181.0,9428396,CQPH,MANISA SOFIA,Cargo,,19.0,137.0,GPS,8.5,DKKOG,25/10/2025 16:00:00,AIS,127.0,10.0,15.0,4.0
26/11/2024 13:11:55,Class A,255802580,55.459702,12.205535,Moored,-4.5,0.0,113.1,181.0,9428396,CQPH,MANISA SOFIA,Cargo,,19.0,137.0,GPS,8.5,DKKOG,25/10/2025 16:00:00,AIS,127.0,10.0,15.0,4.0
26/11/2024 13:11:55,Class A,255802580,55.459702,12.205535,Moored,-4.5,0.0,113.1,181.0,9428396,CQPH,MANISA SOFIA,Cargo,,19.0,137.0,GPS,8.5,DKKOG,25/10/2025 16:00:00,AIS,127.0,10.0,15.0,4.0
26/11/2024 13:11:55,Class A,255802580,55.459702,12.205535,Moored,-4.5,0.0,113.1,181.0,9428396,CQPH,MANISA SOFIA,Cargo,,19.0,137.0,GPS,8.5,DKKOG,25/10/2025 16:00:00,AIS,127.0,10.0,15.0,4.0
26/11/2024 13:14:59,Class A,255802580,55.459695,12.205467,Moored,0.0,0.0,113.1,181.0,9428396,CQPH,MANISA SOFIA,Cargo,,19.0,137.0,GPS,8.5,DKKOG,25/10/2025 16:00:00,AIS,127.0,10.0,15.0,4.0
26/11/2024 13:14:59,Class A,255802580,55.459695,12.205467,Moored,0.0,0.0,113.1,181.0,9428396,CQPH,MANISA SOFIA,Cargo,,19.0,137.0,GPS,8.5,DKKOG,25/10/2025 16:00:00,AIS,127.0,10.0,15.0,4.0
26/11/2024 13:14:59,Class A,255802580,55.459695,12.205467,Moored,0.0,0.0,113.1,181.0,9428396,CQPH,MANISA SOFIA,Cargo,,19.0,137.0,GPS,8.5,DKKOG,25/10/2025 16:00:00,AIS,127.0,10.0,15.0,4.0
26/11/2024 13:17:53,Class A,255802580,55.459695,12.205467,Moored,0.0,0.0,113.1,181.0,9428396,CQPH,MANISA SOFIA,Cargo,,19.0,137.0,GPS,8.5,DKKOG,25/10/2025 16:00:00,AIS,127.0,10.0,15.0,4.0
26/11/2024 13:17:53,Class A,255802580,55.459695,12.205467,Moored,0.0,0.0,113.1,181.0,9428396,CQPH,MANISA SOFIA,Cargo,,19.0,137.0,GPS,8.5,DKKOG,25/10/2025 16:00:00,AIS,127.0,10.0,15.0,4.0
26/11/2024 13:17:53,Class A,255802580,55.459695,12.205467,Moored,0.0,0.0,113.1,181.0,9428396,CQPH,MANISA SOFIA,Cargo,,19.0,137.0,GPS,8.5,DKKOG,25/10/2025 16:00:00,AIS,127.0,10.0,15.0,4.0
26/11/2024 13:17:57,Class A,255802580,55.459678,12.205477,Moored,0.7,0.0,113.1,181.0,9428396,CQPH,MANISA SOFIA,Cargo,,19.0,137.0,GPS,8.5,DKKOG,25/10/2025 16:00:00,AIS,127.0,10.0,15.0,4.0
26/11/2024 13:21:00,Class A,255802580,55.459665,12.20547,Moored,2.9,0.0,113.1,181.0,9428396,CQPH,MANISA SOFIA,Cargo,,19.0,137.0,GPS,8.5,DKKOG,25/10/2025 16:00:00,AIS,127.0,10.0,15.0,4.0
26/11/2024 13:21:00,Class A,255802580,55.459665,12.20547,Moored,2.9,0.0,113.1,181.0,9428396,CQPH,MANISA SOFIA,Cargo,,19.0,137.0,GPS,8.5,DKKOG,25/10/2025 16:00:00,AIS,127.0,10.0,15.0,4.0
26/11/2024 13:23:53,Class A,255802580,55.459665,12.20547,Moored,2.9,0.0,113.1,181.0,9428396,CQPH,MANISA SOFIA,Cargo,,19.0,137.0,GPS,8.5,DKKOG,25/10/2025 16:00:00,AIS,127.0,10.0,15.0,4.0
26/11/2024 13:23:58,Class A,255802580,55.459668,12.205553,Moored,4.5,0.0,113.1,181.0,9428396,CQPH,MANISA SOFIA,Cargo,,19.0,137.0,GPS,8.5,DKKOG,25/10/2025 16:00:00,AIS,127.0,10.0,15.0,4.0
26/11/2024 13:23:58,Class A,255802580,55.459668,12.205553,Moored,4.5,0.0,113.1,181.0,9428396,CQPH,MANISA SOFIA,Cargo,,19.0,137.0,GPS,8.5,DKKOG,25/10/2025 16:00:00,AIS,127.0,10.0,15.0,4.0
26/11/2024 13:23:58,Class A,255802580,55.459668,12.205553,Moored,4.5,0.0,113.1,181.0,9428396,CQPH,MANISA SOFIA,Cargo,,19.0,137.0,GPS,8.5,DKKOG,25/10/2025 16:00:00,AIS,127.0,10.0,15.0,4.0
26/11/2024 13:27:00,Class A,255802580,55.459662,12.205477,Moored,0.2,0.0,113.1,181.0,9428396,CQPH,MANISA SOFIA,Cargo,,19.0,137.0,GPS,8.5,DKKOG,25/10/2025 16:00:00,AIS,127.0,10.0,15.0,4.0
26/11/2024 13:27:00,Class A,255802580,55.459662,12.205477,Moored,0.2,0.0,113.1,181.0,9428396,CQPH,MANISA SOFIA,Cargo,,19.0,137.0,GPS,8.5,DKKOG,25/10/2025 16:00:00,AIS,127.0,10.0,15.0,4.0
26/11/2024 13:29:53,Class A,255802580,55.459662,12.205477,Moored,0.2,0.0,113.1,181.0,9428396,CQPH,MANISA SOFIA,Cargo,,19.0,137.0,GPS,8.5,DKKOG,25/10/2025 16:00:00,AIS,127.0,10.0,15.0,4.0
26/11/2024 13:29:53,Class A,255802580,55.459662,12.205477,Moored,0.2,0.0,113.1,181.0,9428396,CQPH,MANISA SOFIA,Cargo,,19.0,137.0,GPS,8.5,DKKOG,25/10/2025 16:00:00,AIS,127.0,10.0,15.0,4.0
26/11/2024 13:29:53,Class A,255802580,55.459662,12.205477,Moored,0.2,0.0,113.1,181.0,9428396,CQPH,MANISA SOFIA,Cargo,,19.0,137.0,GPS,8.5,DKKOG,25/10/2025 16:00:00,AIS,127.0,10.0,15.0,4.0
26/11/2024 13:29:57,Class A,255802580,55.45969,12.205548,Moored,-2.9,0.0,113.1,181.0,9428396,CQPH,MANISA SOFIA,Cargo,,19.0,137.0,GPS,8.5,DKKOG,25/10/2025 16:00:00,AIS,127.0,10.0,15.0,4.0
26/11/2024 13:29:57,Class A,255802580,55.45969,12.205548,Moored,-2.9,0.0,113.1,181.0,9428396,CQPH,MANISA SOFIA,Cargo,,19.0,137.0,GPS,8.5,DKKOG,25/10/2025 16:00:00,AIS,127.0,10.0,15.0,4.0
26/11/2024 13:29:57,Class A,255802580,55.45969,12.205548,Moored,-2.9,0.0,113.1,181.0,9428396,CQPH,MANISA SOFIA,Cargo,,19.0,137.0,GPS,8.5,DKKOG,25/10/2025 16:00:00,AIS,127.0,10.0,15.0,4.0
26/11/2024 13:32:58,Class A,255802580,55.45968,12.205492,Moored,2.2,0.0,113.1,181.0,9428396,CQPH,MANISA SOFIA,Cargo,,19.0,137.0,GPS,8.5,DKKOG,25/10/2025 16:00:00,AIS,127.0,10.0,15.0,4.0
26/11/2024 13:32:58,Class A,255802580,55.45968,12.205492,Moored,2.2,0.0,113.1,181.0,9428396,CQPH,MANISA SOFIA,Cargo,,19.0,137.0,GPS,8.5,DKKOG,25/10/2025 16:00:00,AIS,127.0,10.0,15.0,4.0
26/11/2024 13:35:53,Class A,255802580,55.45968,12.205492,Moored,2.2,0.0,113.1,181.0,9428396,CQPH,MANISA SOFIA,Cargo,,19.0,137.0,GPS,8.5,DKKOG,25/10/2025 16:00:00,AIS,127.0,10.0,15.0,4.0
26/11/2024 13:35:53,Class A,255802580,55.45968,12.205492,Moored,2.2,0.0,113.1,181.0,9428396,CQPH,MANISA SOFIA,Cargo,,19.0,137.0,GPS,8.5,DKKOG,25/10/2025 16:00:00,AIS,127.0,10.0,15.0,4.0
26/11/2024 13:35:53,Class A,255802580,55.45968,12.205492,Moored,2.2,0.0,113.1,181.0,9428396,CQPH,MANISA SOFIA,Cargo,,19.0,137.0,GPS,8.5,DKKOG,25/10/2025 16:00:00,AIS,127.0,10.0,15.0,4.0
26/11/2024 13:35:55,Class A,255802580,55.459678,12.205522,Moored,-2.9,0.0,113.1,181.0,9428396,CQPH,MANISA SOFIA,Cargo,,19.0,137.0,GPS,8.5,DKKOG,25/10/2025 16:00:00,AIS,127.0,10.0,15.0,4.0
26/11/2024 13:35:55,Class A,255802580,55.459678,12.205522,Moored,-2.9,0.0,113.1,181.0,9428396,CQPH,MANISA SOFIA,Cargo,,19.0,137.0,GPS,8.5,DKKOG,25/10/2025 16:00:00,AIS,127.0,10.0,15.0,4.0
26/11/2024 13:38:59,Class A,255802580,55.45967,12.20549,Moored,0.2,0.0,113.1,181.0,9428396,CQPH,MANISA SOFIA,Cargo,,19.0,137.0,GPS,8.5,DKKOG,25/10/2025 16:00:00,AIS,127.0,10.0,15.0,4.0
26/11/2024 13:38:59,Class A,255802580,55.45967,12.20549,Moored,0.2,0.0,113.1,181.0,9428396,CQPH,MANISA SOFIA,Cargo,,19.0,137.0,GPS,8.5,DKKOG,25/10/2025 16:00:00,AIS,127.0,10.0,15.0,4.0
26/11/2024 13:38:59,Class A,255802580,55.45967,12.20549,Moored,0.2,0.0,113.1,181.0,9428396,CQPH,MANISA SOFIA,Cargo,,19.0,137.0,GPS,8.5,DKKOG,25/10/2025 16:00:00,AIS,127.0,10.0,15.0,4.0
26/11/2024 13:41:53,Class A,255802580,55.45967,12.20549,Moored,0.2,0.0,113.1,181.0,9428396,CQPH,MANISA SOFIA,Cargo,,19.0,137.0,GPS,8.5,DKKOG,25/10/2025 16:00:00,AIS,127.0,10.0,15.0,4.0
26/11/2024 13:41:53,Class A,255802580,55.45967,12.20549,Moored,0.2,0.0,113.1,181.0,9428396,CQPH,MANISA SOFIA,Cargo,,19.0,137.0,GPS,8.5,DKKOG,25/10/2025 16:00:00,AIS,127.0,10.0,15.0,4.0
26/11/2024 13:41:53,Class A,255802580,55.45967,12.20549,Moored,0.2,0.0,113.1,181.0,9428396,CQPH,MANISA SOFIA,Cargo,,19.0,137.0,GPS,8.5,DKKOG,25/10/2025 16:00:00,AIS,127.0,10.0,15.0,4.0
26/11/2024 13:41:56,Class A,255802580,55.459673,12.205483,Moored,-0.0,0.0,113.1,181.0,9428396,CQPH,MANISA SOFIA,Cargo,,19.0,137.0,GPS,8.5,DKKOG,25/10/2025 16:00:00,AIS,127.0,10.0,15.0,4.0
26/11/2024 13:41:56,Class A,255802580,55.459673,12.205483,Moored,-0.0,0.0,113.1,181.0,9428396,CQPH,MANISA SOFIA,Cargo,,19.0,137.0,GPS,8.5,DKKOG,25/10/2025 16:00:00,AIS,127.0,10.0,15.0,4.0
26/11/2024 13:41:56,Class A,255802580,55.459673,12.205483,Moored,-0.0,0.0,113.1,181.0,9428396,CQPH,MANISA SOFIA,Cargo,,19.0,137.0,GPS,8.5,DKKOG,25/10/2025 16:00:00,AIS,127.0,10.0,15.0,4.0
26/11/2024 13:44:59,Class A,255802580,55.459692,12.205477,Moored,-3.6,0.0,113.1,181.0,9428396,CQPH,MANISA SOFIA,Cargo,,19.0,137.0,GPS,8.5,DKKOG,25/10/2025 16:00:00,AIS,127.0,10.0,15.0,4.0
26/11/2024 13:44:59,Class A,255802580,55.459692,12.205477,Moored,-3.6,0.0,113.1,181.0,9428396,CQPH,MANISA SOFIA,Cargo,,19.0,137.0,GPS,8.5,DKKOG,25/10/2025 16:00:00,AIS,127.0,10.0,15.0,4.0
26/11/2024 13:44:59,Class A,255802580,55.459692,12.205477,Moored,-3.6,0.0,113.1,181.0,9428396,CQPH,MANISA SOFIA,Cargo,,19.0,137.0,GPS,8.5,DKKOG,25/10/2025 16:00:00,AIS,127.0,10.0,15.0,4.0
26/11/2024 13:47:53,Class A,255802580,55.459692,12.205477,Moored,-3.6,0.0,113.1,181.0,9428396,CQPH,MANISA SOFIA,Cargo,,19.0,137.0,GPS,8.5,DKKOG,25/10/2025 16:00:00,AIS,127.0,10.0,15.0,4.0
26/11/2024 13:47:53,Class A,255802580,55.459692,12.205477,Moored,-3.6,0.0,113.1,181.0,9428396,CQPH,MANISA SOFIA,Cargo,,19.0,137.0,GPS,8.5,DKKOG,25/10/2025 16:00:00,AIS,127.0,10.0,15.0,4.0
26/11/2024 13:47:56,Class A,255802580,55.459673,12.205465,Moored,-2.9,0.0,113.1,181.0,9428396,CQPH,MANISA SOFIA,Cargo,,19.0,137.0,GPS,8.5,DKKOG,25/10/2025 16:00:00,AIS,127.0,10.0,15.0,4.0
26/11/2024 13:47:56,Class A,255802580,55.459673,12.205465,Moored,-2.9,0.0,113.1,181.0,9428396,CQPH,MANISA SOFIA,Cargo,,19.0,137.0,GPS,8.5,DKKOG,25/10/2025 16:00:00,AIS,127.0,10.0,15.0,4.0
26/11/2024 13:47:56,Class A,255802580,55.459673,12.205465,Moored,-2.9,0.0,113.1,181.0,9428396,CQPH,MANISA SOFIA,Cargo,,19.0,137.0,GPS,8.5,DKKOG,25/10/2025 16:00:00,AIS,127.0,10.0,15.0,4.0
26/11/2024 13:53:53,Class A,255802580,55.459673,12.205465,Moored,-2.9,0.0,113.1,181.0,9428396,CQPH,MANISA SOFIA,Cargo,,19.0,137.0,GPS,8.5,DKKOG,25/10/2025 16:00:00,AIS,127.0,10.0,15.0,4.0
26/11/2024 13:53:53,Class A,255802580,55.459673,12.205465,Moored,-2.9,0.0,113.1,181.0,9428396,CQPH,MANISA SOFIA,Cargo,,19.0,137.0,GPS,8.5,DKKOG,25/10/2025 16:00:00,AIS,127.0,10.0,15.0,4.0
26/11/2024 13:53:53,Class A,255802580,55.459673,12.205465,Moored,-2.9,0.0,113.1,181.0,9428396,CQPH,MANISA SOFIA,Cargo,,19.0,137.0,GPS,8.5,DKKOG,25/10/2025 16:00:00,AIS,127.0,10.0,15.0,4.0
26/11/2024 13:53:56,Class A,255802580,55.459688,12.205455,Moored,0.0,0.0,113.1,181.0,9428396,CQPH,MANISA SOFIA,Cargo,,19.0,137.0,GPS,8.5,DKKOG,25/10/2025 16:00:00,AIS,127.0,10.0,15.0,4.0
26/11/2024 13:53:56,Class A,255802580,55.459688,12.205455,Moored,0.0,0.0,113.1,181.0,9428396,CQPH,MANISA SOFIA,Cargo,,19.0,137.0,GPS,8.5,DKKOG,25/10/2025 16:00:00,AIS,127.0,10.0,15.0,4.0
26/11/2024 13:56:52,Class A,255802580,55.459672,12.205435,Moored,-0.4,0.0,113.1,181.0,9428396,CQPH,MANISA SOFIA,Cargo,,19.0,137.0,GPS,8.5,DKKOG,25/10/2025 16:00:00,AIS,127.0,10.0,15.0,4.0
26/11/2024 13:56:52,Class A,255802580,55.459672,12.205435,Moored,-0.4,0.0,113.1,181.0,9428396,CQPH,MANISA SOFIA,Cargo,,19.0,137.0,GPS,8.5,DKKOG,25/10/2025 16:00:00,AIS,127.0,10.0,15.0,4.0
26/11/2024 13:56:52,Class A,255802580,55.459672,12.205435,Moored,-0.4,0.0,113.1,181.0,9428396,CQPH,MANISA SOFIA,Cargo,,19.0,137.0,GPS,8.5,DKKOG,25/10/2025 16:00:00,AIS,127.0,10.0,15.0,4.0
26/11/2024 13:59:53,Class A,255802580,55.459672,12.205435,Moored,-0.4,0.0,113.1,181.0,9428396,CQPH,MANISA SOFIA,Cargo,,19.0,137.0,GPS,8.5,DKKOG,25/10/2025 16:00:00,AIS,127.0,10.0,15.0,4.0
26/11/2024 13:59:53,Class A,255802580,55.459672,12.205435,Moored,-0.4,0.0,113.1,181.0,9428396,CQPH,MANISA SOFIA,Cargo,,19.0,137.0,GPS,8.5,DKKOG,25/10/2025 16:00:00,AIS,127.0,10.0,15.0,4.0
26/11/2024 13:59:53,Class A,255802580,55.459672,12.205435,Moored,-0.4,0.0,113.1,181.0,9428396,CQPH,MANISA SOFIA,Cargo,,19.0,137.0,GPS,8.5,DKKOG,25/10/2025 16:00:00,AIS,127.0,10.0,15.0,4.0
26/11/2024 13:59:58,Class A,255802580,55.459697,12.205462,Moored,1.1,0.0,113.1,181.0,9428396,CQPH,MANISA SOFIA,Cargo,,19.0,137.0,GPS,8.5,DKKOG,25/10/2025 16:00:00,AIS,127.0,10.0,15.0,4.0
26/11/2024 13:59:58,Class A,255802580,55.459697,12.205462,Moored,1.1,0.0,113.1,181.0,9428396,CQPH,MANISA SOFIA,Cargo,,19.0,137.0,GPS,8.5,DKKOG,25/10/2025 16:00:00,AIS,127.0,10.0,15.0,4.0
26/11/2024 14:02:56,Class A,255802580,55.459717,12.205493,Moored,-3.6,0.0,113.1,181.0,9428396,CQPH,MANISA SOFIA,Cargo,,19.0,137.0,GPS,8.5,DKKOG,25/10/2025 16:00:00,AIS,127.0,10.0,15.0,4.0
26/11/2024 14:02:56,Class A,255802580,55.459717,12.205493,Moored,-3.6,0.0,113.1,181.0,9428396,CQPH,MANISA SOFIA,Cargo,,19.0,137.0,GPS,8.5,DKKOG,25/10/2025 16:00:00,AIS,127.0,10.0,15.0,4.0
26/11/2024 14:02:56,Class A,255802580,55.459717,12.205493,Moored,-3.6,0.0,113.1,181.0,9428396,CQPH,MANISA SOFIA,Cargo,,19.0,137.0,GPS,8.5,DKKOG,25/10/2025 16:00:00,AIS,127.0,10.0,15.0,4.0
26/11/2024 14:05:53,Class A,255802580,55.459717,12.205493,Moored,-3.6,0.0,113.1,181.0,9428396,CQPH,MANISA SOFIA,Cargo,,19.0,137.0,GPS,8.5,DKKOG,25/10/2025 16:00:00,AIS,127.0,10.0,15.0,4.0
26/11/2024 14:05:53,Class A,255802580,55.459717,12.205493,Moored,-3.6,0.0,113.1,181.0,9428396,CQPH,MANISA SOFIA,Cargo,,19.0,137.0,GPS,8.5,DKKOG,25/10/2025 16:00:00,AIS,127.0,10.0,15.0,4.0
26/11/2024 14:05:58,Class A,255802580,55.459705,12.205477,Moored,-2.9,0.0,113.1,181.0,9428396,CQPH,MANISA SOFIA,Cargo,,19.0,137.0,GPS,8.5,DKKOG,25/10/2025 16:00:00,AIS,127.0,10.0,15.0,4.0
26/11/2024 14:05:58,Class A,255802580,55.459705,12.205477,Moored,-2.9,0.0,113.1,181.0,9428396,CQPH,MANISA SOFIA,Cargo,,19.0,137.0,GPS,8.5,DKKOG,25/10/2025 16:00:00,AIS,127.0,10.0,15.0,4.0
26/11/2024 14:08:57,Class A,255802580,55.459687,12.205477,Moored,-3.6,0.0,113.1,181.0,9428396,CQPH,MANISA SOFIA,Cargo,,19.0,137.0,GPS,8.5,DKKOG,25/10/2025 16:00:00,AIS,127.0,10.0,15.0,4.0
26/11/2024 14:08:57,Class A,255802580,55.459687,12.205477,Moored,-3.6,0.0,113.1,181.0,9428396,CQPH,MANISA SOFIA,Cargo,,19.0,137.0,GPS,8.5,DKKOG,25/10/2025 16:00:00,AIS,127.0,10.0,15.0,4.0
26/11/2024 14:08:57,Class A,255802580,55.459687,12.205477,Moored,-3.6,0.0,113.1,181.0,9428396,CQPH,MANISA SOFIA,Cargo,,19.0,137.0,GPS,8.5,DKKOG,25/10/2025 16:00:00,AIS,127.0,10.0,15.0,4.0
26/11/2024 14:11:53,Class A,255802580,55.459687,12.205477,Moored,-3.6,0.0,113.1,181.0,9428396,CQPH,MANISA SOFIA,Cargo,,19.0,137.0,GPS,8.5,DKKOG,25/10/2025 16:00:00,AIS,127.0,10.0,15.0,4.0
26/11/2024 14:11:57,Class A,255802580,55.459673,12.205458,Moored,-2.9,0.0,113.1,181.0,9428396,CQPH,MANISA SOFIA,Cargo,,19.0,137.0,GPS,8.5,DKKOG,25/10/2025 16:00:00,AIS,127.0,10.0,15.0,4.0
26/11/2024 14:11:57,Class A,255802580,55.459673,12.205458,Moored,-2.9,0.0,113.1,181.0,9428396,CQPH,MANISA SOFIA,Cargo,,19.0,137.0,GPS,8.5,DKKOG,25/10/2025 16:00:00,AIS,127.0,10.0,15.0,4.0
26/11/2024 14:14:58,Class A,255802580,55.459685,12.205448,Moored,1.1,0.0,113.1,181.0,9428396,CQPH,MANISA SOFIA,Cargo,,19.0,137.0,GPS,8.5,DKKOG,25/10/2025 16:00:00,AIS,127.0,10.0,15.0,4.0
26/11/2024 14:14:58,Class A,255802580,55.459685,12.205448,Moored,1.1,0.0,113.1,181.0,9428396,CQPH,MANISA SOFIA,Cargo,,19.0,137.0,GPS,8.5,DKKOG,25/10/2025 16:00:00,AIS,127.0,10.0,15.0,4.0
26/11/2024 14:14:58,Class A,255802580,55.459685,12.205448,Moored,1.1,0.0,113.1,181.0,9428396,CQPH,MANISA SOFIA,Cargo,,19.0,137.0,GPS,8.5,DKKOG,25/10/2025 16:00:00,AIS,127.0,10.0,15.0,4.0
26/11/2024 14:17:53,Class A,255802580,55.459685,12.205448,Moored,1.1,0.0,113.1,181.0,9428396,CQPH,MANISA SOFIA,Cargo,,19.0,137.0,GPS,8.5,DKKOG,25/10/2025 16:00:00,AIS,127.0,10.0,15.0,4.0
26/11/2024 14:17:53,Class A,255802580,55.459685,12.205448,Moored,1.1,0.0,113.1,181.0,9428396,CQPH,MANISA SOFIA,Cargo,,19.0,137.0,GPS,8.5,DKKOG,25/10/2025 16:00:00,AIS,127.0,10.0,15.0,4.0
26/11/2024 14:17:53,Class A,255802580,55.459685,12.205448,Moored,1.1,0.0,113.1,181.0,9428396,CQPH,MANISA SOFIA,Cargo,,19.0,137.0,GPS,8.5,DKKOG,25/10/2025 16:00:00,AIS,127.0,10.0,15.0,4.0
26/11/2024 14:17:56,Class A,255802580,55.459645,12.205515,Moored,-2.9,0.0,113.1,181.0,9428396,CQPH,MANISA SOFIA,Cargo,,19.0,137.0,GPS,8.5,DKKOG,25/10/2025 16:00:00,AIS,127.0,10.0,15.0,4.0
26/11/2024 14:17:56,Class A,255802580,55.459645,12.205515,Moored,-2.9,0.0,113.1,181.0,9428396,CQPH,MANISA SOFIA,Cargo,,19.0,137.0,GPS,8.5,DKKOG,25/10/2025 16:00:00,AIS,127.0,10.0,15.0,4.0
26/11/2024 14:17:56,Class A,255802580,55.459645,12.205515,Moored,-2.9,0.0,113.1,181.0,9428396,CQPH,MANISA SOFIA,Cargo,,19.0,137.0,GPS,8.5,DKKOG,25/10/2025 16:00:00,AIS,127.0,10.0,15.0,4.0
26/11/2024 14:20:59,Class A,255802580,55.459655,12.205492,Moored,-3.6,0.0,113.1,181.0,9428396,CQPH,MANISA SOFIA,Cargo,,19.0,137.0,GPS,8.5,DKKOG,25/10/2025 16:00:00,AIS,127.0,10.0,15.0,4.0
26/11/2024 14:20:59,Class A,255802580,55.459655,12.205492,Moored,-3.6,0.0,113.1,181.0,9428396,CQPH,MANISA SOFIA,Cargo,,19.0,137.0,GPS,8.5,DKKOG,25/10/2025 16:00:00,AIS,127.0,10.0,15.0,4.0
26/11/2024 14:23:54,Class A,255802580,55.459655,12.205492,Moored,-3.6,0.0,113.1,181.0,9428396,CQPH,MANISA SOFIA,Cargo,,19.0,137.0,GPS,8.5,DKKOG,25/10/2025 16:00:00,AIS,127.0,10.0,15.0,4.0
26/11/2024 14:23:54,Class A,255802580,55.459655,12.205492,Moored,-3.6,0.0,113.1,181.0,9428396,CQPH,MANISA SOFIA,Cargo,,19.0,137.0,GPS,8.5,DKKOG,25/10/2025 16:00:00,AIS,127.0,10.0,15.0,4.0
26/11/2024 14:23:54,Class A,255802580,55.459655,12.205492,Moored,-3.6,0.0,113.1,181.0,9428396,CQPH,MANISA SOFIA,Cargo,,19.0,137.0,GPS,8.5,DKKOG,25/10/2025 16:00:00,AIS,127.0,10.0,15.0,4.0
26/11/2024 14:23:57,Class A,255802580,55.45966,12.205488,Moored,-2.2,0.0,113.1,181.0,9428396,CQPH,MANISA SOFIA,Cargo,,19.0,137.0,GPS,8.5,DKKOG,25/10/2025 16:00:00,AIS,127.0,10.0,15.0,4.0
26/11/2024 14:23:57,Class A,255802580,55.45966,12.205488,Moored,-2.2,0.0,113.1,181.0,9428396,CQPH,MANISA SOFIA,Cargo,,19.0,137.0,GPS,8.5,DKKOG,25/10/2025 16:00:00,AIS,127.0,10.0,15.0,4.0
26/11/2024 14:27:01,Class A,255802580,55.459662,12.205497,Moored,4.5,0.0,113.1,181.0,9428396,CQPH,MANISA SOFIA,Cargo,,19.0,137.0,GPS,8.5,DKKOG,25/10/2025 16:00:00,AIS,127.0,10.0,15.0,4.0
26/11/2024 14:27:01,Class A,255802580,55.459662,12.205497,Moored,4.5,0.0,113.1,181.0,9428396,CQPH,MANISA SOFIA,Cargo,,19.0,137.0,GPS,8.5,DKKOG,25/10/2025 16:00:00,AIS,127.0,10.0,15.0,4.0
26/11/2024 14:27:01,Class A,255802580,55.459662,12.205497,Moored,4.5,0.0,113.1,181.0,9428396,CQPH,MANISA SOFIA,Cargo,,19.0,137.0,GPS,8.5,DKKOG,25/10/2025 16:00:00,AIS,127.0,10.0,15.0,4.0
26/11/2024 14:29:53,Class A,255802580,55.459662,12.205497,Moored,4.5,0.0,113.1,181.0,9428396,CQPH,MANISA SOFIA,Cargo,,19.0,137.0,GPS,8.5,DKKOG,25/10/2025 16:00:00,AIS,127.0,10.0,15.0,4.0
26/11/2024 14:29:53,Class A,255802580,55.459662,12.205497,Moored,4.5,0.0,113.1,181.0,9428396,CQPH,MANISA SOFIA,Cargo,,19.0,137.0,GPS,8.5,DKKOG,25/10/2025 16:00:00,AIS,127.0,10.0,15.0,4.0
26/11/2024 14:29:57,Class A,255802580,55.459665,12.205527,Moored,0.0,0.0,113.1,181.0,9428396,CQPH,MANISA SOFIA,Cargo,,19.0,137.0,GPS,8.5,DKKOG,25/10/2025 16:00:00,AIS,127.0,10.0,15.0,4.0
26/11/2024 14:29:57,Class A,255802580,55.459665,12.205527,Moored,0.0,0.0,113.1,181.0,9428396,CQPH,MANISA SOFIA,Cargo,,19.0,137.0,GPS,8.5,DKKOG,25/10/2025 16:00:00,AIS,127.0,10.0,15.0,4.0
26/11/2024 14:29:57,Class A,255802580,55.459665,12.205527,Moored,0.0,0.0,113.1,181.0,9428396,CQPH,MANISA SOFIA,Cargo,,19.0,137.0,GPS,8.5,DKKOG,25/10/2025 16:00:00,AIS,127.0,10.0,15.0,4.0
26/11/2024 14:35:53,Class A,255802580,55.459665,12.205527,Moored,0.0,0.0,113.1,181.0,9428396,CQPH,MANISA SOFIA,Cargo,,19.0,137.0,GPS,8.5,DKKOG,25/10/2025 16:00:00,AIS,127.0,10.0,15.0,4.0
26/11/2024 14:35:53,Class A,255802580,55.459665,12.205527,Moored,0.0,0.0,113.1,181.0,9428396,CQPH,MANISA SOFIA,Cargo,,19.0,137.0,GPS,8.5,DKKOG,25/10/2025 16:00:00,AIS,127.0,10.0,15.0,4.0
26/11/2024 14:35:53,Class A,255802580,55.459665,12.205527,Moored,0.0,0.0,113.1,181.0,9428396,CQPH,MANISA SOFIA,Cargo,,19.0,137.0,GPS,8.5,DKKOG,25/10/2025 16:00:00,AIS,127.0,10.0,15.0,4.0
26/11/2024 14:35:57,Class A,255802580,55.459692,12.205503,Moored,-2.9,0.0,113.1,181.0,9428396,CQPH,MANISA SOFIA,Cargo,,19.0,137.0,GPS,8.5,DKKOG,25/10/2025 16:00:00,AIS,127.0,10.0,15.0,4.0
26/11/2024 14:35:57,Class A,255802580,55.459692,12.205503,Moored,-2.9,0.0,113.1,181.0,9428396,CQPH,MANISA SOFIA,Cargo,,19.0,137.0,GPS,8.5,DKKOG,25/10/2025 16:00:00,AIS,127.0,10.0,15.0,4.0
26/11/2024 14:35:57,Class A,255802580,55.459692,12.205503,Moored,-2.9,0.0,113.1,181.0,9428396,CQPH,MANISA SOFIA,Cargo,,19.0,137.0,GPS,8.5,DKKOG,25/10/2025 16:00:00,AIS,127.0,10.0,15.0,4.0
26/11/2024 14:41:53,Class A,255802580,55.459692,12.205503,Moored,-2.9,0.0,113.1,181.0,9428396,CQPH,MANISA SOFIA,Cargo,,19.0,137.0,GPS,8.5,DKKOG,25/10/2025 16:00:00,AIS,127.0,10.0,15.0,4.0
26/11/2024 14:41:53,Class A,255802580,55.459692,12.205503,Moored,-2.9,0.0,113.1,181.0,9428396,CQPH,MANISA SOFIA,Cargo,,19.0,137.0,GPS,8.5,DKKOG,25/10/2025 16:00:00,AIS,127.0,10.0,15.0,4.0
26/11/2024 14:41:56,Class A,255802580,55.45968,12.205515,Moored,0.7,0.0,113.1,181.0,9428396,CQPH,MANISA SOFIA,Cargo,,19.0,137.0,GPS,8.5,DKKOG,25/10/2025 16:00:00,AIS,127.0,10.0,15.0,4.0
26/11/2024 14:41:56,Class A,255802580,55.45968,12.205515,Moored,0.7,0.0,113.1,181.0,9428396,CQPH,MANISA SOFIA,Cargo,,19.0,137.0,GPS,8.5,DKKOG,25/10/2025 16:00:00,AIS,127.0,10.0,15.0,4.0
26/11/2024 14:41:56,Class A,255802580,55.45968,12.205515,Moored,0.7,0.0,113.1,181.0,9428396,CQPH,MANISA SOFIA,Cargo,,19.0,137.0,GPS,8.5,DKKOG,25/10/2025 16:00:00,AIS,127.0,10.0,15.0,4.0
26/11/2024 14:45:00,Class A,255802580,55.459625,12.205517,Moored,0.4,0.0,113.1,181.0,9428396,CQPH,MANISA SOFIA,Cargo,,19.0,137.0,GPS,8.5,DKKOG,25/10/2025 16:00:00,AIS,127.0,10.0,15.0,4.0
26/11/2024 14:47:53,Class A,255802580,55.459625,12.205517,Moored,0.4,0.0,113.1,181.0,9428396,CQPH,MANISA SOFIA,Cargo,,19.0,137.0,GPS,8.5,DKKOG,25/10/2025 16:00:00,AIS,127.0,10.0,15.0,4.0
26/11/2024 14:47:53,Class A,255802580,55.459625,12.205517,Moored,0.4,0.0,113.1,181.0,9428396,CQPH,MANISA SOFIA,Cargo,,19.0,137.0,GPS,8.5,DKKOG,25/10/2025 16:00:00,AIS,127.0,10.0,15.0,4.0
26/11/2024 14:47:53,Class A,255802580,55.459625,12.205517,Moored,0.4,0.0,113.1,181.0,9428396,CQPH,MANISA SOFIA,Cargo,,19.0,137.0,GPS,8.5,DKKOG,25/10/2025 16:00:00,AIS,127.0,10.0,15.0,4.0
26/11/2024 14:47:56,Class A,255802580,55.459618,12.205545,Moored,5.4,0.0,113.1,181.0,9428396,CQPH,MANISA SOFIA,Cargo,,19.0,137.0,GPS,8.5,DKKOG,25/10/2025 16:00:00,AIS,127.0,10.0,15.0,4.0
26/11/2024 14:47:56,Class A,255802580,55.459618,12.205545,Moored,5.4,0.0,113.1,181.0,9428396,CQPH,MANISA SOFIA,Cargo,,19.0,137.0,GPS,8.5,DKKOG,25/10/2025 16:00:00,AIS,127.0,10.0,15.0,4.0
26/11/2024 14:47:56,Class A,255802580,55.459618,12.205545,Moored,5.4,0.0,113.1,181.0,9428396,CQPH,MANISA SOFIA,Cargo,,19.0,137.0,GPS,8.5,DKKOG,25/10/2025 16:00:00,AIS,127.0,10.0,15.0,4.0
26/11/2024 14:51:00,Class A,255802580,55.45965,12.205492,Moored,2.2,0.0,113.1,181.0,9428396,CQPH,MANISA SOFIA,Cargo,,19.0,137.0,GPS,8.5,DKKOG,25/10/2025 16:00:00,AIS,127.0,10.0,15.0,4.0
26/11/2024 14:51:00,Class A,255802580,55.45965,12.205492,Moored,2.2,0.0,113.1,181.0,9428396,CQPH,MANISA SOFIA,Cargo,,19.0,137.0,GPS,8.5,DKKOG,25/10/2025 16:00:00,AIS,127.0,10.0,15.0,4.0
26/11/2024 14:51:00,Class A,255802580,55.45965,12.205492,Moored,2.2,0.0,113.1,181.0,9428396,CQPH,MANISA SOFIA,Cargo,,19.0,137.0,GPS,8.5,DKKOG,25/10/2025 16:00:00,AIS,127.0,10.0,15.0,4.0
26/11/2024 14:53:53,Class A,255802580,55.45965,12.205492,Moored,2.2,0.0,113.1,181.0,9428396,CQPH,MANISA SOFIA,Cargo,,19.0,137.0,GPS,8.5,DKKOG,25/10/2025 16:00:00,AIS,127.0,10.0,15.0,4.0
26/11/2024 14:53:53,Class A,255802580,55.45965,12.205492,Moored,2.2,0.0,113.1,181.0,9428396,CQPH,MANISA SOFIA,Cargo,,19.0,137.0,GPS,8.5,DKKOG,25/10/2025 16:00:00,AIS,127.0,10.0,15.0,4.0
26/11/2024 14:53:56,Class A,255802580,55.459663,12.205503,Moored,4.5,0.0,113.1,182.0,9428396,CQPH,MANISA SOFIA,Cargo,,19.0,137.0,GPS,8.5,DKKOG,25/10/2025 16:00:00,AIS,127.0,10.0,15.0,4.0
26/11/2024 14:53:56,Class A,255802580,55.459663,12.205503,Moored,4.5,0.0,113.1,182.0,9428396,CQPH,MANISA SOFIA,Cargo,,19.0,137.0,GPS,8.5,DKKOG,25/10/2025 16:00:00,AIS,127.0,10.0,15.0,4.0
26/11/2024 14:53:56,Class A,255802580,55.459663,12.205503,Moored,4.5,0.0,113.1,182.0,9428396,CQPH,MANISA SOFIA,Cargo,,19.0,137.0,GPS,8.5,DKKOG,25/10/2025 16:00:00,AIS,127.0,10.0,15.0,4.0
26/11/2024 14:57:01,Class A,255802580,55.459675,12.205527,Moored,0.4,0.0,113.1,182.0,9428396,CQPH,MANISA SOFIA,Cargo,,19.0,137.0,GPS,8.5,DKKOG,25/10/2025 16:00:00,AIS,127.0,10.0,15.0,4.0
26/11/2024 14:59:55,Class A,255802580,55.459682,12.205515,Moored,0.0,0.0,113.1,182.0,9428396,CQPH,MANISA SOFIA,Cargo,,19.0,137.0,GPS,8.5,DKKOG,25/10/2025 16:00:00,AIS,127.0,10.0,15.0,4.0
26/11/2024 14:59:55,Class A,255802580,55.459682,12.205515,Moored,0.0,0.0,113.1,182.0,9428396,CQPH,MANISA SOFIA,Cargo,,19.0,137.0,GPS,8.5,DKKOG,25/10/2025 16:00:00,AIS,127.0,10.0,15.0,4.0
26/11/2024 15:02:53,Class A,255802580,55.45969,12.205492,Moored,-3.6,0.0,113.1,182.0,9428396,CQPH,MANISA SOFIA,Cargo,,19.0,137.0,GPS,8.5,DKKOG,25/10/2025 16:00:00,AIS,127.0,10.0,15.0,4.0
26/11/2024 15:05:54,Class A,255802580,55.45969,12.205492,Moored,-3.6,0.0,113.1,182.0,9428396,CQPH,MANISA SOFIA,Cargo,,19.0,137.0,GPS,8.5,DKKOG,25/10/2025 16:00:00,AIS,127.0,10.0,15.0,4.0
26/11/2024 15:05:57,Class A,255802580,55.459685,12.205523,Moored,-0.0,0.0,113.1,182.0,9428396,CQPH,MANISA SOFIA,Cargo,,19.0,137.0,GPS,8.5,DKKOG,25/10/2025 16:00:00,AIS,127.0,10.0,15.0,4.0
26/11/2024 15:05:57,Class A,255802580,55.459685,12.205523,Moored,-0.0,0.0,113.1,182.0,9428396,CQPH,MANISA SOFIA,Cargo,,19.0,137.0,GPS,8.5,DKKOG,25/10/2025 16:00:00,AIS,127.0,10.0,15.0,4.0
26/11/2024 15:05:57,Class A,255802580,55.459685,12.205523,Moored,-0.0,0.0,113.1,182.0,9428396,CQPH,MANISA SOFIA,Cargo,,19.0,137.0,GPS,8.5,DKKOG,25/10/2025 16:00:00,AIS,127.0,10.0,15.0,4.0
26/11/2024 15:08:57,Class A,255802580,55.45966,12.205482,Moored,-0.4,0.0,113.1,182.0,9428396,CQPH,MANISA SOFIA,Cargo,,19.0,137.0,GPS,8.5,DKKOG,25/10/2025 16:00:00,AIS,127.0,10.0,15.0,4.0
26/11/2024 15:08:57,Class A,255802580,55.45966,12.205482,Moored,-0.4,0.0,113.1,182.0,9428396,CQPH,MANISA SOFIA,Cargo,,19.0,137.0,GPS,8.5,DKKOG,25/10/2025 16:00:00,AIS,127.0,10.0,15.0,4.0
26/11/2024 15:08:57,Class A,255802580,55.45966,12.205482,Moored,-0.4,0.0,113.1,182.0,9428396,CQPH,MANISA SOFIA,Cargo,,19.0,137.0,GPS,8.5,DKKOG,25/10/2025 16:00:00,AIS,127.0,10.0,15.0,4.0
26/11/2024 15:11:53,Class A,255802580,55.45966,12.205482,Moored,-0.4,0.0,113.1,182.0,9428396,CQPH,MANISA SOFIA,Cargo,,19.0,137.0,GPS,8.5,DKKOG,25/10/2025 16:00:00,AIS,127.0,10.0,15.0,4.0
26/11/2024 15:11:53,Class A,255802580,55.45966,12.205482,Moored,-0.4,0.0,113.1,182.0,9428396,CQPH,MANISA SOFIA,Cargo,,19.0,137.0,GPS,8.5,DKKOG,25/10/2025 16:00:00,AIS,127.0,10.0,15.0,4.0
26/11/2024 15:11:58,Class A,255802580,55.459657,12.205497,Moored,-0.2,0.0,113.1,182.0,9428396,CQPH,MANISA SOFIA,Cargo,,19.0,137.0,GPS,8.5,DKKOG,25/10/2025 16:00:00,AIS,127.0,10.0,15.0,4.0
26/11/2024 15:11:58,Class A,255802580,55.459657,12.205497,Moored,-0.2,0.0,113.1,182.0,9428396,CQPH,MANISA SOFIA,Cargo,,19.0,137.0,GPS,8.5,DKKOG,25/10/2025 16:00:00,AIS,127.0,10.0,15.0,4.0
26/11/2024 15:11:58,Class A,255802580,55.459657,12.205497,Moored,-0.2,0.0,113.1,182.0,9428396,CQPH,MANISA SOFIA,Cargo,,19.0,137.0,GPS,8.5,DKKOG,25/10/2025 16:00:00,AIS,127.0,10.0,15.0,4.0
26/11/2024 15:14:58,Class A,255802580,55.4597,12.205507,Moored,-0.0,0.0,113.1,182.0,9428396,CQPH,MANISA SOFIA,Cargo,,19.0,137.0,GPS,8.5,DKKOG,25/10/2025 16:00:00,AIS,127.0,10.0,15.0,4.0
26/11/2024 15:14:58,Class A,255802580,55.4597,12.205507,Moored,-0.0,0.0,113.1,182.0,9428396,CQPH,MANISA SOFIA,Cargo,,19.0,137.0,GPS,8.5,DKKOG,25/10/2025 16:00:00,AIS,127.0,10.0,15.0,4.0
26/11/2024 15:17:54,Class A,255802580,55.4597,12.205507,Moored,-0.0,0.0,113.1,182.0,9428396,CQPH,MANISA SOFIA,Cargo,,19.0,137.0,GPS,8.5,DKKOG,25/10/2025 16:00:00,AIS,127.0,10.0,15.0,4.0
26/11/2024 15:17:54,Class A,255802580,55.4597,12.205507,Moored,-0.0,0.0,113.1,182.0,9428396,CQPH,MANISA SOFIA,Cargo,,19.0,137.0,GPS,8.5,DKKOG,25/10/2025 16:00:00,AIS,127.0,10.0,15.0,4.0
26/11/2024 15:17:54,Class A,255802580,55.4597,12.205507,Moored,-0.0,0.0,113.1,182.0,9428396,CQPH,MANISA SOFIA,Cargo,,19.0,137.0,GPS,8.5,DKKOG,25/10/2025 16:00:00,AIS,127.0,10.0,15.0,4.0
26/11/2024 15:17:59,Class A,255802580,55.459668,12.20549,Moored,-0.4,0.0,113.1,182.0,9428396,CQPH,MANISA SOFIA,Cargo,,19.0,137.0,GPS,8.5,DKKOG,25/10/2025 16:00:00,AIS,127.0,10.0,15.0,4.0
26/11/2024 15:17:59,Class A,255802580,55.459668,12.20549,Moored,-0.4,0.0,113.1,182.0,9428396,CQPH,MANISA SOFIA,Cargo,,19.0,137.0,GPS,8.5,DKKOG,25/10/2025 16:00:00,AIS,127.0,10.0,15.0,4.0
26/11/2024 15:21:00,Class A,255802580,55.459688,12.205515,Moored,-2.9,0.0,113.1,182.0,9428396,CQPH,MANISA SOFIA,Cargo,,19.0,137.0,GPS,8.5,DKKOG,25/10/2025 16:00:00,AIS,127.0,10.0,15.0,4.0
26/11/2024 15:23:53,Class A,255802580,55.459688,12.205515,Moored,-2.9,0.0,113.1,182.0,9428396,CQPH,MANISA SOFIA,Cargo,,19.0,137.0,GPS,8.5,DKKOG,25/10/2025 16:00:00,AIS,127.0,10.0,15.0,4.0
26/11/2024 15:23:53,Class A,255802580,55.459688,12.205515,Moored,-2.9,0.0,113.1,182.0,9428396,CQPH,MANISA SOFIA,Cargo,,19.0,137.0,GPS,8.5,DKKOG,25/10/2025 16:00:00,AIS,127.0,10.0,15.0,4.0
26/11/2024 15:23:59,Class A,255802580,55.459678,12.205503,Moored,-2.2,0.0,113.1,182.0,9428396,CQPH,MANISA SOFIA,Cargo,,19.0,137.0,GPS,8.5,DKKOG,25/10/2025 16:00:00,AIS,127.0,10.0,15.0,4.0
26/11/2024 15:23:59,Class A,255802580,55.459678,12.205503,Moored,-2.2,0.0,113.1,182.0,9428396,CQPH,MANISA SOFIA,Cargo,,19.0,137.0,GPS,8.5,DKKOG,25/10/2025 16:00:00,AIS,127.0,10.0,15.0,4.0
26/11/2024 15:23:59,Class A,255802580,55.459678,12.205503,Moored,-2.2,0.0,113.1,182.0,9428396,CQPH,MANISA SOFIA,Cargo,,19.0,137.0,GPS,8.5,DKKOG,25/10/2025 16:00:00,AIS,127.0,10.0,15.0,4.0
26/11/2024 15:27:01,Class A,255802580,55.459665,12.205507,Moored,2.9,0.0,113.1,182.0,9428396,CQPH,MANISA SOFIA,Cargo,,19.0,137.0,GPS,8.5,DKKOG,25/10/2025 16:00:00,AIS,127.0,10.0,15.0,4.0
26/11/2024 15:27:01,Class A,255802580,55.459665,12.205507,Moored,2.9,0.0,113.1,182.0,9428396,CQPH,MANISA SOFIA,Cargo,,19.0,137.0,GPS,8.5,DKKOG,25/10/2025 16:00:00,AIS,127.0,10.0,15.0,4.0
26/11/2024 15:27:01,Class A,255802580,55.459665,12.205507,Moored,2.9,0.0,113.1,182.0,9428396,CQPH,MANISA SOFIA,Cargo,,19.0,137.0,GPS,8.5,DKKOG,25/10/2025 16:00:00,AIS,127.0,10.0,15.0,4.0
26/11/2024 15:29:53,Class A,255802580,55.459665,12.205507,Moored,2.9,0.0,113.1,182.0,9428396,CQPH,MANISA SOFIA,Cargo,,19.0,137.0,GPS,8.5,DKKOG,25/10/2025 16:00:00,AIS,127.0,10.0,15.0,4.0
26/11/2024 15:29:53,Class A,255802580,55.459665,12.205507,Moored,2.9,0.0,113.1,182.0,9428396,CQPH,MANISA SOFIA,Cargo,,19.0,137.0,GPS,8.5,DKKOG,25/10/2025 16:00:00,AIS,127.0,10.0,15.0,4.0
26/11/2024 15:29:53,Class A,255802580,55.459665,12.205507,Moored,2.9,0.0,113.1,182.0,9428396,CQPH,MANISA SOFIA,Cargo,,19.0,137.0,GPS,8.5,DKKOG,25/10/2025 16:00:00,AIS,127.0,10.0,15.0,4.0
26/11/2024 15:29:58,Class A,255802580,55.4596,12.20551,Moored,-0.0,0.0,113.1,182.0,9428396,CQPH,MANISA SOFIA,Cargo,,19.0,137.0,GPS,8.5,DKKOG,25/10/2025 16:00:00,AIS,127.0,10.0,15.0,4.0
26/11/2024 15:29:58,Class A,255802580,55.4596,12.20551,Moored,-0.0,0.0,113.1,182.0,9428396,CQPH,MANISA SOFIA,Cargo,,19.0,137.0,GPS,8.5,DKKOG,25/10/2025 16:00:00,AIS,127.0,10.0,15.0,4.0
26/11/2024 15:29:58,Class A,255802580,55.4596,12.20551,Moored,-0.0,0.0,113.1,182.0,9428396,CQPH,MANISA SOFIA,Cargo,,19.0,137.0,GPS,8.5,DKKOG,25/10/2025 16:00:00,AIS,127.0,10.0,15.0,4.0
26/11/2024 15:33:00,Class A,255802580,55.459695,12.205515,Moored,2.9,0.0,113.1,182.0,9428396,CQPH,MANISA SOFIA,Cargo,,19.0,137.0,GPS,8.5,DKKOG,25/10/2025 16:00:00,AIS,127.0,10.0,15.0,4.0
26/11/2024 15:33:00,Class A,255802580,55.459695,12.205515,Moored,2.9,0.0,113.1,182.0,9428396,CQPH,MANISA SOFIA,Cargo,,19.0,137.0,GPS,8.5,DKKOG,25/10/2025 16:00:00,AIS,127.0,10.0,15.0,4.0
26/11/2024 15:33:00,Class A,255802580,55.459695,12.205515,Moored,2.9,0.0,113.1,182.0,9428396,CQPH,MANISA SOFIA,Cargo,,19.0,137.0,GPS,8.5,DKKOG,25/10/2025 16:00:00,AIS,127.0,10.0,15.0,4.0
26/11/2024 15:35:54,Class A,255802580,55.459695,12.205515,Moored,2.9,0.0,113.1,182.0,9428396,CQPH,MANISA SOFIA,Cargo,,19.0,137.0,GPS,8.5,DKKOG,25/10/2025 16:00:00,AIS,127.0,10.0,15.0,4.0
26/11/2024 15:35:54,Class A,255802580,55.459695,12.205515,Moored,2.9,0.0,113.1,182.0,9428396,CQPH,MANISA SOFIA,Cargo,,19.0,137.0,GPS,8.5,DKKOG,25/10/2025 16:00:00,AIS,127.0,10.0,15.0,4.0
26/11/2024 15:35:58,Class A,255802580,55.459662,12.205515,Moored,4.5,0.0,113.1,182.0,9428396,CQPH,MANISA SOFIA,Cargo,,19.0,137.0,GPS,8.5,DKKOG,25/10/2025 16:00:00,AIS,127.0,10.0,15.0,4.0
26/11/2024 15:39:01,Class A,255802580,55.459697,12.205507,Moored,3.6,0.0,113.1,181.0,9428396,CQPH,MANISA SOFIA,Cargo,,19.0,137.0,GPS,8.5,DKKOG,25/10/2025 16:00:00,AIS,127.0,10.0,15.0,4.0
26/11/2024 15:39:01,Class A,255802580,55.459697,12.205507,Moored,3.6,0.0,113.1,181.0,9428396,CQPH,MANISA SOFIA,Cargo,,19.0,137.0,GPS,8.5,DKKOG,25/10/2025 16:00:00,AIS,127.0,10.0,15.0,4.0
26/11/2024 15:39:01,Class A,255802580,55.459697,12.205507,Moored,3.6,0.0,113.1,181.0,9428396,CQPH,MANISA SOFIA,Cargo,,19.0,137.0,GPS,8.5,DKKOG,25/10/2025 16:00:00,AIS,127.0,10.0,15.0,4.0
26/11/2024 15:41:53,Class A,255802580,55.459697,12.205507,Moored,3.6,0.0,113.1,181.0,9428396,CQPH,MANISA SOFIA,Cargo,,19.0,137.0,GPS,8.5,DKKOG,25/10/2025 16:00:00,AIS,127.0,10.0,15.0,4.0
26/11/2024 15:41:53,Class A,255802580,55.459697,12.205507,Moored,3.6,0.0,113.1,181.0,9428396,CQPH,MANISA SOFIA,Cargo,,19.0,137.0,GPS,8.5,DKKOG,25/10/2025 16:00:00,AIS,127.0,10.0,15.0,4.0
26/11/2024 15:41:53,Class A,255802580,55.459697,12.205507,Moored,3.6,0.0,113.1,181.0,9428396,CQPH,MANISA SOFIA,Cargo,,19.0,137.0,GPS,8.5,DKKOG,25/10/2025 16:00:00,AIS,127.0,10.0,15.0,4.0
26/11/2024 15:41:56,Class A,255802580,55.459672,12.205533,Moored,-2.2,0.0,113.1,181.0,9428396,CQPH,MANISA SOFIA,Cargo,,19.0,137.0,GPS,8.5,DKKOG,25/10/2025 16:00:00,AIS,127.0,10.0,15.0,4.0
26/11/2024 15:41:56,Class A,255802580,55.459672,12.205533,Moored,-2.2,0.0,113.1,181.0,9428396,CQPH,MANISA SOFIA,Cargo,,19.0,137.0,GPS,8.5,DKKOG,25/10/2025 16:00:00,AIS,127.0,10.0,15.0,4.0
26/11/2024 15:45:02,Class A,255802580,55.459685,12.205498,Moored,1.6,0.0,113.1,181.0,9428396,CQPH,MANISA SOFIA,Cargo,,19.0,137.0,GPS,8.5,DKKOG,25/10/2025 16:00:00,AIS,127.0,10.0,15.0,4.0
26/11/2024 15:45:02,Class A,255802580,55.459685,12.205498,Moored,1.6,0.0,113.1,181.0,9428396,CQPH,MANISA SOFIA,Cargo,,19.0,137.0,GPS,8.5,DKKOG,25/10/2025 16:00:00,AIS,127.0,10.0,15.0,4.0
26/11/2024 15:45:02,Class A,255802580,55.459685,12.205498,Moored,1.6,0.0,113.1,181.0,9428396,CQPH,MANISA SOFIA,Cargo,,19.0,137.0,GPS,8.5,DKKOG,25/10/2025 16:00:00,AIS,127.0,10.0,15.0,4.0
26/11/2024 15:47:53,Class A,255802580,55.459685,12.205498,Moored,1.6,0.0,113.1,181.0,9428396,CQPH,MANISA SOFIA,Cargo,,19.0,137.0,GPS,8.5,DKKOG,25/10/2025 16:00:00,AIS,127.0,10.0,15.0,4.0
26/11/2024 15:47:56,Class A,255802580,55.459705,12.20551,Moored,2.2,0.0,113.1,181.0,9428396,CQPH,MANISA SOFIA,Cargo,,19.0,137.0,GPS,8.5,DKKOG,25/10/2025 16:00:00,AIS,127.0,10.0,15.0,4.0
26/11/2024 15:47:56,Class A,255802580,55.459705,12.20551,Moored,2.2,0.0,113.1,181.0,9428396,CQPH,MANISA SOFIA,Cargo,,19.0,137.0,GPS,8.5,DKKOG,25/10/2025 16:00:00,AIS,127.0,10.0,15.0,4.0
26/11/2024 15:47:56,Class A,255802580,55.459705,12.20551,Moored,2.2,0.0,113.1,181.0,9428396,CQPH,MANISA SOFIA,Cargo,,19.0,137.0,GPS,8.5,DKKOG,25/10/2025 16:00:00,AIS,127.0,10.0,15.0,4.0
26/11/2024 15:50:53,Class A,255802580,55.459693,12.205483,Moored,4.5,0.0,113.1,181.0,9428396,CQPH,MANISA SOFIA,Cargo,,19.0,137.0,GPS,8.5,DKKOG,25/10/2025 16:00:00,AIS,127.0,10.0,15.0,4.0
26/11/2024 15:50:53,Class A,255802580,55.459693,12.205483,Moored,4.5,0.0,113.1,181.0,9428396,CQPH,MANISA SOFIA,Cargo,,19.0,137.0,GPS,8.5,DKKOG,25/10/2025 16:00:00,AIS,127.0,10.0,15.0,4.0
26/11/2024 15:50:53,Class A,255802580,55.459693,12.205483,Moored,4.5,0.0,113.1,181.0,9428396,CQPH,MANISA SOFIA,Cargo,,19.0,137.0,GPS,8.5,DKKOG,25/10/2025 16:00:00,AIS,127.0,10.0,15.0,4.0
26/11/2024 15:53:53,Class A,255802580,55.459693,12.205483,Moored,4.5,0.0,113.1,181.0,9428396,CQPH,MANISA SOFIA,Cargo,,19.0,137.0,GPS,8.5,DKKOG,25/10/2025 16:00:00,AIS,127.0,10.0,15.0,4.0
26/11/2024 15:53:53,Class A,255802580,55.459693,12.205483,Moored,4.5,0.0,113.1,181.0,9428396,CQPH,MANISA SOFIA,Cargo,,19.0,137.0,GPS,8.5,DKKOG,25/10/2025 16:00:00,AIS,127.0,10.0,15.0,4.0
26/11/2024 15:53:56,Class A,255802580,55.459685,12.205492,Moored,4.5,0.0,113.1,181.0,9428396,CQPH,MANISA SOFIA,Cargo,,19.0,137.0,GPS,8.5,DKKOG,25/10/2025 16:00:00,AIS,127.0,10.0,15.0,4.0
26/11/2024 15:53:56,Class A,255802580,55.459685,12.205492,Moored,4.5,0.0,113.1,181.0,9428396,CQPH,MANISA SOFIA,Cargo,,19.0,137.0,GPS,8.5,DKKOG,25/10/2025 16:00:00,AIS,127.0,10.0,15.0,4.0
26/11/2024 15:53:56,Class A,255802580,55.459685,12.205492,Moored,4.5,0.0,113.1,181.0,9428396,CQPH,MANISA SOFIA,Cargo,,19.0,137.0,GPS,8.5,DKKOG,25/10/2025 16:00:00,AIS,127.0,10.0,15.0,4.0
26/11/2024 15:56:55,Class A,255802580,55.459673,12.20554,Moored,-3.6,0.0,113.1,181.0,9428396,CQPH,MANISA SOFIA,Cargo,,19.0,137.0,GPS,8.5,DKKOG,25/10/2025 16:00:00,AIS,127.0,10.0,15.0,4.0
26/11/2024 15:56:55,Class A,255802580,55.459673,12.20554,Moored,-3.6,0.0,113.1,181.0,9428396,CQPH,MANISA SOFIA,Cargo,,19.0,137.0,GPS,8.5,DKKOG,25/10/2025 16:00:00,AIS,127.0,10.0,15.0,4.0
26/11/2024 15:56:55,Class A,255802580,55.459673,12.20554,Moored,-3.6,0.0,113.1,181.0,9428396,CQPH,MANISA SOFIA,Cargo,,19.0,137.0,GPS,8.5,DKKOG,25/10/2025 16:00:00,AIS,127.0,10.0,15.0,4.0
26/11/2024 15:59:53,Class A,255802580,55.459673,12.20554,Moored,-3.6,0.0,113.1,181.0,9428396,CQPH,MANISA SOFIA,Cargo,,19.0,137.0,GPS,8.5,DKKOG,25/10/2025 16:00:00,AIS,127.0,10.0,15.0,4.0
26/11/2024 15:59:53,Class A,255802580,55.459673,12.20554,Moored,-3.6,0.0,113.1,181.0,9428396,CQPH,MANISA SOFIA,Cargo,,19.0,137.0,GPS,8.5,DKKOG,25/10/2025 16:00:00,AIS,127.0,10.0,15.0,4.0
26/11/2024 15:59:57,Class A,255802580,55.459662,12.205518,Moored,-0.7,0.0,113.1,181.0,9428396,CQPH,MANISA SOFIA,Cargo,,19.0,137.0,GPS,8.5,DKKOG,25/10/2025 16:00:00,AIS,127.0,10.0,15.0,4.0
26/11/2024 15:59:57,Class A,255802580,55.459662,12.205518,Moored,-0.7,0.0,113.1,181.0,9428396,CQPH,MANISA SOFIA,Cargo,,19.0,137.0,GPS,8.5,DKKOG,25/10/2025 16:00:00,AIS,127.0,10.0,15.0,4.0
26/11/2024 15:59:57,Class A,255802580,55.459662,12.205518,Moored,-0.7,0.0,113.1,181.0,9428396,CQPH,MANISA SOFIA,Cargo,,19.0,137.0,GPS,8.5,DKKOG,25/10/2025 16:00:00,AIS,127.0,10.0,15.0,4.0
26/11/2024 16:02:58,Class A,255802580,55.459673,12.20554,Moored,0.4,0.0,113.1,181.0,9428396,CQPH,MANISA SOFIA,Cargo,,19.0,137.0,GPS,8.5,DKKOG,25/10/2025 16:00:00,AIS,127.0,10.0,15.0,4.0
26/11/2024 16:02:58,Class A,255802580,55.459673,12.20554,Moored,0.4,0.0,113.1,181.0,9428396,CQPH,MANISA SOFIA,Cargo,,19.0,137.0,GPS,8.5,DKKOG,25/10/2025 16:00:00,AIS,127.0,10.0,15.0,4.0
26/11/2024 16:02:58,Class A,255802580,55.459673,12.20554,Moored,0.4,0.0,113.1,181.0,9428396,CQPH,MANISA SOFIA,Cargo,,19.0,137.0,GPS,8.5,DKKOG,25/10/2025 16:00:00,AIS,127.0,10.0,15.0,4.0
26/11/2024 16:05:53,Class A,255802580,55.459662,12.205538,Moored,-2.9,0.0,113.1,181.0,9428396,CQPH,MANISA SOFIA,Cargo,,19.0,137.0,GPS,8.5,DKKOG,25/10/2025 16:00:00,AIS,127.0,10.0,15.0,4.0
26/11/2024 16:05:53,Class A,255802580,55.459662,12.205538,Moored,-2.9,0.0,113.1,181.0,9428396,CQPH,MANISA SOFIA,Cargo,,19.0,137.0,GPS,8.5,DKKOG,25/10/2025 16:00:00,AIS,127.0,10.0,15.0,4.0
26/11/2024 16:05:54,Class A,255802580,55.459662,12.205538,Moored,-2.9,0.0,113.1,181.0,9428396,CQPH,MANISA SOFIA,Cargo,,19.0,137.0,GPS,8.5,DKKOG,25/10/2025 16:00:00,AIS,127.0,10.0,15.0,4.0
26/11/2024 16:05:54,Class A,255802580,55.459662,12.205538,Moored,-2.9,0.0,113.1,181.0,9428396,CQPH,MANISA SOFIA,Cargo,,19.0,137.0,GPS,8.5,DKKOG,25/10/2025 16:00:00,AIS,127.0,10.0,15.0,4.0
26/11/2024 16:05:54,Class A,255802580,55.459662,12.205538,Moored,-2.9,0.0,113.1,181.0,9428396,CQPH,MANISA SOFIA,Cargo,,19.0,137.0,GPS,8.5,DKKOG,25/10/2025 16:00:00,AIS,127.0,10.0,15.0,4.0
26/11/2024 16:08:59,Class A,255802580,55.459678,12.205457,Moored,0.4,0.0,113.1,181.0,9428396,CQPH,MANISA SOFIA,Cargo,,19.0,137.0,GPS,8.5,DKKOG,25/10/2025 16:00:00,AIS,127.0,10.0,15.0,4.0
26/11/2024 16:08:59,Class A,255802580,55.459678,12.205457,Moored,0.4,0.0,113.1,181.0,9428396,CQPH,MANISA SOFIA,Cargo,,19.0,137.0,GPS,8.5,DKKOG,25/10/2025 16:00:00,AIS,127.0,10.0,15.0,4.0
26/11/2024 16:08:59,Class A,255802580,55.459678,12.205457,Moored,0.4,0.0,113.1,181.0,9428396,CQPH,MANISA SOFIA,Cargo,,19.0,137.0,GPS,8.5,DKKOG,25/10/2025 16:00:00,AIS,127.0,10.0,15.0,4.0
26/11/2024 16:11:54,Class A,255802580,55.459678,12.205457,Moored,0.4,0.0,113.1,181.0,9428396,CQPH,MANISA SOFIA,Cargo,,19.0,137.0,GPS,8.5,DKKOG,25/10/2025 16:00:00,AIS,127.0,10.0,15.0,4.0
26/11/2024 16:11:54,Class A,255802580,55.459678,12.205457,Moored,0.4,0.0,113.1,181.0,9428396,CQPH,MANISA SOFIA,Cargo,,19.0,137.0,GPS,8.5,DKKOG,25/10/2025 16:00:00,AIS,127.0,10.0,15.0,4.0
26/11/2024 16:11:54,Class A,255802580,55.459678,12.205457,Moored,0.4,0.0,113.1,181.0,9428396,CQPH,MANISA SOFIA,Cargo,,19.0,137.0,GPS,8.5,DKKOG,25/10/2025 16:00:00,AIS,127.0,10.0,15.0,4.0
26/11/2024 16:11:58,Class A,255802580,55.459673,12.205475,Moored,-0.0,0.0,113.1,181.0,9428396,CQPH,MANISA SOFIA,Cargo,,19.0,137.0,GPS,8.5,DKKOG,25/10/2025 16:00:00,AIS,127.0,10.0,15.0,4.0
26/11/2024 16:11:58,Class A,255802580,55.459673,12.205475,Moored,-0.0,0.0,113.1,181.0,9428396,CQPH,MANISA SOFIA,Cargo,,19.0,137.0,GPS,8.5,DKKOG,25/10/2025 16:00:00,AIS,127.0,10.0,15.0,4.0
26/11/2024 16:15:00,Class A,255802580,55.459678,12.205505,Moored,-0.0,0.0,113.1,181.0,9428396,CQPH,MANISA SOFIA,Cargo,,19.0,137.0,GPS,8.5,DKKOG,25/10/2025 16:00:00,AIS,127.0,10.0,15.0,4.0
26/11/2024 16:15:00,Class A,255802580,55.459678,12.205505,Moored,-0.0,0.0,113.1,181.0,9428396,CQPH,MANISA SOFIA,Cargo,,19.0,137.0,GPS,8.5,DKKOG,25/10/2025 16:00:00,AIS,127.0,10.0,15.0,4.0
26/11/2024 16:17:53,Class A,255802580,55.459678,12.205505,Moored,-0.0,0.0,113.1,181.0,9428396,CQPH,MANISA SOFIA,Cargo,,19.0,137.0,GPS,8.5,DKKOG,25/10/2025 16:00:00,AIS,127.0,10.0,15.0,4.0
26/11/2024 16:17:53,Class A,255802580,55.459678,12.205505,Moored,-0.0,0.0,113.1,181.0,9428396,CQPH,MANISA SOFIA,Cargo,,19.0,137.0,GPS,8.5,DKKOG,25/10/2025 16:00:00,AIS,127.0,10.0,15.0,4.0
26/11/2024 16:17:53,Class A,255802580,55.459678,12.205505,Moored,-0.0,0.0,113.1,181.0,9428396,CQPH,MANISA SOFIA,Cargo,,19.0,137.0,GPS,8.5,DKKOG,25/10/2025 16:00:00,AIS,127.0,10.0,15.0,4.0
26/11/2024 16:17:57,Class A,255802580,55.459688,12.205503,Moored,-0.2,0.0,113.1,181.0,9428396,CQPH,MANISA SOFIA,Cargo,,19.0,137.0,GPS,8.5,DKKOG,25/10/2025 16:00:00,AIS,127.0,10.0,15.0,4.0
26/11/2024 16:17:57,Class A,255802580,55.459688,12.205503,Moored,-0.2,0.0,113.1,181.0,9428396,CQPH,MANISA SOFIA,Cargo,,19.0,137.0,GPS,8.5,DKKOG,25/10/2025 16:00:00,AIS,127.0,10.0,15.0,4.0
26/11/2024 16:21:00,Class A,255802580,55.459672,12.205503,Moored,0.4,0.0,113.1,181.0,9428396,CQPH,MANISA SOFIA,Cargo,,19.0,137.0,GPS,8.5,DKKOG,25/10/2025 16:00:00,AIS,127.0,10.0,15.0,4.0
26/11/2024 16:21:00,Class A,255802580,55.459672,12.205503,Moored,0.4,0.0,113.1,181.0,9428396,CQPH,MANISA SOFIA,Cargo,,19.0,137.0,GPS,8.5,DKKOG,25/10/2025 16:00:00,AIS,127.0,10.0,15.0,4.0
26/11/2024 16:21:00,Class A,255802580,55.459672,12.205503,Moored,0.4,0.0,113.1,181.0,9428396,CQPH,MANISA SOFIA,Cargo,,19.0,137.0,GPS,8.5,DKKOG,25/10/2025 16:00:00,AIS,127.0,10.0,15.0,4.0
26/11/2024 16:23:54,Class A,255802580,55.459672,12.205503,Moored,0.4,0.0,113.1,181.0,9428396,CQPH,MANISA SOFIA,Cargo,,19.0,137.0,GPS,8.5,DKKOG,25/10/2025 16:00:00,AIS,127.0,10.0,15.0,4.0
26/11/2024 16:23:56,Class A,255802580,55.459678,12.205498,Moored,0.0,0.0,113.1,181.0,9428396,CQPH,MANISA SOFIA,Cargo,,19.0,137.0,GPS,8.5,DKKOG,25/10/2025 16:00:00,AIS,127.0,10.0,15.0,4.0
26/11/2024 16:23:56,Class A,255802580,55.459678,12.205498,Moored,0.0,0.0,113.1,181.0,9428396,CQPH,MANISA SOFIA,Cargo,,19.0,137.0,GPS,8.5,DKKOG,25/10/2025 16:00:00,AIS,127.0,10.0,15.0,4.0
26/11/2024 16:23:56,Class A,255802580,55.459678,12.205498,Moored,0.0,0.0,113.1,181.0,9428396,CQPH,MANISA SOFIA,Cargo,,19.0,137.0,GPS,8.5,DKKOG,25/10/2025 16:00:00,AIS,127.0,10.0,15.0,4.0
26/11/2024 16:27:00,Class A,255802580,55.459662,12.20548,Moored,-0.0,0.0,113.1,181.0,9428396,CQPH,MANISA SOFIA,Cargo,,19.0,137.0,GPS,8.5,DKKOG,25/10/2025 16:00:00,AIS,127.0,10.0,15.0,4.0
26/11/2024 16:29:54,Class A,255802580,55.459662,12.20548,Moored,-0.0,0.0,113.1,181.0,9428396,CQPH,MANISA SOFIA,Cargo,,19.0,137.0,GPS,8.5,DKKOG,25/10/2025 16:00:00,AIS,127.0,10.0,15.0,4.0
26/11/2024 16:29:54,Class A,255802580,55.459662,12.20548,Moored,-0.0,0.0,113.1,181.0,9428396,CQPH,MANISA SOFIA,Cargo,,19.0,137.0,GPS,8.5,DKKOG,25/10/2025 16:00:00,AIS,127.0,10.0,15.0,4.0
26/11/2024 16:29:56,Class A,255802580,55.459703,12.205478,Moored,2.9,0.0,113.1,181.0,9428396,CQPH,MANISA SOFIA,Cargo,,19.0,137.0,GPS,8.5,DKKOG,25/10/2025 16:00:00,AIS,127.0,10.0,15.0,4.0
26/11/2024 16:29:56,Class A,255802580,55.459703,12.205478,Moored,2.9,0.0,113.1,181.0,9428396,CQPH,MANISA SOFIA,Cargo,,19.0,137.0,GPS,8.5,DKKOG,25/10/2025 16:00:00,AIS,127.0,10.0,15.0,4.0
26/11/2024 16:32:58,Class A,255802580,55.459685,12.205455,Moored,-2.2,0.0,113.1,181.0,9428396,CQPH,MANISA SOFIA,Cargo,,19.0,137.0,GPS,8.5,DKKOG,25/10/2025 16:00:00,AIS,127.0,10.0,15.0,4.0
26/11/2024 16:32:58,Class A,255802580,55.459685,12.205455,Moored,-2.2,0.0,113.1,181.0,9428396,CQPH,MANISA SOFIA,Cargo,,19.0,137.0,GPS,8.5,DKKOG,25/10/2025 16:00:00,AIS,127.0,10.0,15.0,4.0
26/11/2024 16:32:58,Class A,255802580,55.459685,12.205455,Moored,-2.2,0.0,113.1,181.0,9428396,CQPH,MANISA SOFIA,Cargo,,19.0,137.0,GPS,8.5,DKKOG,25/10/2025 16:00:00,AIS,127.0,10.0,15.0,4.0
26/11/2024 16:35:53,Class A,255802580,55.459685,12.205455,Moored,-2.2,0.0,113.1,181.0,9428396,CQPH,MANISA SOFIA,Cargo,,19.0,137.0,GPS,8.5,DKKOG,25/10/2025 16:00:00,AIS,127.0,10.0,15.0,4.0
26/11/2024 16:35:53,Class A,255802580,55.459685,12.205455,Moored,-2.2,0.0,113.1,181.0,9428396,CQPH,MANISA SOFIA,Cargo,,19.0,137.0,GPS,8.5,DKKOG,25/10/2025 16:00:00,AIS,127.0,10.0,15.0,4.0
26/11/2024 16:35:53,Class A,255802580,55.459685,12.205455,Moored,-2.2,0.0,113.1,181.0,9428396,CQPH,MANISA SOFIA,Cargo,,19.0,137.0,GPS,8.5,DKKOG,25/10/2025 16:00:00,AIS,127.0,10.0,15.0,4.0
26/11/2024 16:35:58,Class A,255802580,55.459692,12.20551,Moored,2.9,0.0,113.1,181.0,9428396,CQPH,MANISA SOFIA,Cargo,,19.0,137.0,GPS,8.5,DKKOG,25/10/2025 16:00:00,AIS,127.0,10.0,15.0,4.0
26/11/2024 16:35:58,Class A,255802580,55.459692,12.20551,Moored,2.9,0.0,113.1,181.0,9428396,CQPH,MANISA SOFIA,Cargo,,19.0,137.0,GPS,8.5,DKKOG,25/10/2025 16:00:00,AIS,127.0,10.0,15.0,4.0
26/11/2024 16:35:58,Class A,255802580,55.459692,12.20551,Moored,2.9,0.0,113.1,181.0,9428396,CQPH,MANISA SOFIA,Cargo,,19.0,137.0,GPS,8.5,DKKOG,25/10/2025 16:00:00,AIS,127.0,10.0,15.0,4.0
26/11/2024 16:38:57,Class A,255802580,55.459685,12.205492,Moored,0.4,0.0,113.1,182.0,9428396,CQPH,MANISA SOFIA,Cargo,,19.0,137.0,GPS,8.5,DKKOG,25/10/2025 16:00:00,AIS,127.0,10.0,15.0,4.0
26/11/2024 16:38:57,Class A,255802580,55.459685,12.205492,Moored,0.4,0.0,113.1,182.0,9428396,CQPH,MANISA SOFIA,Cargo,,19.0,137.0,GPS,8.5,DKKOG,25/10/2025 16:00:00,AIS,127.0,10.0,15.0,4.0
26/11/2024 16:38:57,Class A,255802580,55.459685,12.205492,Moored,0.4,0.0,113.1,182.0,9428396,CQPH,MANISA SOFIA,Cargo,,19.0,137.0,GPS,8.5,DKKOG,25/10/2025 16:00:00,AIS,127.0,10.0,15.0,4.0
26/11/2024 16:41:54,Class A,255802580,55.459685,12.205492,Moored,0.4,0.0,113.1,182.0,9428396,CQPH,MANISA SOFIA,Cargo,,19.0,137.0,GPS,8.5,DKKOG,25/10/2025 16:00:00,AIS,127.0,10.0,15.0,4.0
26/11/2024 16:41:54,Class A,255802580,55.459685,12.205492,Moored,0.4,0.0,113.1,182.0,9428396,CQPH,MANISA SOFIA,Cargo,,19.0,137.0,GPS,8.5,DKKOG,25/10/2025 16:00:00,AIS,127.0,10.0,15.0,4.0
26/11/2024 16:41:58,Class A,255802580,55.45969,12.205503,Moored,2.9,0.0,113.1,182.0,9428396,CQPH,MANISA SOFIA,Cargo,,19.0,137.0,GPS,8.5,DKKOG,25/10/2025 16:00:00,AIS,127.0,10.0,15.0,4.0
26/11/2024 16:41:58,Class A,255802580,55.45969,12.205503,Moored,2.9,0.0,113.1,182.0,9428396,CQPH,MANISA SOFIA,Cargo,,19.0,137.0,GPS,8.5,DKKOG,25/10/2025 16:00:00,AIS,127.0,10.0,15.0,4.0
26/11/2024 16:41:58,Class A,255802580,55.45969,12.205503,Moored,2.9,0.0,113.1,182.0,9428396,CQPH,MANISA SOFIA,Cargo,,19.0,137.0,GPS,8.5,DKKOG,25/10/2025 16:00:00,AIS,127.0,10.0,15.0,4.0
26/11/2024 16:44:55,Class A,255802580,55.45966,12.205503,Moored,0.4,0.0,113.1,182.0,9428396,CQPH,MANISA SOFIA,Cargo,,19.0,137.0,GPS,8.5,DKKOG,25/10/2025 16:00:00,AIS,127.0,10.0,15.0,4.0
26/11/2024 16:44:55,Class A,255802580,55.45966,12.205503,Moored,0.4,0.0,113.1,182.0,9428396,CQPH,MANISA SOFIA,Cargo,,19.0,137.0,GPS,8.5,DKKOG,25/10/2025 16:00:00,AIS,127.0,10.0,15.0,4.0
26/11/2024 16:47:53,Class A,255802580,55.45966,12.205503,Moored,0.4,0.0,113.1,182.0,9428396,CQPH,MANISA SOFIA,Cargo,,19.0,137.0,GPS,8.5,DKKOG,25/10/2025 16:00:00,AIS,127.0,10.0,15.0,4.0
26/11/2024 16:47:53,Class A,255802580,55.45966,12.205503,Moored,0.4,0.0,113.1,182.0,9428396,CQPH,MANISA SOFIA,Cargo,,19.0,137.0,GPS,8.5,DKKOG,25/10/2025 16:00:00,AIS,127.0,10.0,15.0,4.0
26/11/2024 16:47:53,Class A,255802580,55.45966,12.205503,Moored,0.4,0.0,113.1,182.0,9428396,CQPH,MANISA SOFIA,Cargo,,19.0,137.0,GPS,8.5,DKKOG,25/10/2025 16:00:00,AIS,127.0,10.0,15.0,4.0
26/11/2024 16:47:59,Class A,255802580,55.459685,12.205478,Moored,0.2,0.0,113.1,182.0,9428396,CQPH,MANISA SOFIA,Cargo,,19.0,137.0,GPS,8.5,DKKOG,25/10/2025 16:00:00,AIS,127.0,10.0,15.0,4.0
26/11/2024 16:47:59,Class A,255802580,55.459685,12.205478,Moored,0.2,0.0,113.1,182.0,9428396,CQPH,MANISA SOFIA,Cargo,,19.0,137.0,GPS,8.5,DKKOG,25/10/2025 16:00:00,AIS,127.0,10.0,15.0,4.0
26/11/2024 16:50:55,Class A,255802580,55.459688,12.205507,Moored,-0.0,0.0,113.1,182.0,9428396,CQPH,MANISA SOFIA,Cargo,,19.0,137.0,GPS,8.5,DKKOG,25/10/2025 16:00:00,AIS,127.0,10.0,15.0,4.0
26/11/2024 16:50:55,Class A,255802580,55.459688,12.205507,Moored,-0.0,0.0,113.1,182.0,9428396,CQPH,MANISA SOFIA,Cargo,,19.0,137.0,GPS,8.5,DKKOG,25/10/2025 16:00:00,AIS,127.0,10.0,15.0,4.0
26/11/2024 16:53:54,Class A,255802580,55.459688,12.205507,Moored,-0.0,0.0,113.1,182.0,9428396,CQPH,MANISA SOFIA,Cargo,,19.0,137.0,GPS,8.5,DKKOG,25/10/2025 16:00:00,AIS,127.0,10.0,15.0,4.0
26/11/2024 16:53:59,Class A,255802580,55.459705,12.205475,Moored,0.2,0.0,113.1,182.0,9428396,CQPH,MANISA SOFIA,Cargo,,19.0,137.0,GPS,8.5,DKKOG,25/10/2025 16:00:00,AIS,127.0,10.0,15.0,4.0
26/11/2024 16:53:59,Class A,255802580,55.459705,12.205475,Moored,0.2,0.0,113.1,182.0,9428396,CQPH,MANISA SOFIA,Cargo,,19.0,137.0,GPS,8.5,DKKOG,25/10/2025 16:00:00,AIS,127.0,10.0,15.0,4.0
26/11/2024 16:56:53,Class A,255802580,55.459685,12.205485,Moored,0.7,0.0,113.1,182.0,9428396,CQPH,MANISA SOFIA,Cargo,,19.0,137.0,GPS,8.5,DKKOG,25/10/2025 16:00:00,AIS,127.0,10.0,15.0,4.0
26/11/2024 16:56:53,Class A,255802580,55.459685,12.205485,Moored,0.7,0.0,113.1,182.0,9428396,CQPH,MANISA SOFIA,Cargo,,19.0,137.0,GPS,8.5,DKKOG,25/10/2025 16:00:00,AIS,127.0,10.0,15.0,4.0
26/11/2024 16:56:53,Class A,255802580,55.459685,12.205485,Moored,0.7,0.0,113.1,182.0,9428396,CQPH,MANISA SOFIA,Cargo,,19.0,137.0,GPS,8.5,DKKOG,25/10/2025 16:00:00,AIS,127.0,10.0,15.0,4.0
26/11/2024 16:59:53,Class A,255802580,55.459685,12.205485,Moored,0.7,0.0,113.1,182.0,9428396,CQPH,MANISA SOFIA,Cargo,,19.0,137.0,GPS,8.5,DKKOG,25/10/2025 16:00:00,AIS,127.0,10.0,15.0,4.0
26/11/2024 16:59:53,Class A,255802580,55.459685,12.205485,Moored,0.7,0.0,113.1,182.0,9428396,CQPH,MANISA SOFIA,Cargo,,19.0,137.0,GPS,8.5,DKKOG,25/10/2025 16:00:00,AIS,127.0,10.0,15.0,4.0
26/11/2024 16:59:53,Class A,255802580,55.459685,12.205485,Moored,0.7,0.0,113.1,182.0,9428396,CQPH,MANISA SOFIA,Cargo,,19.0,137.0,GPS,8.5,DKKOG,25/10/2025 16:00:00,AIS,127.0,10.0,15.0,4.0
26/11/2024 16:59:58,Class A,255802580,55.459685,12.205527,Moored,-0.2,0.0,113.1,182.0,9428396,CQPH,MANISA SOFIA,Cargo,,19.0,137.0,GPS,8.5,DKKOG,25/10/2025 16:00:00,AIS,127.0,10.0,15.0,4.0
26/11/2024 16:59:58,Class A,255802580,55.459685,12.205527,Moored,-0.2,0.0,113.1,182.0,9428396,CQPH,MANISA SOFIA,Cargo,,19.0,137.0,GPS,8.5,DKKOG,25/10/2025 16:00:00,AIS,127.0,10.0,15.0,4.0
26/11/2024 16:59:58,Class A,255802580,55.459685,12.205527,Moored,-0.2,0.0,113.1,182.0,9428396,CQPH,MANISA SOFIA,Cargo,,19.0,137.0,GPS,8.5,DKKOG,25/10/2025 16:00:00,AIS,127.0,10.0,15.0,4.0
26/11/2024 17:02:59,Class A,255802580,55.459643,12.205483,Moored,2.2,0.0,113.1,182.0,9428396,CQPH,MANISA SOFIA,Cargo,,19.0,137.0,GPS,8.5,DKKOG,25/10/2025 16:00:00,AIS,127.0,10.0,15.0,4.0
26/11/2024 17:02:59,Class A,255802580,55.459643,12.205483,Moored,2.2,0.0,113.1,182.0,9428396,CQPH,MANISA SOFIA,Cargo,,19.0,137.0,GPS,8.5,DKKOG,25/10/2025 16:00:00,AIS,127.0,10.0,15.0,4.0
26/11/2024 17:02:59,Class A,255802580,55.459643,12.205483,Moored,2.2,0.0,113.1,182.0,9428396,CQPH,MANISA SOFIA,Cargo,,19.0,137.0,GPS,8.5,DKKOG,25/10/2025 16:00:00,AIS,127.0,10.0,15.0,4.0
26/11/2024 17:05:53,Class A,255802580,55.45966,12.205503,Moored,-0.7,0.0,113.1,182.0,9428396,CQPH,MANISA SOFIA,Cargo,,19.0,137.0,GPS,8.5,DKKOG,25/10/2025 16:00:00,AIS,127.0,10.0,15.0,4.0
26/11/2024 17:05:53,Class A,255802580,55.45966,12.205503,Moored,-0.7,0.0,113.1,182.0,9428396,CQPH,MANISA SOFIA,Cargo,,19.0,137.0,GPS,8.5,DKKOG,25/10/2025 16:00:00,AIS,127.0,10.0,15.0,4.0
26/11/2024 17:05:53,Class A,255802580,55.45966,12.205503,Moored,-0.7,0.0,113.1,182.0,9428396,CQPH,MANISA SOFIA,Cargo,,19.0,137.0,GPS,8.5,DKKOG,25/10/2025 16:00:00,AIS,127.0,10.0,15.0,4.0
26/11/2024 17:05:53,Class A,255802580,55.45966,12.205503,Moored,-0.7,0.0,113.1,182.0,9428396,CQPH,MANISA SOFIA,Cargo,,19.0,137.0,GPS,8.5,DKKOG,25/10/2025 16:00:00,AIS,127.0,10.0,15.0,4.0
26/11/2024 17:09:00,Class A,255802580,55.459685,12.205455,Moored,0.7,0.0,113.1,182.0,9428396,CQPH,MANISA SOFIA,Cargo,,19.0,137.0,GPS,8.5,DKKOG,25/10/2025 16:00:00,AIS,127.0,10.0,15.0,4.0
26/11/2024 17:09:00,Class A,255802580,55.459685,12.205455,Moored,0.7,0.0,113.1,182.0,9428396,CQPH,MANISA SOFIA,Cargo,,19.0,137.0,GPS,8.5,DKKOG,25/10/2025 16:00:00,AIS,127.0,10.0,15.0,4.0
26/11/2024 17:09:00,Class A,255802580,55.459685,12.205455,Moored,0.7,0.0,113.1,182.0,9428396,CQPH,MANISA SOFIA,Cargo,,19.0,137.0,GPS,8.5,DKKOG,25/10/2025 16:00:00,AIS,127.0,10.0,15.0,4.0
26/11/2024 17:11:53,Class A,255802580,55.459685,12.205455,Moored,0.7,0.0,113.1,182.0,9428396,CQPH,MANISA SOFIA,Cargo,,19.0,137.0,GPS,8.5,DKKOG,25/10/2025 16:00:00,AIS,127.0,10.0,15.0,4.0
26/11/2024 17:11:53,Class A,255802580,55.459685,12.205455,Moored,0.7,0.0,113.1,182.0,9428396,CQPH,MANISA SOFIA,Cargo,,19.0,137.0,GPS,8.5,DKKOG,25/10/2025 16:00:00,AIS,127.0,10.0,15.0,4.0
26/11/2024 17:11:58,Class A,255802580,55.459683,12.205458,Moored,2.2,0.0,113.1,182.0,9428396,CQPH,MANISA SOFIA,Cargo,,19.0,137.0,GPS,8.5,DKKOG,25/10/2025 16:00:00,AIS,127.0,10.0,15.0,4.0
26/11/2024 17:11:58,Class A,255802580,55.459683,12.205458,Moored,2.2,0.0,113.1,182.0,9428396,CQPH,MANISA SOFIA,Cargo,,19.0,137.0,GPS,8.5,DKKOG,25/10/2025 16:00:00,AIS,127.0,10.0,15.0,4.0
26/11/2024 17:14:58,Class A,255802580,55.459668,12.205455,Moored,3.6,0.0,113.1,182.0,9428396,CQPH,MANISA SOFIA,Cargo,,19.0,137.0,GPS,8.5,DKKOG,25/10/2025 16:00:00,AIS,127.0,10.0,15.0,4.0
26/11/2024 17:14:58,Class A,255802580,55.459668,12.205455,Moored,3.6,0.0,113.1,182.0,9428396,CQPH,MANISA SOFIA,Cargo,,19.0,137.0,GPS,8.5,DKKOG,25/10/2025 16:00:00,AIS,127.0,10.0,15.0,4.0
26/11/2024 17:17:53,Class A,255802580,55.459668,12.205455,Moored,3.6,0.0,113.1,182.0,9428396,CQPH,MANISA SOFIA,Cargo,,19.0,137.0,GPS,8.5,DKKOG,25/10/2025 16:00:00,AIS,127.0,10.0,15.0,4.0
26/11/2024 17:17:53,Class A,255802580,55.459668,12.205455,Moored,3.6,0.0,113.1,182.0,9428396,CQPH,MANISA SOFIA,Cargo,,19.0,137.0,GPS,8.5,DKKOG,25/10/2025 16:00:00,AIS,127.0,10.0,15.0,4.0
26/11/2024 17:17:53,Class A,255802580,55.459668,12.205455,Moored,3.6,0.0,113.1,182.0,9428396,CQPH,MANISA SOFIA,Cargo,,19.0,137.0,GPS,8.5,DKKOG,25/10/2025 16:00:00,AIS,127.0,10.0,15.0,4.0
26/11/2024 17:17:59,Class A,255802580,55.459647,12.205472,Moored,3.6,0.0,113.1,182.0,9428396,CQPH,MANISA SOFIA,Cargo,,19.0,137.0,GPS,8.5,DKKOG,25/10/2025 16:00:00,AIS,127.0,10.0,15.0,4.0
26/11/2024 17:17:59,Class A,255802580,55.459647,12.205472,Moored,3.6,0.0,113.1,182.0,9428396,CQPH,MANISA SOFIA,Cargo,,19.0,137.0,GPS,8.5,DKKOG,25/10/2025 16:00:00,AIS,127.0,10.0,15.0,4.0
26/11/2024 17:17:59,Class A,255802580,55.459647,12.205472,Moored,3.6,0.0,113.1,182.0,9428396,CQPH,MANISA SOFIA,Cargo,,19.0,137.0,GPS,8.5,DKKOG,25/10/2025 16:00:00,AIS,127.0,10.0,15.0,4.0
26/11/2024 17:20:57,Class A,255802580,55.459632,12.205473,Moored,3.6,0.0,113.1,182.0,9428396,CQPH,MANISA SOFIA,Cargo,,19.0,137.0,GPS,8.5,DKKOG,25/10/2025 16:00:00,AIS,127.0,10.0,15.0,4.0
26/11/2024 17:20:57,Class A,255802580,55.459632,12.205473,Moored,3.6,0.0,113.1,182.0,9428396,CQPH,MANISA SOFIA,Cargo,,19.0,137.0,GPS,8.5,DKKOG,25/10/2025 16:00:00,AIS,127.0,10.0,15.0,4.0
26/11/2024 17:23:54,Class A,255802580,55.459632,12.205473,Moored,3.6,0.0,113.1,182.0,9428396,CQPH,MANISA SOFIA,Cargo,,19.0,137.0,GPS,8.5,DKKOG,25/10/2025 16:00:00,AIS,127.0,10.0,15.0,4.0
26/11/2024 17:23:54,Class A,255802580,55.459632,12.205473,Moored,3.6,0.0,113.1,182.0,9428396,CQPH,MANISA SOFIA,Cargo,,19.0,137.0,GPS,8.5,DKKOG,25/10/2025 16:00:00,AIS,127.0,10.0,15.0,4.0
26/11/2024 17:23:59,Class A,255802580,55.459648,12.205468,Moored,-2.9,0.0,113.1,181.0,9428396,CQPH,MANISA SOFIA,Cargo,,19.0,137.0,GPS,8.5,DKKOG,25/10/2025 16:00:00,AIS,127.0,10.0,15.0,4.0
26/11/2024 17:23:59,Class A,255802580,55.459648,12.205468,Moored,-2.9,0.0,113.1,181.0,9428396,CQPH,MANISA SOFIA,Cargo,,19.0,137.0,GPS,8.5,DKKOG,25/10/2025 16:00:00,AIS,127.0,10.0,15.0,4.0
26/11/2024 17:23:59,Class A,255802580,55.459648,12.205468,Moored,-2.9,0.0,113.1,181.0,9428396,CQPH,MANISA SOFIA,Cargo,,19.0,137.0,GPS,8.5,DKKOG,25/10/2025 16:00:00,AIS,127.0,10.0,15.0,4.0
26/11/2024 17:26:57,Class A,255802580,55.459612,12.205432,Moored,2.9,0.0,113.1,181.0,9428396,CQPH,MANISA SOFIA,Cargo,,19.0,137.0,GPS,8.5,DKKOG,25/10/2025 16:00:00,AIS,127.0,10.0,15.0,4.0
26/11/2024 17:26:57,Class A,255802580,55.459612,12.205432,Moored,2.9,0.0,113.1,181.0,9428396,CQPH,MANISA SOFIA,Cargo,,19.0,137.0,GPS,8.5,DKKOG,25/10/2025 16:00:00,AIS,127.0,10.0,15.0,4.0
26/11/2024 17:26:57,Class A,255802580,55.459612,12.205432,Moored,2.9,0.0,113.1,181.0,9428396,CQPH,MANISA SOFIA,Cargo,,19.0,137.0,GPS,8.5,DKKOG,25/10/2025 16:00:00,AIS,127.0,10.0,15.0,4.0
26/11/2024 17:29:53,Class A,255802580,55.459612,12.205432,Moored,2.9,0.0,113.1,181.0,9428396,CQPH,MANISA SOFIA,Cargo,,19.0,137.0,GPS,8.5,DKKOG,25/10/2025 16:00:00,AIS,127.0,10.0,15.0,4.0
26/11/2024 17:29:53,Class A,255802580,55.459612,12.205432,Moored,2.9,0.0,113.1,181.0,9428396,CQPH,MANISA SOFIA,Cargo,,19.0,137.0,GPS,8.5,DKKOG,25/10/2025 16:00:00,AIS,127.0,10.0,15.0,4.0
26/11/2024 17:29:58,Class A,255802580,55.459635,12.205472,Moored,-2.2,0.0,113.1,181.0,9428396,CQPH,MANISA SOFIA,Cargo,,19.0,137.0,GPS,8.5,DKKOG,25/10/2025 16:00:00,AIS,127.0,10.0,15.0,4.0
26/11/2024 17:29:58,Class A,255802580,55.459635,12.205472,Moored,-2.2,0.0,113.1,181.0,9428396,CQPH,MANISA SOFIA,Cargo,,19.0,137.0,GPS,8.5,DKKOG,25/10/2025 16:00:00,AIS,127.0,10.0,15.0,4.0
26/11/2024 17:29:58,Class A,255802580,55.459635,12.205472,Moored,-2.2,0.0,113.1,181.0,9428396,CQPH,MANISA SOFIA,Cargo,,19.0,137.0,GPS,8.5,DKKOG,25/10/2025 16:00:00,AIS,127.0,10.0,15.0,4.0
26/11/2024 17:32:56,Class A,255802580,55.45965,12.205462,Moored,2.2,0.0,113.1,181.0,9428396,CQPH,MANISA SOFIA,Cargo,,19.0,137.0,GPS,8.5,DKKOG,25/10/2025 16:00:00,AIS,127.0,10.0,15.0,4.0
26/11/2024 17:32:56,Class A,255802580,55.45965,12.205462,Moored,2.2,0.0,113.1,181.0,9428396,CQPH,MANISA SOFIA,Cargo,,19.0,137.0,GPS,8.5,DKKOG,25/10/2025 16:00:00,AIS,127.0,10.0,15.0,4.0
26/11/2024 17:32:56,Class A,255802580,55.45965,12.205462,Moored,2.2,0.0,113.1,181.0,9428396,CQPH,MANISA SOFIA,Cargo,,19.0,137.0,GPS,8.5,DKKOG,25/10/2025 16:00:00,AIS,127.0,10.0,15.0,4.0
26/11/2024 17:35:54,Class A,255802580,55.45965,12.205462,Moored,2.2,0.0,113.1,181.0,9428396,CQPH,MANISA SOFIA,Cargo,,19.0,137.0,GPS,8.5,DKKOG,25/10/2025 16:00:00,AIS,127.0,10.0,15.0,4.0
26/11/2024 17:35:58,Class A,255802580,55.459617,12.205462,Moored,2.2,0.0,113.1,181.0,9428396,CQPH,MANISA SOFIA,Cargo,,19.0,137.0,GPS,8.5,DKKOG,25/10/2025 16:00:00,AIS,127.0,10.0,15.0,4.0
26/11/2024 17:38:58,Class A,255802580,55.459632,12.205462,Moored,3.6,0.0,113.1,181.0,9428396,CQPH,MANISA SOFIA,Cargo,,19.0,137.0,GPS,8.5,DKKOG,25/10/2025 16:00:00,AIS,127.0,10.0,15.0,4.0
26/11/2024 17:38:58,Class A,255802580,55.459632,12.205462,Moored,3.6,0.0,113.1,181.0,9428396,CQPH,MANISA SOFIA,Cargo,,19.0,137.0,GPS,8.5,DKKOG,25/10/2025 16:00:00,AIS,127.0,10.0,15.0,4.0
26/11/2024 17:38:58,Class A,255802580,55.459632,12.205462,Moored,3.6,0.0,113.1,181.0,9428396,CQPH,MANISA SOFIA,Cargo,,19.0,137.0,GPS,8.5,DKKOG,25/10/2025 16:00:00,AIS,127.0,10.0,15.0,4.0
26/11/2024 17:41:54,Class A,255802580,55.459632,12.205462,Moored,3.6,0.0,113.1,181.0,9428396,CQPH,MANISA SOFIA,Cargo,,19.0,137.0,GPS,8.5,DKKOG,25/10/2025 16:00:00,AIS,127.0,10.0,15.0,4.0
26/11/2024 17:41:54,Class A,255802580,55.459632,12.205462,Moored,3.6,0.0,113.1,181.0,9428396,CQPH,MANISA SOFIA,Cargo,,19.0,137.0,GPS,8.5,DKKOG,25/10/2025 16:00:00,AIS,127.0,10.0,15.0,4.0
26/11/2024 17:41:54,Class A,255802580,55.459632,12.205462,Moored,3.6,0.0,113.1,181.0,9428396,CQPH,MANISA SOFIA,Cargo,,19.0,137.0,GPS,8.5,DKKOG,25/10/2025 16:00:00,AIS,127.0,10.0,15.0,4.0
26/11/2024 17:41:59,Class A,255802580,55.459662,12.205467,Moored,-1.1,0.0,113.1,181.0,9428396,CQPH,MANISA SOFIA,Cargo,,19.0,137.0,GPS,8.5,DKKOG,25/10/2025 16:00:00,AIS,127.0,10.0,15.0,4.0
26/11/2024 17:41:59,Class A,255802580,55.459662,12.205467,Moored,-1.1,0.0,113.1,181.0,9428396,CQPH,MANISA SOFIA,Cargo,,19.0,137.0,GPS,8.5,DKKOG,25/10/2025 16:00:00,AIS,127.0,10.0,15.0,4.0
26/11/2024 17:44:57,Class A,255802580,55.459673,12.205473,Moored,-3.6,0.0,113.1,181.0,9428396,CQPH,MANISA SOFIA,Cargo,,19.0,137.0,GPS,8.5,DKKOG,25/10/2025 16:00:00,AIS,127.0,10.0,15.0,4.0
26/11/2024 17:44:57,Class A,255802580,55.459673,12.205473,Moored,-3.6,0.0,113.1,181.0,9428396,CQPH,MANISA SOFIA,Cargo,,19.0,137.0,GPS,8.5,DKKOG,25/10/2025 16:00:00,AIS,127.0,10.0,15.0,4.0
26/11/2024 17:44:57,Class A,255802580,55.459673,12.205473,Moored,-3.6,0.0,113.1,181.0,9428396,CQPH,MANISA SOFIA,Cargo,,19.0,137.0,GPS,8.5,DKKOG,25/10/2025 16:00:00,AIS,127.0,10.0,15.0,4.0
26/11/2024 17:47:54,Class A,255802580,55.459673,12.205473,Moored,-3.6,0.0,113.1,181.0,9428396,CQPH,MANISA SOFIA,Cargo,,19.0,137.0,GPS,8.5,DKKOG,25/10/2025 16:00:00,AIS,127.0,10.0,15.0,4.0
26/11/2024 17:47:54,Class A,255802580,55.459673,12.205473,Moored,-3.6,0.0,113.1,181.0,9428396,CQPH,MANISA SOFIA,Cargo,,19.0,137.0,GPS,8.5,DKKOG,25/10/2025 16:00:00,AIS,127.0,10.0,15.0,4.0
26/11/2024 17:47:59,Class A,255802580,55.45967,12.205465,Moored,3.6,0.0,113.1,181.0,9428396,CQPH,MANISA SOFIA,Cargo,,19.0,137.0,GPS,8.5,DKKOG,25/10/2025 16:00:00,AIS,127.0,10.0,15.0,4.0
26/11/2024 17:47:59,Class A,255802580,55.45967,12.205465,Moored,3.6,0.0,113.1,181.0,9428396,CQPH,MANISA SOFIA,Cargo,,19.0,137.0,GPS,8.5,DKKOG,25/10/2025 16:00:00,AIS,127.0,10.0,15.0,4.0
26/11/2024 17:50:58,Class A,255802580,55.459695,12.20547,Moored,-2.2,0.0,113.1,181.0,9428396,CQPH,MANISA SOFIA,Cargo,,19.0,137.0,GPS,8.5,DKKOG,25/10/2025 16:00:00,AIS,127.0,10.0,15.0,4.0
26/11/2024 17:50:58,Class A,255802580,55.459695,12.20547,Moored,-2.2,0.0,113.1,181.0,9428396,CQPH,MANISA SOFIA,Cargo,,19.0,137.0,GPS,8.5,DKKOG,25/10/2025 16:00:00,AIS,127.0,10.0,15.0,4.0
26/11/2024 17:50:58,Class A,255802580,55.459695,12.20547,Moored,-2.2,0.0,113.1,181.0,9428396,CQPH,MANISA SOFIA,Cargo,,19.0,137.0,GPS,8.5,DKKOG,25/10/2025 16:00:00,AIS,127.0,10.0,15.0,4.0
26/11/2024 17:53:53,Class A,255802580,55.459695,12.20547,Moored,-2.2,0.0,113.1,181.0,9428396,CQPH,MANISA SOFIA,Cargo,,19.0,137.0,GPS,8.5,DKKOG,25/10/2025 16:00:00,AIS,127.0,10.0,15.0,4.0
26/11/2024 17:53:53,Class A,255802580,55.459695,12.20547,Moored,-2.2,0.0,113.1,181.0,9428396,CQPH,MANISA SOFIA,Cargo,,19.0,137.0,GPS,8.5,DKKOG,25/10/2025 16:00:00,AIS,127.0,10.0,15.0,4.0
26/11/2024 17:54:01,Class A,255802580,55.459685,12.205473,Moored,2.2,0.0,113.1,181.0,9428396,CQPH,MANISA SOFIA,Cargo,,19.0,137.0,GPS,8.5,DKKOG,25/10/2025 16:00:00,AIS,127.0,10.0,15.0,4.0
26/11/2024 17:54:01,Class A,255802580,55.459685,12.205473,Moored,2.2,0.0,113.1,181.0,9428396,CQPH,MANISA SOFIA,Cargo,,19.0,137.0,GPS,8.5,DKKOG,25/10/2025 16:00:00,AIS,127.0,10.0,15.0,4.0
26/11/2024 17:57:00,Class A,255802580,55.459663,12.205473,Moored,-1.6,0.0,113.1,181.0,9428396,CQPH,MANISA SOFIA,Cargo,,19.0,137.0,GPS,8.5,DKKOG,25/10/2025 16:00:00,AIS,127.0,10.0,15.0,4.0
26/11/2024 17:57:00,Class A,255802580,55.459663,12.205473,Moored,-1.6,0.0,113.1,181.0,9428396,CQPH,MANISA SOFIA,Cargo,,19.0,137.0,GPS,8.5,DKKOG,25/10/2025 16:00:00,AIS,127.0,10.0,15.0,4.0
26/11/2024 17:57:00,Class A,255802580,55.459663,12.205473,Moored,-1.6,0.0,113.1,181.0,9428396,CQPH,MANISA SOFIA,Cargo,,19.0,137.0,GPS,8.5,DKKOG,25/10/2025 16:00:00,AIS,127.0,10.0,15.0,4.0
26/11/2024 17:59:54,Class A,255802580,55.459663,12.205473,Moored,-1.6,0.0,113.1,181.0,9428396,CQPH,MANISA SOFIA,Cargo,,19.0,137.0,GPS,8.5,DKKOG,25/10/2025 16:00:00,AIS,127.0,10.0,15.0,4.0
26/11/2024 17:59:54,Class A,255802580,55.459663,12.205473,Moored,-1.6,0.0,113.1,181.0,9428396,CQPH,MANISA SOFIA,Cargo,,19.0,137.0,GPS,8.5,DKKOG,25/10/2025 16:00:00,AIS,127.0,10.0,15.0,4.0
26/11/2024 18:00:02,Class A,255802580,55.459688,12.205473,Moored,3.6,0.0,113.1,181.0,9428396,CQPH,MANISA SOFIA,Cargo,,19.0,137.0,GPS,8.5,DKKOG,25/10/2025 16:00:00,AIS,127.0,10.0,15.0,4.0
26/11/2024 18:00:02,Class A,255802580,55.459688,12.205473,Moored,3.6,0.0,113.1,181.0,9428396,CQPH,MANISA SOFIA,Cargo,,19.0,137.0,GPS,8.5,DKKOG,25/10/2025 16:00:00,AIS,127.0,10.0,15.0,4.0
26/11/2024 18:00:02,Class A,255802580,55.459688,12.205473,Moored,3.6,0.0,113.1,181.0,9428396,CQPH,MANISA SOFIA,Cargo,,19.0,137.0,GPS,8.5,DKKOG,25/10/2025 16:00:00,AIS,127.0,10.0,15.0,4.0
26/11/2024 18:03:00,Class A,255802580,55.459692,12.20545,Moored,2.2,0.0,113.1,181.0,9428396,CQPH,MANISA SOFIA,Cargo,,19.0,137.0,GPS,8.5,DKKOG,25/10/2025 16:00:00,AIS,127.0,10.0,15.0,4.0
26/11/2024 18:03:00,Class A,255802580,55.459692,12.20545,Moored,2.2,0.0,113.1,181.0,9428396,CQPH,MANISA SOFIA,Cargo,,19.0,137.0,GPS,8.5,DKKOG,25/10/2025 16:00:00,AIS,127.0,10.0,15.0,4.0
26/11/2024 18:03:00,Class A,255802580,55.459692,12.20545,Moored,2.2,0.0,113.1,181.0,9428396,CQPH,MANISA SOFIA,Cargo,,19.0,137.0,GPS,8.5,DKKOG,25/10/2025 16:00:00,AIS,127.0,10.0,15.0,4.0
26/11/2024 18:05:54,Class A,255802580,55.459692,12.20545,Moored,2.2,0.0,113.1,181.0,9428396,CQPH,MANISA SOFIA,Cargo,,19.0,137.0,GPS,8.5,DKKOG,25/10/2025 16:00:00,AIS,127.0,10.0,15.0,4.0
26/11/2024 18:06:04,Class A,255802580,55.459692,12.205435,Moored,2.9,0.0,113.1,181.0,9428396,CQPH,MANISA SOFIA,Cargo,,19.0,137.0,GPS,8.5,DKKOG,25/10/2025 16:00:00,AIS,127.0,10.0,15.0,4.0
26/11/2024 18:06:04,Class A,255802580,55.459692,12.205435,Moored,2.9,0.0,113.1,181.0,9428396,CQPH,MANISA SOFIA,Cargo,,19.0,137.0,GPS,8.5,DKKOG,25/10/2025 16:00:00,AIS,127.0,10.0,15.0,4.0
26/11/2024 18:06:04,Class A,255802580,55.459692,12.205435,Moored,2.9,0.0,113.1,181.0,9428396,CQPH,MANISA SOFIA,Cargo,,19.0,137.0,GPS,8.5,DKKOG,25/10/2025 16:00:00,AIS,127.0,10.0,15.0,4.0
26/11/2024 18:09:01,Class A,255802580,55.45967,12.205458,Moored,1.1,0.0,113.1,181.0,9428396,CQPH,MANISA SOFIA,Cargo,,19.0,137.0,GPS,8.5,DKKOG,25/10/2025 16:00:00,AIS,127.0,10.0,15.0,4.0
26/11/2024 18:09:01,Class A,255802580,55.45967,12.205458,Moored,1.1,0.0,113.1,181.0,9428396,CQPH,MANISA SOFIA,Cargo,,19.0,137.0,GPS,8.5,DKKOG,25/10/2025 16:00:00,AIS,127.0,10.0,15.0,4.0
26/11/2024 18:11:54,Class A,255802580,55.45966,12.205473,Moored,4.5,0.0,113.1,181.0,9428396,CQPH,MANISA SOFIA,Cargo,,19.0,137.0,GPS,8.5,DKKOG,25/10/2025 16:00:00,AIS,127.0,10.0,15.0,4.0
26/11/2024 18:11:54,Class A,255802580,55.45966,12.205473,Moored,4.5,0.0,113.1,181.0,9428396,CQPH,MANISA SOFIA,Cargo,,19.0,137.0,GPS,8.5,DKKOG,25/10/2025 16:00:00,AIS,127.0,10.0,15.0,4.0
26/11/2024 18:11:54,Class A,255802580,55.45966,12.205473,Moored,4.5,0.0,113.1,181.0,9428396,CQPH,MANISA SOFIA,Cargo,,19.0,137.0,GPS,8.5,DKKOG,25/10/2025 16:00:00,AIS,127.0,10.0,15.0,4.0
26/11/2024 18:11:54,Class A,255802580,55.45966,12.205473,Moored,4.5,0.0,113.1,181.0,9428396,CQPH,MANISA SOFIA,Cargo,,19.0,137.0,GPS,8.5,DKKOG,25/10/2025 16:00:00,AIS,127.0,10.0,15.0,4.0
26/11/2024 18:17:53,Class A,255802580,55.45966,12.205473,Moored,4.5,0.0,113.1,181.0,9428396,CQPH,MANISA SOFIA,Cargo,,19.0,137.0,GPS,8.5,DKKOG,25/10/2025 16:00:00,AIS,127.0,10.0,15.0,4.0
26/11/2024 18:17:58,Class A,255802580,55.459673,12.205465,Moored,4.5,0.0,113.1,181.0,9428396,CQPH,MANISA SOFIA,Cargo,,19.0,137.0,GPS,8.5,DKKOG,25/10/2025 16:00:00,AIS,127.0,10.0,15.0,4.0
26/11/2024 18:17:58,Class A,255802580,55.459673,12.205465,Moored,4.5,0.0,113.1,181.0,9428396,CQPH,MANISA SOFIA,Cargo,,19.0,137.0,GPS,8.5,DKKOG,25/10/2025 16:00:00,AIS,127.0,10.0,15.0,4.0
26/11/2024 18:17:58,Class A,255802580,55.459673,12.205465,Moored,4.5,0.0,113.1,181.0,9428396,CQPH,MANISA SOFIA,Cargo,,19.0,137.0,GPS,8.5,DKKOG,25/10/2025 16:00:00,AIS,127.0,10.0,15.0,4.0
26/11/2024 18:21:03,Class A,255802580,55.45967,12.205438,Moored,2.2,0.0,113.1,181.0,9428396,CQPH,MANISA SOFIA,Cargo,,19.0,137.0,GPS,8.5,DKKOG,25/10/2025 16:00:00,AIS,127.0,10.0,15.0,4.0
26/11/2024 18:21:03,Class A,255802580,55.45967,12.205438,Moored,2.2,0.0,113.1,181.0,9428396,CQPH,MANISA SOFIA,Cargo,,19.0,137.0,GPS,8.5,DKKOG,25/10/2025 16:00:00,AIS,127.0,10.0,15.0,4.0
26/11/2024 18:21:03,Class A,255802580,55.45967,12.205438,Moored,2.2,0.0,113.1,181.0,9428396,CQPH,MANISA SOFIA,Cargo,,19.0,137.0,GPS,8.5,DKKOG,25/10/2025 16:00:00,AIS,127.0,10.0,15.0,4.0
26/11/2024 18:23:53,Class A,255802580,55.45967,12.205438,Moored,2.2,0.0,113.1,181.0,9428396,CQPH,MANISA SOFIA,Cargo,,19.0,137.0,GPS,8.5,DKKOG,25/10/2025 16:00:00,AIS,127.0,10.0,15.0,4.0
26/11/2024 18:23:53,Class A,255802580,55.45967,12.205438,Moored,2.2,0.0,113.1,181.0,9428396,CQPH,MANISA SOFIA,Cargo,,19.0,137.0,GPS,8.5,DKKOG,25/10/2025 16:00:00,AIS,127.0,10.0,15.0,4.0
26/11/2024 18:23:54,Class A,255802580,55.45967,12.205488,Moored,0.7,0.0,113.1,181.0,9428396,CQPH,MANISA SOFIA,Cargo,,19.0,137.0,GPS,8.5,DKKOG,25/10/2025 16:00:00,AIS,127.0,10.0,15.0,4.0
26/11/2024 18:23:54,Class A,255802580,55.45967,12.205488,Moored,0.7,0.0,113.1,181.0,9428396,CQPH,MANISA SOFIA,Cargo,,19.0,137.0,GPS,8.5,DKKOG,25/10/2025 16:00:00,AIS,127.0,10.0,15.0,4.0
26/11/2024 18:27:03,Class A,255802580,55.45967,12.205442,Moored,-3.6,0.0,113.1,181.0,9428396,CQPH,MANISA SOFIA,Cargo,,19.0,137.0,GPS,8.5,DKKOG,25/10/2025 16:00:00,AIS,127.0,10.0,15.0,4.0
26/11/2024 18:27:03,Class A,255802580,55.45967,12.205442,Moored,-3.6,0.0,113.1,181.0,9428396,CQPH,MANISA SOFIA,Cargo,,19.0,137.0,GPS,8.5,DKKOG,25/10/2025 16:00:00,AIS,127.0,10.0,15.0,4.0
26/11/2024 18:27:03,Class A,255802580,55.45967,12.205442,Moored,-3.6,0.0,113.1,181.0,9428396,CQPH,MANISA SOFIA,Cargo,,19.0,137.0,GPS,8.5,DKKOG,25/10/2025 16:00:00,AIS,127.0,10.0,15.0,4.0
26/11/2024 18:29:53,Class A,255802580,55.45967,12.205442,Moored,-3.6,0.0,113.1,181.0,9428396,CQPH,MANISA SOFIA,Cargo,,19.0,137.0,GPS,8.5,DKKOG,25/10/2025 16:00:00,AIS,127.0,10.0,15.0,4.0
26/11/2024 18:29:57,Class A,255802580,55.459688,12.205462,Moored,3.6,0.0,113.1,181.0,9428396,CQPH,MANISA SOFIA,Cargo,,19.0,137.0,GPS,8.5,DKKOG,25/10/2025 16:00:00,AIS,127.0,10.0,15.0,4.0
26/11/2024 18:29:57,Class A,255802580,55.459688,12.205462,Moored,3.6,0.0,113.1,181.0,9428396,CQPH,MANISA SOFIA,Cargo,,19.0,137.0,GPS,8.5,DKKOG,25/10/2025 16:00:00,AIS,127.0,10.0,15.0,4.0
26/11/2024 18:29:57,Class A,255802580,55.459688,12.205462,Moored,3.6,0.0,113.1,181.0,9428396,CQPH,MANISA SOFIA,Cargo,,19.0,137.0,GPS,8.5,DKKOG,25/10/2025 16:00:00,AIS,127.0,10.0,15.0,4.0
26/11/2024 18:33:02,Class A,255802580,55.459685,12.20547,Moored,1.6,0.0,113.1,181.0,9428396,CQPH,MANISA SOFIA,Cargo,,19.0,137.0,GPS,8.5,DKKOG,25/10/2025 16:00:00,AIS,127.0,10.0,15.0,4.0
26/11/2024 18:33:02,Class A,255802580,55.459685,12.20547,Moored,1.6,0.0,113.1,181.0,9428396,CQPH,MANISA SOFIA,Cargo,,19.0,137.0,GPS,8.5,DKKOG,25/10/2025 16:00:00,AIS,127.0,10.0,15.0,4.0
26/11/2024 18:33:02,Class A,255802580,55.459685,12.20547,Moored,1.6,0.0,113.1,181.0,9428396,CQPH,MANISA SOFIA,Cargo,,19.0,137.0,GPS,8.5,DKKOG,25/10/2025 16:00:00,AIS,127.0,10.0,15.0,4.0
26/11/2024 18:35:53,Class A,255802580,55.459685,12.20547,Moored,1.6,0.0,113.1,181.0,9428396,CQPH,MANISA SOFIA,Cargo,,19.0,137.0,GPS,8.5,DKKOG,25/10/2025 16:00:00,AIS,127.0,10.0,15.0,4.0
26/11/2024 18:35:53,Class A,255802580,55.459685,12.20547,Moored,1.6,0.0,113.1,181.0,9428396,CQPH,MANISA SOFIA,Cargo,,19.0,137.0,GPS,8.5,DKKOG,25/10/2025 16:00:00,AIS,127.0,10.0,15.0,4.0
26/11/2024 18:35:53,Class A,255802580,55.459685,12.20547,Moored,1.6,0.0,113.1,181.0,9428396,CQPH,MANISA SOFIA,Cargo,,19.0,137.0,GPS,8.5,DKKOG,25/10/2025 16:00:00,AIS,127.0,10.0,15.0,4.0
26/11/2024 18:35:59,Class A,255802580,55.45967,12.205448,Moored,2.9,0.0,113.1,182.0,9428396,CQPH,MANISA SOFIA,Cargo,,19.0,137.0,GPS,8.5,DKKOG,25/10/2025 16:00:00,AIS,127.0,10.0,15.0,4.0
26/11/2024 18:35:59,Class A,255802580,55.45967,12.205448,Moored,2.9,0.0,113.1,182.0,9428396,CQPH,MANISA SOFIA,Cargo,,19.0,137.0,GPS,8.5,DKKOG,25/10/2025 16:00:00,AIS,127.0,10.0,15.0,4.0
26/11/2024 18:39:03,Class A,255802580,55.45967,12.205462,Moored,-2.2,0.0,113.1,181.0,9428396,CQPH,MANISA SOFIA,Cargo,,19.0,137.0,GPS,8.5,DKKOG,25/10/2025 16:00:00,AIS,127.0,10.0,15.0,4.0
26/11/2024 18:39:03,Class A,255802580,55.45967,12.205462,Moored,-2.2,0.0,113.1,181.0,9428396,CQPH,MANISA SOFIA,Cargo,,19.0,137.0,GPS,8.5,DKKOG,25/10/2025 16:00:00,AIS,127.0,10.0,15.0,4.0
26/11/2024 18:39:03,Class A,255802580,55.45967,12.205462,Moored,-2.2,0.0,113.1,181.0,9428396,CQPH,MANISA SOFIA,Cargo,,19.0,137.0,GPS,8.5,DKKOG,25/10/2025 16:00:00,AIS,127.0,10.0,15.0,4.0
26/11/2024 18:41:54,Class A,255802580,55.459685,12.205457,Moored,-2.9,0.0,113.1,181.0,9428396,CQPH,MANISA SOFIA,Cargo,,19.0,137.0,GPS,8.5,DKKOG,25/10/2025 16:00:00,AIS,127.0,10.0,15.0,4.0
26/11/2024 18:41:54,Class A,255802580,55.459685,12.205457,Moored,-2.9,0.0,113.1,181.0,9428396,CQPH,MANISA SOFIA,Cargo,,19.0,137.0,GPS,8.5,DKKOG,25/10/2025 16:00:00,AIS,127.0,10.0,15.0,4.0
26/11/2024 18:41:54,Class A,255802580,55.459685,12.205457,Moored,-2.9,0.0,113.1,181.0,9428396,CQPH,MANISA SOFIA,Cargo,,19.0,137.0,GPS,8.5,DKKOG,25/10/2025 16:00:00,AIS,127.0,10.0,15.0,4.0
26/11/2024 18:41:54,Class A,255802580,55.459685,12.205457,Moored,-2.9,0.0,113.1,181.0,9428396,CQPH,MANISA SOFIA,Cargo,,19.0,137.0,GPS,8.5,DKKOG,25/10/2025 16:00:00,AIS,127.0,10.0,15.0,4.0
26/11/2024 18:41:54,Class A,255802580,55.459685,12.205457,Moored,-2.9,0.0,113.1,181.0,9428396,CQPH,MANISA SOFIA,Cargo,,19.0,137.0,GPS,8.5,DKKOG,25/10/2025 16:00:00,AIS,127.0,10.0,15.0,4.0
26/11/2024 18:41:54,Class A,255802580,55.459685,12.205457,Moored,-2.9,0.0,113.1,181.0,9428396,CQPH,MANISA SOFIA,Cargo,,19.0,137.0,GPS,8.5,DKKOG,25/10/2025 16:00:00,AIS,127.0,10.0,15.0,4.0
26/11/2024 18:45:03,Class A,255802580,55.459662,12.20546,Moored,-2.2,0.0,113.1,181.0,9428396,CQPH,MANISA SOFIA,Cargo,,19.0,137.0,GPS,8.5,DKKOG,25/10/2025 16:00:00,AIS,127.0,10.0,15.0,4.0
26/11/2024 18:45:03,Class A,255802580,55.459662,12.20546,Moored,-2.2,0.0,113.1,181.0,9428396,CQPH,MANISA SOFIA,Cargo,,19.0,137.0,GPS,8.5,DKKOG,25/10/2025 16:00:00,AIS,127.0,10.0,15.0,4.0
26/11/2024 18:47:54,Class A,255802580,55.459662,12.20546,Moored,-2.2,0.0,113.1,181.0,9428396,CQPH,MANISA SOFIA,Cargo,,19.0,137.0,GPS,8.5,DKKOG,25/10/2025 16:00:00,AIS,127.0,10.0,15.0,4.0
26/11/2024 18:47:54,Class A,255802580,55.459662,12.20546,Moored,-2.2,0.0,113.1,181.0,9428396,CQPH,MANISA SOFIA,Cargo,,19.0,137.0,GPS,8.5,DKKOG,25/10/2025 16:00:00,AIS,127.0,10.0,15.0,4.0
26/11/2024 18:47:54,Class A,255802580,55.459662,12.20546,Moored,-2.2,0.0,113.1,181.0,9428396,CQPH,MANISA SOFIA,Cargo,,19.0,137.0,GPS,8.5,DKKOG,25/10/2025 16:00:00,AIS,127.0,10.0,15.0,4.0
26/11/2024 18:47:57,Class A,255802580,55.45968,12.20545,Moored,-4.5,0.0,113.1,181.0,9428396,CQPH,MANISA SOFIA,Cargo,,19.0,137.0,GPS,8.5,DKKOG,25/10/2025 16:00:00,AIS,127.0,10.0,15.0,4.0
26/11/2024 18:47:57,Class A,255802580,55.45968,12.20545,Moored,-4.5,0.0,113.1,181.0,9428396,CQPH,MANISA SOFIA,Cargo,,19.0,137.0,GPS,8.5,DKKOG,25/10/2025 16:00:00,AIS,127.0,10.0,15.0,4.0
26/11/2024 18:47:57,Class A,255802580,55.45968,12.20545,Moored,-4.5,0.0,113.1,181.0,9428396,CQPH,MANISA SOFIA,Cargo,,19.0,137.0,GPS,8.5,DKKOG,25/10/2025 16:00:00,AIS,127.0,10.0,15.0,4.0
26/11/2024 18:51:04,Class A,255802580,55.459675,12.20548,Moored,-4.5,0.0,113.1,181.0,9428396,CQPH,MANISA SOFIA,Cargo,,19.0,137.0,GPS,8.5,DKKOG,25/10/2025 16:00:00,AIS,127.0,10.0,15.0,4.0
26/11/2024 18:51:04,Class A,255802580,55.459675,12.20548,Moored,-4.5,0.0,113.1,181.0,9428396,CQPH,MANISA SOFIA,Cargo,,19.0,137.0,GPS,8.5,DKKOG,25/10/2025 16:00:00,AIS,127.0,10.0,15.0,4.0
26/11/2024 18:51:04,Class A,255802580,55.459675,12.20548,Moored,-4.5,0.0,113.1,181.0,9428396,CQPH,MANISA SOFIA,Cargo,,19.0,137.0,GPS,8.5,DKKOG,25/10/2025 16:00:00,AIS,127.0,10.0,15.0,4.0
26/11/2024 18:53:54,Class A,255802580,55.459675,12.20548,Moored,-4.5,0.0,113.1,181.0,9428396,CQPH,MANISA SOFIA,Cargo,,19.0,137.0,GPS,8.5,DKKOG,25/10/2025 16:00:00,AIS,127.0,10.0,15.0,4.0
26/11/2024 18:53:54,Class A,255802580,55.459675,12.20548,Moored,-4.5,0.0,113.1,181.0,9428396,CQPH,MANISA SOFIA,Cargo,,19.0,137.0,GPS,8.5,DKKOG,25/10/2025 16:00:00,AIS,127.0,10.0,15.0,4.0
26/11/2024 18:53:54,Class A,255802580,55.459675,12.20548,Moored,-4.5,0.0,113.1,181.0,9428396,CQPH,MANISA SOFIA,Cargo,,19.0,137.0,GPS,8.5,DKKOG,25/10/2025 16:00:00,AIS,127.0,10.0,15.0,4.0
26/11/2024 18:53:58,Class A,255802580,55.459663,12.20547,Moored,-4.5,0.0,113.1,181.0,9428396,CQPH,MANISA SOFIA,Cargo,,19.0,137.0,GPS,8.5,DKKOG,25/10/2025 16:00:00,AIS,127.0,10.0,15.0,4.0
26/11/2024 18:53:58,Class A,255802580,55.459663,12.20547,Moored,-4.5,0.0,113.1,181.0,9428396,CQPH,MANISA SOFIA,Cargo,,19.0,137.0,GPS,8.5,DKKOG,25/10/2025 16:00:00,AIS,127.0,10.0,15.0,4.0
26/11/2024 18:53:58,Class A,255802580,55.459663,12.20547,Moored,-4.5,0.0,113.1,181.0,9428396,CQPH,MANISA SOFIA,Cargo,,19.0,137.0,GPS,8.5,DKKOG,25/10/2025 16:00:00,AIS,127.0,10.0,15.0,4.0
26/11/2024 18:56:54,Class A,255802580,55.459673,12.205452,Moored,3.6,0.0,113.1,181.0,9428396,CQPH,MANISA SOFIA,Cargo,,19.0,137.0,GPS,8.5,DKKOG,25/10/2025 16:00:00,AIS,127.0,10.0,15.0,4.0
26/11/2024 18:56:54,Class A,255802580,55.459673,12.205452,Moored,3.6,0.0,113.1,181.0,9428396,CQPH,MANISA SOFIA,Cargo,,19.0,137.0,GPS,8.5,DKKOG,25/10/2025 16:00:00,AIS,127.0,10.0,15.0,4.0
26/11/2024 18:56:54,Class A,255802580,55.459673,12.205452,Moored,3.6,0.0,113.1,181.0,9428396,CQPH,MANISA SOFIA,Cargo,,19.0,137.0,GPS,8.5,DKKOG,25/10/2025 16:00:00,AIS,127.0,10.0,15.0,4.0
26/11/2024 18:59:54,Class A,255802580,55.459673,12.205452,Moored,3.6,0.0,113.1,181.0,9428396,CQPH,MANISA SOFIA,Cargo,,19.0,137.0,GPS,8.5,DKKOG,25/10/2025 16:00:00,AIS,127.0,10.0,15.0,4.0
26/11/2024 18:59:54,Class A,255802580,55.459673,12.205452,Moored,3.6,0.0,113.1,181.0,9428396,CQPH,MANISA SOFIA,Cargo,,19.0,137.0,GPS,8.5,DKKOG,25/10/2025 16:00:00,AIS,127.0,10.0,15.0,4.0
26/11/2024 18:59:54,Class A,255802580,55.459673,12.205452,Moored,3.6,0.0,113.1,181.0,9428396,CQPH,MANISA SOFIA,Cargo,,19.0,137.0,GPS,8.5,DKKOG,25/10/2025 16:00:00,AIS,127.0,10.0,15.0,4.0
26/11/2024 18:59:58,Class A,255802580,55.45967,12.20547,Moored,-3.6,0.0,113.1,181.0,9428396,CQPH,MANISA SOFIA,Cargo,,19.0,137.0,GPS,8.5,DKKOG,25/10/2025 16:00:00,AIS,127.0,10.0,15.0,4.0
26/11/2024 18:59:58,Class A,255802580,55.45967,12.20547,Moored,-3.6,0.0,113.1,181.0,9428396,CQPH,MANISA SOFIA,Cargo,,19.0,137.0,GPS,8.5,DKKOG,25/10/2025 16:00:00,AIS,127.0,10.0,15.0,4.0
26/11/2024 18:59:58,Class A,255802580,55.45967,12.20547,Moored,-3.6,0.0,113.1,181.0,9428396,CQPH,MANISA SOFIA,Cargo,,19.0,137.0,GPS,8.5,DKKOG,25/10/2025 16:00:00,AIS,127.0,10.0,15.0,4.0
26/11/2024 19:02:56,Class A,255802580,55.45966,12.205463,Moored,-5.4,0.0,113.1,181.0,9428396,CQPH,MANISA SOFIA,Cargo,,19.0,137.0,GPS,8.5,DKKOG,25/10/2025 16:00:00,AIS,127.0,10.0,15.0,4.0
26/11/2024 19:02:56,Class A,255802580,55.45966,12.205463,Moored,-5.4,0.0,113.1,181.0,9428396,CQPH,MANISA SOFIA,Cargo,,19.0,137.0,GPS,8.5,DKKOG,25/10/2025 16:00:00,AIS,127.0,10.0,15.0,4.0
26/11/2024 19:02:56,Class A,255802580,55.45966,12.205463,Moored,-5.4,0.0,113.1,181.0,9428396,CQPH,MANISA SOFIA,Cargo,,19.0,137.0,GPS,8.5,DKKOG,25/10/2025 16:00:00,AIS,127.0,10.0,15.0,4.0
26/11/2024 19:05:54,Class A,255802580,55.45966,12.205463,Moored,-5.4,0.0,113.1,181.0,9428396,CQPH,MANISA SOFIA,Cargo,,19.0,137.0,GPS,8.5,DKKOG,25/10/2025 16:00:00,AIS,127.0,10.0,15.0,4.0
26/11/2024 19:05:54,Class A,255802580,55.45966,12.205463,Moored,-5.4,0.0,113.1,181.0,9428396,CQPH,MANISA SOFIA,Cargo,,19.0,137.0,GPS,8.5,DKKOG,25/10/2025 16:00:00,AIS,127.0,10.0,15.0,4.0
26/11/2024 19:05:54,Class A,255802580,55.45966,12.205463,Moored,-5.4,0.0,113.1,181.0,9428396,CQPH,MANISA SOFIA,Cargo,,19.0,137.0,GPS,8.5,DKKOG,25/10/2025 16:00:00,AIS,127.0,10.0,15.0,4.0
26/11/2024 19:05:59,Class A,255802580,55.459662,12.205482,Moored,3.6,0.0,113.1,181.0,9428396,CQPH,MANISA SOFIA,Cargo,,19.0,137.0,GPS,8.5,DKKOG,25/10/2025 16:00:00,AIS,127.0,10.0,15.0,4.0
26/11/2024 19:05:59,Class A,255802580,55.459662,12.205482,Moored,3.6,0.0,113.1,181.0,9428396,CQPH,MANISA SOFIA,Cargo,,19.0,137.0,GPS,8.5,DKKOG,25/10/2025 16:00:00,AIS,127.0,10.0,15.0,4.0
26/11/2024 19:05:59,Class A,255802580,55.459662,12.205482,Moored,3.6,0.0,113.1,181.0,9428396,CQPH,MANISA SOFIA,Cargo,,19.0,137.0,GPS,8.5,DKKOG,25/10/2025 16:00:00,AIS,127.0,10.0,15.0,4.0
26/11/2024 19:08:59,Class A,255802580,55.459678,12.205455,Moored,3.6,0.0,113.1,181.0,9428396,CQPH,MANISA SOFIA,Cargo,,19.0,137.0,GPS,8.5,DKKOG,25/10/2025 16:00:00,AIS,127.0,10.0,15.0,4.0
26/11/2024 19:08:59,Class A,255802580,55.459678,12.205455,Moored,3.6,0.0,113.1,181.0,9428396,CQPH,MANISA SOFIA,Cargo,,19.0,137.0,GPS,8.5,DKKOG,25/10/2025 16:00:00,AIS,127.0,10.0,15.0,4.0
26/11/2024 19:11:54,Class A,255802580,55.459678,12.205455,Moored,3.6,0.0,113.1,181.0,9428396,CQPH,MANISA SOFIA,Cargo,,19.0,137.0,GPS,8.5,DKKOG,25/10/2025 16:00:00,AIS,127.0,10.0,15.0,4.0
26/11/2024 19:11:54,Class A,255802580,55.459678,12.205455,Moored,3.6,0.0,113.1,181.0,9428396,CQPH,MANISA SOFIA,Cargo,,19.0,137.0,GPS,8.5,DKKOG,25/10/2025 16:00:00,AIS,127.0,10.0,15.0,4.0
26/11/2024 19:12:01,Class A,255802580,55.459673,12.20545,Moored,-2.9,0.0,113.1,181.0,9428396,CQPH,MANISA SOFIA,Cargo,,19.0,137.0,GPS,8.5,DKKOG,25/10/2025 16:00:00,AIS,127.0,10.0,15.0,4.0
26/11/2024 19:12:01,Class A,255802580,55.459673,12.20545,Moored,-2.9,0.0,113.1,181.0,9428396,CQPH,MANISA SOFIA,Cargo,,19.0,137.0,GPS,8.5,DKKOG,25/10/2025 16:00:00,AIS,127.0,10.0,15.0,4.0
26/11/2024 19:15:00,Class A,255802580,55.45968,12.20545,Moored,-4.5,0.0,113.1,181.0,9428396,CQPH,MANISA SOFIA,Cargo,,19.0,137.0,GPS,8.5,DKKOG,25/10/2025 16:00:00,AIS,127.0,10.0,15.0,4.0
26/11/2024 19:15:00,Class A,255802580,55.45968,12.20545,Moored,-4.5,0.0,113.1,181.0,9428396,CQPH,MANISA SOFIA,Cargo,,19.0,137.0,GPS,8.5,DKKOG,25/10/2025 16:00:00,AIS,127.0,10.0,15.0,4.0
26/11/2024 19:17:54,Class A,255802580,55.45968,12.20545,Moored,-4.5,0.0,113.1,181.0,9428396,CQPH,MANISA SOFIA,Cargo,,19.0,137.0,GPS,8.5,DKKOG,25/10/2025 16:00:00,AIS,127.0,10.0,15.0,4.0
26/11/2024 19:17:54,Class A,255802580,55.45968,12.20545,Moored,-4.5,0.0,113.1,181.0,9428396,CQPH,MANISA SOFIA,Cargo,,19.0,137.0,GPS,8.5,DKKOG,25/10/2025 16:00:00,AIS,127.0,10.0,15.0,4.0
26/11/2024 19:18:02,Class A,255802580,55.459692,12.205423,Moored,3.6,0.0,113.1,181.0,9428396,CQPH,MANISA SOFIA,Cargo,,19.0,137.0,GPS,8.5,DKKOG,25/10/2025 16:00:00,AIS,127.0,10.0,15.0,4.0
26/11/2024 19:21:00,Class A,255802580,55.459682,12.205468,Moored,-5.4,0.0,113.1,181.0,9428396,CQPH,MANISA SOFIA,Cargo,,19.0,137.0,GPS,8.5,DKKOG,25/10/2025 16:00:00,AIS,127.0,10.0,15.0,4.0
26/11/2024 19:21:00,Class A,255802580,55.459682,12.205468,Moored,-5.4,0.0,113.1,181.0,9428396,CQPH,MANISA SOFIA,Cargo,,19.0,137.0,GPS,8.5,DKKOG,25/10/2025 16:00:00,AIS,127.0,10.0,15.0,4.0
26/11/2024 19:23:54,Class A,255802580,55.459682,12.205468,Moored,-5.4,0.0,113.1,181.0,9428396,CQPH,MANISA SOFIA,Cargo,,19.0,137.0,GPS,8.5,DKKOG,25/10/2025 16:00:00,AIS,127.0,10.0,15.0,4.0
26/11/2024 19:24:04,Class A,255802580,55.45968,12.20545,Moored,-3.6,0.0,113.1,181.0,9428396,CQPH,MANISA SOFIA,Cargo,,19.0,137.0,GPS,8.5,DKKOG,25/10/2025 16:00:00,AIS,127.0,10.0,15.0,4.0
26/11/2024 19:27:00,Class A,255802580,55.45968,12.205453,Moored,2.2,0.0,113.1,181.0,9428396,CQPH,MANISA SOFIA,Cargo,,19.0,137.0,GPS,8.5,DKKOG,25/10/2025 16:00:00,AIS,127.0,10.0,15.0,4.0
26/11/2024 19:27:00,Class A,255802580,55.45968,12.205453,Moored,2.2,0.0,113.1,181.0,9428396,CQPH,MANISA SOFIA,Cargo,,19.0,137.0,GPS,8.5,DKKOG,25/10/2025 16:00:00,AIS,127.0,10.0,15.0,4.0
26/11/2024 19:27:00,Class A,255802580,55.45968,12.205453,Moored,2.2,0.0,113.1,181.0,9428396,CQPH,MANISA SOFIA,Cargo,,19.0,137.0,GPS,8.5,DKKOG,25/10/2025 16:00:00,AIS,127.0,10.0,15.0,4.0
26/11/2024 19:29:54,Class A,255802580,55.45968,12.205453,Moored,2.2,0.0,113.1,181.0,9428396,CQPH,MANISA SOFIA,Cargo,,19.0,137.0,GPS,8.5,DKKOG,25/10/2025 16:00:00,AIS,127.0,10.0,15.0,4.0
26/11/2024 19:29:54,Class A,255802580,55.45968,12.205453,Moored,2.2,0.0,113.1,181.0,9428396,CQPH,MANISA SOFIA,Cargo,,19.0,137.0,GPS,8.5,DKKOG,25/10/2025 16:00:00,AIS,127.0,10.0,15.0,4.0
26/11/2024 19:30:02,Class A,255802580,55.459662,12.205515,Moored,-2.2,0.0,113.1,181.0,9428396,CQPH,MANISA SOFIA,Cargo,,19.0,137.0,GPS,8.5,DKKOG,25/10/2025 16:00:00,AIS,127.0,10.0,15.0,4.0
26/11/2024 19:30:02,Class A,255802580,55.459662,12.205515,Moored,-2.2,0.0,113.1,181.0,9428396,CQPH,MANISA SOFIA,Cargo,,19.0,137.0,GPS,8.5,DKKOG,25/10/2025 16:00:00,AIS,127.0,10.0,15.0,4.0
26/11/2024 19:30:02,Class A,255802580,55.459662,12.205515,Moored,-2.2,0.0,113.1,181.0,9428396,CQPH,MANISA SOFIA,Cargo,,19.0,137.0,GPS,8.5,DKKOG,25/10/2025 16:00:00,AIS,127.0,10.0,15.0,4.0
26/11/2024 19:33:00,Class A,255802580,55.459677,12.205428,Moored,1.1,0.0,113.1,181.0,9428396,CQPH,MANISA SOFIA,Cargo,,19.0,137.0,GPS,8.5,DKKOG,25/10/2025 16:00:00,AIS,127.0,10.0,15.0,4.0
26/11/2024 19:33:00,Class A,255802580,55.459677,12.205428,Moored,1.1,0.0,113.1,181.0,9428396,CQPH,MANISA SOFIA,Cargo,,19.0,137.0,GPS,8.5,DKKOG,25/10/2025 16:00:00,AIS,127.0,10.0,15.0,4.0
26/11/2024 19:33:00,Class A,255802580,55.459677,12.205428,Moored,1.1,0.0,113.1,181.0,9428396,CQPH,MANISA SOFIA,Cargo,,19.0,137.0,GPS,8.5,DKKOG,25/10/2025 16:00:00,AIS,127.0,10.0,15.0,4.0
26/11/2024 19:35:54,Class A,255802580,55.459677,12.205428,Moored,1.1,0.0,113.1,181.0,9428396,CQPH,MANISA SOFIA,Cargo,,19.0,137.0,GPS,8.5,DKKOG,25/10/2025 16:00:00,AIS,127.0,10.0,15.0,4.0
26/11/2024 19:35:54,Class A,255802580,55.459677,12.205428,Moored,1.1,0.0,113.1,181.0,9428396,CQPH,MANISA SOFIA,Cargo,,19.0,137.0,GPS,8.5,DKKOG,25/10/2025 16:00:00,AIS,127.0,10.0,15.0,4.0
26/11/2024 19:35:54,Class A,255802580,55.459677,12.205428,Moored,1.1,0.0,113.1,181.0,9428396,CQPH,MANISA SOFIA,Cargo,,19.0,137.0,GPS,8.5,DKKOG,25/10/2025 16:00:00,AIS,127.0,10.0,15.0,4.0
26/11/2024 19:36:03,Class A,255802580,55.45968,12.20545,Moored,-1.6,0.0,113.1,181.0,9428396,CQPH,MANISA SOFIA,Cargo,,19.0,137.0,GPS,8.5,DKKOG,25/10/2025 16:00:00,AIS,127.0,10.0,15.0,4.0
26/11/2024 19:36:03,Class A,255802580,55.45968,12.20545,Moored,-1.6,0.0,113.1,181.0,9428396,CQPH,MANISA SOFIA,Cargo,,19.0,137.0,GPS,8.5,DKKOG,25/10/2025 16:00:00,AIS,127.0,10.0,15.0,4.0
26/11/2024 19:36:03,Class A,255802580,55.45968,12.20545,Moored,-1.6,0.0,113.1,181.0,9428396,CQPH,MANISA SOFIA,Cargo,,19.0,137.0,GPS,8.5,DKKOG,25/10/2025 16:00:00,AIS,127.0,10.0,15.0,4.0
26/11/2024 19:39:00,Class A,255802580,55.459643,12.205428,Moored,2.2,0.0,113.1,181.0,9428396,CQPH,MANISA SOFIA,Cargo,,19.0,137.0,GPS,8.5,DKKOG,25/10/2025 16:00:00,AIS,127.0,10.0,15.0,4.0
26/11/2024 19:39:00,Class A,255802580,55.459643,12.205428,Moored,2.2,0.0,113.1,181.0,9428396,CQPH,MANISA SOFIA,Cargo,,19.0,137.0,GPS,8.5,DKKOG,25/10/2025 16:00:00,AIS,127.0,10.0,15.0,4.0
26/11/2024 19:41:54,Class A,255802580,55.45967,12.205413,Moored,4.5,0.0,113.1,181.0,9428396,CQPH,MANISA SOFIA,Cargo,,19.0,137.0,GPS,8.5,DKKOG,25/10/2025 16:00:00,AIS,127.0,10.0,15.0,4.0
26/11/2024 19:41:54,Class A,255802580,55.45967,12.205413,Moored,4.5,0.0,113.1,181.0,9428396,CQPH,MANISA SOFIA,Cargo,,19.0,137.0,GPS,8.5,DKKOG,25/10/2025 16:00:00,AIS,127.0,10.0,15.0,4.0
26/11/2024 19:41:54,Class A,255802580,55.45967,12.205413,Moored,4.5,0.0,113.1,181.0,9428396,CQPH,MANISA SOFIA,Cargo,,19.0,137.0,GPS,8.5,DKKOG,25/10/2025 16:00:00,AIS,127.0,10.0,15.0,4.0
26/11/2024 19:41:54,Class A,255802580,55.45967,12.205413,Moored,4.5,0.0,113.1,181.0,9428396,CQPH,MANISA SOFIA,Cargo,,19.0,137.0,GPS,8.5,DKKOG,25/10/2025 16:00:00,AIS,127.0,10.0,15.0,4.0
26/11/2024 19:41:54,Class A,255802580,55.45967,12.205413,Moored,4.5,0.0,113.1,181.0,9428396,CQPH,MANISA SOFIA,Cargo,,19.0,137.0,GPS,8.5,DKKOG,25/10/2025 16:00:00,AIS,127.0,10.0,15.0,4.0
26/11/2024 19:41:54,Class A,255802580,55.45967,12.205413,Moored,4.5,0.0,113.1,181.0,9428396,CQPH,MANISA SOFIA,Cargo,,19.0,137.0,GPS,8.5,DKKOG,25/10/2025 16:00:00,AIS,127.0,10.0,15.0,4.0
26/11/2024 19:44:54,Class A,255802580,55.459673,12.205463,Moored,1.6,0.0,113.1,181.0,9428396,CQPH,MANISA SOFIA,Cargo,,19.0,137.0,GPS,8.5,DKKOG,25/10/2025 16:00:00,AIS,127.0,10.0,15.0,4.0
26/11/2024 19:44:54,Class A,255802580,55.459673,12.205463,Moored,1.6,0.0,113.1,181.0,9428396,CQPH,MANISA SOFIA,Cargo,,19.0,137.0,GPS,8.5,DKKOG,25/10/2025 16:00:00,AIS,127.0,10.0,15.0,4.0
26/11/2024 19:44:54,Class A,255802580,55.459673,12.205463,Moored,1.6,0.0,113.1,181.0,9428396,CQPH,MANISA SOFIA,Cargo,,19.0,137.0,GPS,8.5,DKKOG,25/10/2025 16:00:00,AIS,127.0,10.0,15.0,4.0
26/11/2024 19:47:54,Class A,255802580,55.459673,12.205463,Moored,1.6,0.0,113.1,181.0,9428396,CQPH,MANISA SOFIA,Cargo,,19.0,137.0,GPS,8.5,DKKOG,25/10/2025 16:00:00,AIS,127.0,10.0,15.0,4.0
26/11/2024 19:47:54,Class A,255802580,55.459673,12.205463,Moored,1.6,0.0,113.1,181.0,9428396,CQPH,MANISA SOFIA,Cargo,,19.0,137.0,GPS,8.5,DKKOG,25/10/2025 16:00:00,AIS,127.0,10.0,15.0,4.0
26/11/2024 19:47:54,Class A,255802580,55.459673,12.205463,Moored,1.6,0.0,113.1,181.0,9428396,CQPH,MANISA SOFIA,Cargo,,19.0,137.0,GPS,8.5,DKKOG,25/10/2025 16:00:00,AIS,127.0,10.0,15.0,4.0
26/11/2024 19:47:56,Class A,255802580,55.459668,12.205438,Moored,-2.9,0.0,113.1,181.0,9428396,CQPH,MANISA SOFIA,Cargo,,19.0,137.0,GPS,8.5,DKKOG,25/10/2025 16:00:00,AIS,127.0,10.0,15.0,4.0
26/11/2024 19:47:56,Class A,255802580,55.459668,12.205438,Moored,-2.9,0.0,113.1,181.0,9428396,CQPH,MANISA SOFIA,Cargo,,19.0,137.0,GPS,8.5,DKKOG,25/10/2025 16:00:00,AIS,127.0,10.0,15.0,4.0
26/11/2024 19:50:59,Class A,255802580,55.459685,12.205423,Moored,3.6,0.0,113.1,181.0,9428396,CQPH,MANISA SOFIA,Cargo,,19.0,137.0,GPS,8.5,DKKOG,25/10/2025 16:00:00,AIS,127.0,10.0,15.0,4.0
26/11/2024 19:50:59,Class A,255802580,55.459685,12.205423,Moored,3.6,0.0,113.1,181.0,9428396,CQPH,MANISA SOFIA,Cargo,,19.0,137.0,GPS,8.5,DKKOG,25/10/2025 16:00:00,AIS,127.0,10.0,15.0,4.0
26/11/2024 19:53:54,Class A,255802580,55.459685,12.205423,Moored,3.6,0.0,113.1,181.0,9428396,CQPH,MANISA SOFIA,Cargo,,19.0,137.0,GPS,8.5,DKKOG,25/10/2025 16:00:00,AIS,127.0,10.0,15.0,4.0
26/11/2024 19:53:54,Class A,255802580,55.459685,12.205423,Moored,3.6,0.0,113.1,181.0,9428396,CQPH,MANISA SOFIA,Cargo,,19.0,137.0,GPS,8.5,DKKOG,25/10/2025 16:00:00,AIS,127.0,10.0,15.0,4.0
26/11/2024 19:53:54,Class A,255802580,55.459685,12.205423,Moored,3.6,0.0,113.1,181.0,9428396,CQPH,MANISA SOFIA,Cargo,,19.0,137.0,GPS,8.5,DKKOG,25/10/2025 16:00:00,AIS,127.0,10.0,15.0,4.0
26/11/2024 19:53:59,Class A,255802580,55.459653,12.205488,Moored,-4.5,0.0,113.1,181.0,9428396,CQPH,MANISA SOFIA,Cargo,,19.0,137.0,GPS,8.5,DKKOG,25/10/2025 16:00:00,AIS,127.0,10.0,15.0,4.0
26/11/2024 19:53:59,Class A,255802580,55.459653,12.205488,Moored,-4.5,0.0,113.1,181.0,9428396,CQPH,MANISA SOFIA,Cargo,,19.0,137.0,GPS,8.5,DKKOG,25/10/2025 16:00:00,AIS,127.0,10.0,15.0,4.0
26/11/2024 19:53:59,Class A,255802580,55.459653,12.205488,Moored,-4.5,0.0,113.1,181.0,9428396,CQPH,MANISA SOFIA,Cargo,,19.0,137.0,GPS,8.5,DKKOG,25/10/2025 16:00:00,AIS,127.0,10.0,15.0,4.0
26/11/2024 19:57:00,Class A,255802580,55.459655,12.205443,Moored,4.5,0.0,113.1,181.0,9428396,CQPH,MANISA SOFIA,Cargo,,19.0,137.0,GPS,8.5,DKKOG,25/10/2025 16:00:00,AIS,127.0,10.0,15.0,4.0
26/11/2024 19:57:01,Class A,255802580,55.459655,12.205443,Moored,4.5,0.0,113.1,181.0,9428396,CQPH,MANISA SOFIA,Cargo,,19.0,137.0,GPS,8.5,DKKOG,25/10/2025 16:00:00,AIS,127.0,10.0,15.0,4.0
26/11/2024 19:57:01,Class A,255802580,55.459655,12.205443,Moored,4.5,0.0,113.1,181.0,9428396,CQPH,MANISA SOFIA,Cargo,,19.0,137.0,GPS,8.5,DKKOG,25/10/2025 16:00:00,AIS,127.0,10.0,15.0,4.0
26/11/2024 19:59:54,Class A,255802580,55.459655,12.205443,Moored,4.5,0.0,113.1,181.0,9428396,CQPH,MANISA SOFIA,Cargo,,19.0,137.0,GPS,8.5,DKKOG,25/10/2025 16:00:00,AIS,127.0,10.0,15.0,4.0
26/11/2024 19:59:58,Class A,255802580,55.45965,12.205458,Moored,2.9,0.0,113.1,181.0,9428396,CQPH,MANISA SOFIA,Cargo,,19.0,137.0,GPS,8.5,DKKOG,25/10/2025 16:00:00,AIS,127.0,10.0,15.0,4.0
26/11/2024 19:59:58,Class A,255802580,55.45965,12.205458,Moored,2.9,0.0,113.1,181.0,9428396,CQPH,MANISA SOFIA,Cargo,,19.0,137.0,GPS,8.5,DKKOG,25/10/2025 16:00:00,AIS,127.0,10.0,15.0,4.0
26/11/2024 19:59:58,Class A,255802580,55.45965,12.205458,Moored,2.9,0.0,113.1,181.0,9428396,CQPH,MANISA SOFIA,Cargo,,19.0,137.0,GPS,8.5,DKKOG,25/10/2025 16:00:00,AIS,127.0,10.0,15.0,4.0
26/11/2024 20:03:02,Class A,255802580,55.459673,12.205452,Moored,0.0,0.0,113.1,181.0,9428396,CQPH,MANISA SOFIA,Cargo,,19.0,137.0,GPS,8.5,DKKOG,25/10/2025 16:00:00,AIS,127.0,10.0,15.0,4.0
26/11/2024 20:03:02,Class A,255802580,55.459673,12.205452,Moored,0.0,0.0,113.1,181.0,9428396,CQPH,MANISA SOFIA,Cargo,,19.0,137.0,GPS,8.5,DKKOG,25/10/2025 16:00:00,AIS,127.0,10.0,15.0,4.0
26/11/2024 20:05:54,Class A,255802580,55.459673,12.205452,Moored,0.0,0.0,113.1,181.0,9428396,CQPH,MANISA SOFIA,Cargo,,19.0,137.0,GPS,8.5,DKKOG,25/10/2025 16:00:00,AIS,127.0,10.0,15.0,4.0
26/11/2024 20:05:54,Class A,255802580,55.459673,12.205452,Moored,0.0,0.0,113.1,181.0,9428396,CQPH,MANISA SOFIA,Cargo,,19.0,137.0,GPS,8.5,DKKOG,25/10/2025 16:00:00,AIS,127.0,10.0,15.0,4.0
26/11/2024 20:05:58,Class A,255802580,55.459655,12.205443,Moored,0.4,0.0,113.1,181.0,9428396,CQPH,MANISA SOFIA,Cargo,,19.0,137.0,GPS,8.5,DKKOG,25/10/2025 16:00:00,AIS,127.0,10.0,15.0,4.0
26/11/2024 20:05:58,Class A,255802580,55.459655,12.205443,Moored,0.4,0.0,113.1,181.0,9428396,CQPH,MANISA SOFIA,Cargo,,19.0,137.0,GPS,8.5,DKKOG,25/10/2025 16:00:00,AIS,127.0,10.0,15.0,4.0
26/11/2024 20:05:58,Class A,255802580,55.459655,12.205443,Moored,0.4,0.0,113.1,181.0,9428396,CQPH,MANISA SOFIA,Cargo,,19.0,137.0,GPS,8.5,DKKOG,25/10/2025 16:00:00,AIS,127.0,10.0,15.0,4.0
26/11/2024 20:09:01,Class A,255802580,55.459668,12.205458,Moored,0.4,0.0,113.1,181.0,9428396,CQPH,MANISA SOFIA,Cargo,,19.0,137.0,GPS,8.5,DKKOG,25/10/2025 16:00:00,AIS,127.0,10.0,15.0,4.0
26/11/2024 20:11:54,Class A,255802580,55.459668,12.205458,Moored,0.4,0.0,113.1,181.0,9428396,CQPH,MANISA SOFIA,Cargo,,19.0,137.0,GPS,8.5,DKKOG,25/10/2025 16:00:00,AIS,127.0,10.0,15.0,4.0
26/11/2024 20:11:54,Class A,255802580,55.459668,12.205458,Moored,0.4,0.0,113.1,181.0,9428396,CQPH,MANISA SOFIA,Cargo,,19.0,137.0,GPS,8.5,DKKOG,25/10/2025 16:00:00,AIS,127.0,10.0,15.0,4.0
26/11/2024 20:11:59,Class A,255802580,55.459678,12.205467,Moored,0.2,0.0,113.1,181.0,9428396,CQPH,MANISA SOFIA,Cargo,,19.0,137.0,GPS,8.5,DKKOG,25/10/2025 16:00:00,AIS,127.0,10.0,15.0,4.0
26/11/2024 20:11:59,Class A,255802580,55.459678,12.205467,Moored,0.2,0.0,113.1,181.0,9428396,CQPH,MANISA SOFIA,Cargo,,19.0,137.0,GPS,8.5,DKKOG,25/10/2025 16:00:00,AIS,127.0,10.0,15.0,4.0
26/11/2024 20:11:59,Class A,255802580,55.459678,12.205467,Moored,0.2,0.0,113.1,181.0,9428396,CQPH,MANISA SOFIA,Cargo,,19.0,137.0,GPS,8.5,DKKOG,25/10/2025 16:00:00,AIS,127.0,10.0,15.0,4.0
26/11/2024 20:17:54,Class A,255802580,55.459678,12.205467,Moored,0.2,0.0,113.1,181.0,9428396,CQPH,MANISA SOFIA,Cargo,,19.0,137.0,GPS,8.5,DKKOG,25/10/2025 16:00:00,AIS,127.0,10.0,15.0,4.0
26/11/2024 20:17:54,Class A,255802580,55.459678,12.205467,Moored,0.2,0.0,113.1,181.0,9428396,CQPH,MANISA SOFIA,Cargo,,19.0,137.0,GPS,8.5,DKKOG,25/10/2025 16:00:00,AIS,127.0,10.0,15.0,4.0
26/11/2024 20:17:54,Class A,255802580,55.459678,12.205467,Moored,0.2,0.0,113.1,181.0,9428396,CQPH,MANISA SOFIA,Cargo,,19.0,137.0,GPS,8.5,DKKOG,25/10/2025 16:00:00,AIS,127.0,10.0,15.0,4.0
26/11/2024 20:17:58,Class A,255802580,55.459678,12.205485,Moored,-0.2,0.0,113.1,181.0,9428396,CQPH,MANISA SOFIA,Cargo,,19.0,137.0,GPS,8.5,DKKOG,25/10/2025 16:00:00,AIS,127.0,10.0,15.0,4.0
26/11/2024 20:17:58,Class A,255802580,55.459678,12.205485,Moored,-0.2,0.0,113.1,181.0,9428396,CQPH,MANISA SOFIA,Cargo,,19.0,137.0,GPS,8.5,DKKOG,25/10/2025 16:00:00,AIS,127.0,10.0,15.0,4.0
26/11/2024 20:17:58,Class A,255802580,55.459678,12.205485,Moored,-0.2,0.0,113.1,181.0,9428396,CQPH,MANISA SOFIA,Cargo,,19.0,137.0,GPS,8.5,DKKOG,25/10/2025 16:00:00,AIS,127.0,10.0,15.0,4.0
26/11/2024 20:21:00,Class A,255802580,55.459678,12.205475,Moored,-0.0,0.0,113.1,181.0,9428396,CQPH,MANISA SOFIA,Cargo,,19.0,137.0,GPS,8.5,DKKOG,25/10/2025 16:00:00,AIS,127.0,10.0,15.0,4.0
26/11/2024 20:21:00,Class A,255802580,55.459678,12.205475,Moored,-0.0,0.0,113.1,181.0,9428396,CQPH,MANISA SOFIA,Cargo,,19.0,137.0,GPS,8.5,DKKOG,25/10/2025 16:00:00,AIS,127.0,10.0,15.0,4.0
26/11/2024 20:21:00,Class A,255802580,55.459678,12.205475,Moored,-0.0,0.0,113.1,181.0,9428396,CQPH,MANISA SOFIA,Cargo,,19.0,137.0,GPS,8.5,DKKOG,25/10/2025 16:00:00,AIS,127.0,10.0,15.0,4.0
26/11/2024 20:23:54,Class A,255802580,55.459678,12.205475,Moored,-0.0,0.0,113.1,181.0,9428396,CQPH,MANISA SOFIA,Cargo,,19.0,137.0,GPS,8.5,DKKOG,25/10/2025 16:00:00,AIS,127.0,10.0,15.0,4.0
26/11/2024 20:23:54,Class A,255802580,55.459678,12.205475,Moored,-0.0,0.0,113.1,181.0,9428396,CQPH,MANISA SOFIA,Cargo,,19.0,137.0,GPS,8.5,DKKOG,25/10/2025 16:00:00,AIS,127.0,10.0,15.0,4.0
26/11/2024 20:23:54,Class A,255802580,55.459678,12.205475,Moored,-0.0,0.0,113.1,181.0,9428396,CQPH,MANISA SOFIA,Cargo,,19.0,137.0,GPS,8.5,DKKOG,25/10/2025 16:00:00,AIS,127.0,10.0,15.0,4.0
26/11/2024 20:23:58,Class A,255802580,55.459685,12.205492,Moored,0.2,0.0,113.1,181.0,9428396,CQPH,MANISA SOFIA,Cargo,,19.0,137.0,GPS,8.5,DKKOG,25/10/2025 16:00:00,AIS,127.0,10.0,15.0,4.0
26/11/2024 20:23:58,Class A,255802580,55.459685,12.205492,Moored,0.2,0.0,113.1,181.0,9428396,CQPH,MANISA SOFIA,Cargo,,19.0,137.0,GPS,8.5,DKKOG,25/10/2025 16:00:00,AIS,127.0,10.0,15.0,4.0
26/11/2024 20:23:58,Class A,255802580,55.459685,12.205492,Moored,0.2,0.0,113.1,181.0,9428396,CQPH,MANISA SOFIA,Cargo,,19.0,137.0,GPS,8.5,DKKOG,25/10/2025 16:00:00,AIS,127.0,10.0,15.0,4.0
26/11/2024 20:27:02,Class A,255802580,55.45967,12.205473,Moored,-0.2,0.0,113.1,181.0,9428396,CQPH,MANISA SOFIA,Cargo,,19.0,137.0,GPS,8.5,DKKOG,25/10/2025 16:00:00,AIS,127.0,10.0,15.0,4.0
26/11/2024 20:27:02,Class A,255802580,55.45967,12.205473,Moored,-0.2,0.0,113.1,181.0,9428396,CQPH,MANISA SOFIA,Cargo,,19.0,137.0,GPS,8.5,DKKOG,25/10/2025 16:00:00,AIS,127.0,10.0,15.0,4.0
26/11/2024 20:29:54,Class A,255802580,55.45967,12.205473,Moored,-0.2,0.0,113.1,181.0,9428396,CQPH,MANISA SOFIA,Cargo,,19.0,137.0,GPS,8.5,DKKOG,25/10/2025 16:00:00,AIS,127.0,10.0,15.0,4.0
26/11/2024 20:29:54,Class A,255802580,55.45967,12.205473,Moored,-0.2,0.0,113.1,181.0,9428396,CQPH,MANISA SOFIA,Cargo,,19.0,137.0,GPS,8.5,DKKOG,25/10/2025 16:00:00,AIS,127.0,10.0,15.0,4.0
26/11/2024 20:29:54,Class A,255802580,55.45967,12.205473,Moored,-0.2,0.0,113.1,181.0,9428396,CQPH,MANISA SOFIA,Cargo,,19.0,137.0,GPS,8.5,DKKOG,25/10/2025 16:00:00,AIS,127.0,10.0,15.0,4.0
26/11/2024 20:29:59,Class A,255802580,55.459652,12.2055,Moored,0.4,0.0,113.1,181.0,9428396,CQPH,MANISA SOFIA,Cargo,,19.0,137.0,GPS,8.5,DKKOG,25/10/2025 16:00:00,AIS,127.0,10.0,15.0,4.0
26/11/2024 20:29:59,Class A,255802580,55.459652,12.2055,Moored,0.4,0.0,113.1,181.0,9428396,CQPH,MANISA SOFIA,Cargo,,19.0,137.0,GPS,8.5,DKKOG,25/10/2025 16:00:00,AIS,127.0,10.0,15.0,4.0
26/11/2024 20:33:00,Class A,255802580,55.459673,12.205502,Moored,0.0,0.0,113.1,181.0,9428396,CQPH,MANISA SOFIA,Cargo,,19.0,137.0,GPS,8.5,DKKOG,25/10/2025 16:00:00,AIS,127.0,10.0,15.0,4.0
26/11/2024 20:33:00,Class A,255802580,55.459673,12.205502,Moored,0.0,0.0,113.1,181.0,9428396,CQPH,MANISA SOFIA,Cargo,,19.0,137.0,GPS,8.5,DKKOG,25/10/2025 16:00:00,AIS,127.0,10.0,15.0,4.0
26/11/2024 20:33:00,Class A,255802580,55.459673,12.205502,Moored,0.0,0.0,113.1,181.0,9428396,CQPH,MANISA SOFIA,Cargo,,19.0,137.0,GPS,8.5,DKKOG,25/10/2025 16:00:00,AIS,127.0,10.0,15.0,4.0
26/11/2024 20:35:53,Class A,255802580,55.459673,12.205502,Moored,0.0,0.0,113.1,181.0,9428396,CQPH,MANISA SOFIA,Cargo,,19.0,137.0,GPS,8.5,DKKOG,25/10/2025 16:00:00,AIS,127.0,10.0,15.0,4.0
26/11/2024 20:35:53,Class A,255802580,55.459673,12.205502,Moored,0.0,0.0,113.1,181.0,9428396,CQPH,MANISA SOFIA,Cargo,,19.0,137.0,GPS,8.5,DKKOG,25/10/2025 16:00:00,AIS,127.0,10.0,15.0,4.0
26/11/2024 20:35:57,Class A,255802580,55.459653,12.20548,Moored,0.0,0.0,113.1,181.0,9428396,CQPH,MANISA SOFIA,Cargo,,19.0,137.0,GPS,8.5,DKKOG,25/10/2025 16:00:00,AIS,127.0,10.0,15.0,4.0
26/11/2024 20:35:57,Class A,255802580,55.459653,12.20548,Moored,0.0,0.0,113.1,181.0,9428396,CQPH,MANISA SOFIA,Cargo,,19.0,137.0,GPS,8.5,DKKOG,25/10/2025 16:00:00,AIS,127.0,10.0,15.0,4.0
26/11/2024 20:35:57,Class A,255802580,55.459653,12.20548,Moored,0.0,0.0,113.1,181.0,9428396,CQPH,MANISA SOFIA,Cargo,,19.0,137.0,GPS,8.5,DKKOG,25/10/2025 16:00:00,AIS,127.0,10.0,15.0,4.0
26/11/2024 20:41:54,Class A,255802580,55.459653,12.20548,Moored,0.0,0.0,113.1,181.0,9428396,CQPH,MANISA SOFIA,Cargo,,19.0,137.0,GPS,8.5,DKKOG,25/10/2025 16:00:00,AIS,127.0,10.0,15.0,4.0
26/11/2024 20:41:54,Class A,255802580,55.459653,12.20548,Moored,0.0,0.0,113.1,181.0,9428396,CQPH,MANISA SOFIA,Cargo,,19.0,137.0,GPS,8.5,DKKOG,25/10/2025 16:00:00,AIS,127.0,10.0,15.0,4.0
26/11/2024 20:41:54,Class A,255802580,55.459653,12.20548,Moored,0.0,0.0,113.1,181.0,9428396,CQPH,MANISA SOFIA,Cargo,,19.0,137.0,GPS,8.5,DKKOG,25/10/2025 16:00:00,AIS,127.0,10.0,15.0,4.0
26/11/2024 20:41:57,Class A,255802580,55.459673,12.205502,Moored,-2.2,0.0,113.1,181.0,9428396,CQPH,MANISA SOFIA,Cargo,,19.0,137.0,GPS,8.5,DKKOG,25/10/2025 16:00:00,AIS,127.0,10.0,15.0,4.0
26/11/2024 20:41:57,Class A,255802580,55.459673,12.205502,Moored,-2.2,0.0,113.1,181.0,9428396,CQPH,MANISA SOFIA,Cargo,,19.0,137.0,GPS,8.5,DKKOG,25/10/2025 16:00:00,AIS,127.0,10.0,15.0,4.0
26/11/2024 20:41:57,Class A,255802580,55.459673,12.205502,Moored,-2.2,0.0,113.1,181.0,9428396,CQPH,MANISA SOFIA,Cargo,,19.0,137.0,GPS,8.5,DKKOG,25/10/2025 16:00:00,AIS,127.0,10.0,15.0,4.0
26/11/2024 20:44:54,Class A,255802580,55.45967,12.205495,Moored,3.6,0.0,113.1,181.0,9428396,CQPH,MANISA SOFIA,Cargo,,19.0,137.0,GPS,8.5,DKKOG,25/10/2025 16:00:00,AIS,127.0,10.0,15.0,4.0
26/11/2024 20:44:54,Class A,255802580,55.45967,12.205495,Moored,3.6,0.0,113.1,181.0,9428396,CQPH,MANISA SOFIA,Cargo,,19.0,137.0,GPS,8.5,DKKOG,25/10/2025 16:00:00,AIS,127.0,10.0,15.0,4.0
26/11/2024 20:44:54,Class A,255802580,55.45967,12.205495,Moored,3.6,0.0,113.1,181.0,9428396,CQPH,MANISA SOFIA,Cargo,,19.0,137.0,GPS,8.5,DKKOG,25/10/2025 16:00:00,AIS,127.0,10.0,15.0,4.0
26/11/2024 20:47:54,Class A,255802580,55.45967,12.205495,Moored,3.6,0.0,113.1,181.0,9428396,CQPH,MANISA SOFIA,Cargo,,19.0,137.0,GPS,8.5,DKKOG,25/10/2025 16:00:00,AIS,127.0,10.0,15.0,4.0
26/11/2024 20:47:57,Class A,255802580,55.459692,12.205483,Moored,-2.2,0.0,113.1,181.0,9428396,CQPH,MANISA SOFIA,Cargo,,19.0,137.0,GPS,8.5,DKKOG,25/10/2025 16:00:00,AIS,127.0,10.0,15.0,4.0
26/11/2024 20:47:57,Class A,255802580,55.459692,12.205483,Moored,-2.2,0.0,113.1,181.0,9428396,CQPH,MANISA SOFIA,Cargo,,19.0,137.0,GPS,8.5,DKKOG,25/10/2025 16:00:00,AIS,127.0,10.0,15.0,4.0
26/11/2024 20:50:59,Class A,255802580,55.459692,12.205473,Moored,0.4,0.0,113.1,181.0,9428396,CQPH,MANISA SOFIA,Cargo,,19.0,137.0,GPS,8.5,DKKOG,25/10/2025 16:00:00,AIS,127.0,10.0,15.0,4.0
26/11/2024 20:50:59,Class A,255802580,55.459692,12.205473,Moored,0.4,0.0,113.1,181.0,9428396,CQPH,MANISA SOFIA,Cargo,,19.0,137.0,GPS,8.5,DKKOG,25/10/2025 16:00:00,AIS,127.0,10.0,15.0,4.0
26/11/2024 20:53:58,Class A,255802580,55.459673,12.205497,Moored,0.0,0.0,113.1,181.0,9428396,CQPH,MANISA SOFIA,Cargo,,19.0,137.0,GPS,8.5,DKKOG,25/10/2025 16:00:00,AIS,127.0,10.0,15.0,4.0
26/11/2024 20:53:58,Class A,255802580,55.459673,12.205497,Moored,0.0,0.0,113.1,181.0,9428396,CQPH,MANISA SOFIA,Cargo,,19.0,137.0,GPS,8.5,DKKOG,25/10/2025 16:00:00,AIS,127.0,10.0,15.0,4.0
26/11/2024 20:53:58,Class A,255802580,55.459673,12.205497,Moored,0.0,0.0,113.1,181.0,9428396,CQPH,MANISA SOFIA,Cargo,,19.0,137.0,GPS,8.5,DKKOG,25/10/2025 16:00:00,AIS,127.0,10.0,15.0,4.0
26/11/2024 20:56:58,Class A,255802580,55.459678,12.205492,Moored,-3.6,0.0,113.1,181.0,9428396,CQPH,MANISA SOFIA,Cargo,,19.0,137.0,GPS,8.5,DKKOG,25/10/2025 16:00:00,AIS,127.0,10.0,15.0,4.0
26/11/2024 20:56:58,Class A,255802580,55.459678,12.205492,Moored,-3.6,0.0,113.1,181.0,9428396,CQPH,MANISA SOFIA,Cargo,,19.0,137.0,GPS,8.5,DKKOG,25/10/2025 16:00:00,AIS,127.0,10.0,15.0,4.0
26/11/2024 20:59:54,Class A,255802580,55.459678,12.205492,Moored,-3.6,0.0,113.1,181.0,9428396,CQPH,MANISA SOFIA,Cargo,,19.0,137.0,GPS,8.5,DKKOG,25/10/2025 16:00:00,AIS,127.0,10.0,15.0,4.0
26/11/2024 20:59:54,Class A,255802580,55.459678,12.205492,Moored,-3.6,0.0,113.1,181.0,9428396,CQPH,MANISA SOFIA,Cargo,,19.0,137.0,GPS,8.5,DKKOG,25/10/2025 16:00:00,AIS,127.0,10.0,15.0,4.0
26/11/2024 20:59:54,Class A,255802580,55.459678,12.205492,Moored,-3.6,0.0,113.1,181.0,9428396,CQPH,MANISA SOFIA,Cargo,,19.0,137.0,GPS,8.5,DKKOG,25/10/2025 16:00:00,AIS,127.0,10.0,15.0,4.0
26/11/2024 20:59:59,Class A,255802580,55.459687,12.205492,Moored,2.9,0.0,113.1,181.0,9428396,CQPH,MANISA SOFIA,Cargo,,19.0,137.0,GPS,8.5,DKKOG,25/10/2025 16:00:00,AIS,127.0,10.0,15.0,4.0
26/11/2024 20:59:59,Class A,255802580,55.459687,12.205492,Moored,2.9,0.0,113.1,181.0,9428396,CQPH,MANISA SOFIA,Cargo,,19.0,137.0,GPS,8.5,DKKOG,25/10/2025 16:00:00,AIS,127.0,10.0,15.0,4.0
26/11/2024 21:05:54,Class A,255802580,55.459687,12.205492,Moored,2.9,0.0,113.1,181.0,9428396,CQPH,MANISA SOFIA,Cargo,,19.0,137.0,GPS,8.5,DKKOG,25/10/2025 16:00:00,AIS,127.0,10.0,15.0,4.0
26/11/2024 21:05:54,Class A,255802580,55.459687,12.205492,Moored,2.9,0.0,113.1,181.0,9428396,CQPH,MANISA SOFIA,Cargo,,19.0,137.0,GPS,8.5,DKKOG,25/10/2025 16:00:00,AIS,127.0,10.0,15.0,4.0
26/11/2024 21:06:00,Class A,255802580,55.459685,12.205522,Moored,-0.0,0.0,113.1,181.0,9428396,CQPH,MANISA SOFIA,Cargo,,19.0,137.0,GPS,8.5,DKKOG,25/10/2025 16:00:00,AIS,127.0,10.0,15.0,4.0
26/11/2024 21:08:57,Class A,255802580,55.45971,12.205522,Moored,3.6,0.0,113.1,181.0,9428396,CQPH,MANISA SOFIA,Cargo,,19.0,137.0,GPS,8.5,DKKOG,25/10/2025 16:00:00,AIS,127.0,10.0,15.0,4.0
26/11/2024 21:08:57,Class A,255802580,55.45971,12.205522,Moored,3.6,0.0,113.1,181.0,9428396,CQPH,MANISA SOFIA,Cargo,,19.0,137.0,GPS,8.5,DKKOG,25/10/2025 16:00:00,AIS,127.0,10.0,15.0,4.0
26/11/2024 21:11:54,Class A,255802580,55.45971,12.205522,Moored,3.6,0.0,113.1,181.0,9428396,CQPH,MANISA SOFIA,Cargo,,19.0,137.0,GPS,8.5,DKKOG,25/10/2025 16:00:00,AIS,127.0,10.0,15.0,4.0
26/11/2024 21:11:54,Class A,255802580,55.45971,12.205522,Moored,3.6,0.0,113.1,181.0,9428396,CQPH,MANISA SOFIA,Cargo,,19.0,137.0,GPS,8.5,DKKOG,25/10/2025 16:00:00,AIS,127.0,10.0,15.0,4.0
26/11/2024 21:11:54,Class A,255802580,55.45971,12.205522,Moored,3.6,0.0,113.1,181.0,9428396,CQPH,MANISA SOFIA,Cargo,,19.0,137.0,GPS,8.5,DKKOG,25/10/2025 16:00:00,AIS,127.0,10.0,15.0,4.0
26/11/2024 21:11:59,Class A,255802580,55.459697,12.205493,Moored,2.9,0.0,113.1,181.0,9428396,CQPH,MANISA SOFIA,Cargo,,19.0,137.0,GPS,8.5,DKKOG,25/10/2025 16:00:00,AIS,127.0,10.0,15.0,4.0
26/11/2024 21:11:59,Class A,255802580,55.459697,12.205493,Moored,2.9,0.0,113.1,181.0,9428396,CQPH,MANISA SOFIA,Cargo,,19.0,137.0,GPS,8.5,DKKOG,25/10/2025 16:00:00,AIS,127.0,10.0,15.0,4.0
26/11/2024 21:14:58,Class A,255802580,55.45969,12.205497,Moored,1.6,0.0,113.1,181.0,9428396,CQPH,MANISA SOFIA,Cargo,,19.0,137.0,GPS,8.5,DKKOG,25/10/2025 16:00:00,AIS,127.0,10.0,15.0,4.0
26/11/2024 21:14:58,Class A,255802580,55.45969,12.205497,Moored,1.6,0.0,113.1,181.0,9428396,CQPH,MANISA SOFIA,Cargo,,19.0,137.0,GPS,8.5,DKKOG,25/10/2025 16:00:00,AIS,127.0,10.0,15.0,4.0
26/11/2024 21:14:58,Class A,255802580,55.45969,12.205497,Moored,1.6,0.0,113.1,181.0,9428396,CQPH,MANISA SOFIA,Cargo,,19.0,137.0,GPS,8.5,DKKOG,25/10/2025 16:00:00,AIS,127.0,10.0,15.0,4.0
26/11/2024 21:17:54,Class A,255802580,55.45969,12.205497,Moored,1.6,0.0,113.1,181.0,9428396,CQPH,MANISA SOFIA,Cargo,,19.0,137.0,GPS,8.5,DKKOG,25/10/2025 16:00:00,AIS,127.0,10.0,15.0,4.0
26/11/2024 21:17:54,Class A,255802580,55.45969,12.205497,Moored,1.6,0.0,113.1,181.0,9428396,CQPH,MANISA SOFIA,Cargo,,19.0,137.0,GPS,8.5,DKKOG,25/10/2025 16:00:00,AIS,127.0,10.0,15.0,4.0
26/11/2024 21:17:54,Class A,255802580,55.459692,12.205473,Moored,-0.7,0.0,113.1,181.0,9428396,CQPH,MANISA SOFIA,Cargo,,19.0,137.0,GPS,8.5,DKKOG,25/10/2025 16:00:00,AIS,127.0,10.0,15.0,4.0
26/11/2024 21:23:54,Class A,255802580,55.459692,12.205473,Moored,-0.7,0.0,113.1,181.0,9428396,CQPH,MANISA SOFIA,Cargo,,19.0,137.0,GPS,8.5,DKKOG,25/10/2025 16:00:00,AIS,127.0,10.0,15.0,4.0
26/11/2024 21:23:54,Class A,255802580,55.459692,12.205473,Moored,-0.7,0.0,113.1,181.0,9428396,CQPH,MANISA SOFIA,Cargo,,19.0,137.0,GPS,8.5,DKKOG,25/10/2025 16:00:00,AIS,127.0,10.0,15.0,4.0
26/11/2024 21:23:54,Class A,255802580,55.459692,12.205473,Moored,-0.7,0.0,113.1,181.0,9428396,CQPH,MANISA SOFIA,Cargo,,19.0,137.0,GPS,8.5,DKKOG,25/10/2025 16:00:00,AIS,127.0,10.0,15.0,4.0
26/11/2024 21:23:59,Class A,255802580,55.459688,12.205498,Moored,0.2,0.0,113.1,181.0,9428396,CQPH,MANISA SOFIA,Cargo,,19.0,137.0,GPS,8.5,DKKOG,25/10/2025 16:00:00,AIS,127.0,10.0,15.0,4.0
26/11/2024 21:23:59,Class A,255802580,55.459688,12.205498,Moored,0.2,0.0,113.1,181.0,9428396,CQPH,MANISA SOFIA,Cargo,,19.0,137.0,GPS,8.5,DKKOG,25/10/2025 16:00:00,AIS,127.0,10.0,15.0,4.0
26/11/2024 21:23:59,Class A,255802580,55.459688,12.205498,Moored,0.2,0.0,113.1,181.0,9428396,CQPH,MANISA SOFIA,Cargo,,19.0,137.0,GPS,8.5,DKKOG,25/10/2025 16:00:00,AIS,127.0,10.0,15.0,4.0
26/11/2024 21:26:59,Class A,255802580,55.459702,12.205497,Moored,0.2,0.0,113.1,181.0,9428396,CQPH,MANISA SOFIA,Cargo,,19.0,137.0,GPS,8.5,DKKOG,25/10/2025 16:00:00,AIS,127.0,10.0,15.0,4.0
26/11/2024 21:26:59,Class A,255802580,55.459702,12.205497,Moored,0.2,0.0,113.1,181.0,9428396,CQPH,MANISA SOFIA,Cargo,,19.0,137.0,GPS,8.5,DKKOG,25/10/2025 16:00:00,AIS,127.0,10.0,15.0,4.0
26/11/2024 21:26:59,Class A,255802580,55.459702,12.205497,Moored,0.2,0.0,113.1,181.0,9428396,CQPH,MANISA SOFIA,Cargo,,19.0,137.0,GPS,8.5,DKKOG,25/10/2025 16:00:00,AIS,127.0,10.0,15.0,4.0
26/11/2024 21:29:54,Class A,255802580,55.459702,12.205497,Moored,0.2,0.0,113.1,181.0,9428396,CQPH,MANISA SOFIA,Cargo,,19.0,137.0,GPS,8.5,DKKOG,25/10/2025 16:00:00,AIS,127.0,10.0,15.0,4.0
26/11/2024 21:29:54,Class A,255802580,55.459702,12.205497,Moored,0.2,0.0,113.1,181.0,9428396,CQPH,MANISA SOFIA,Cargo,,19.0,137.0,GPS,8.5,DKKOG,25/10/2025 16:00:00,AIS,127.0,10.0,15.0,4.0
26/11/2024 21:29:59,Class A,255802580,55.459695,12.205487,Moored,1.6,0.0,113.1,181.0,9428396,CQPH,MANISA SOFIA,Cargo,,19.0,137.0,GPS,8.5,DKKOG,25/10/2025 16:00:00,AIS,127.0,10.0,15.0,4.0
26/11/2024 21:29:59,Class A,255802580,55.459695,12.205487,Moored,1.6,0.0,113.1,181.0,9428396,CQPH,MANISA SOFIA,Cargo,,19.0,137.0,GPS,8.5,DKKOG,25/10/2025 16:00:00,AIS,127.0,10.0,15.0,4.0
26/11/2024 21:32:59,Class A,255802580,55.459697,12.205515,Moored,2.2,0.0,113.1,181.0,9428396,CQPH,MANISA SOFIA,Cargo,,19.0,137.0,GPS,8.5,DKKOG,25/10/2025 16:00:00,AIS,127.0,10.0,15.0,4.0
26/11/2024 21:32:59,Class A,255802580,55.459697,12.205515,Moored,2.2,0.0,113.1,181.0,9428396,CQPH,MANISA SOFIA,Cargo,,19.0,137.0,GPS,8.5,DKKOG,25/10/2025 16:00:00,AIS,127.0,10.0,15.0,4.0
26/11/2024 21:32:59,Class A,255802580,55.459697,12.205515,Moored,2.2,0.0,113.1,181.0,9428396,CQPH,MANISA SOFIA,Cargo,,19.0,137.0,GPS,8.5,DKKOG,25/10/2025 16:00:00,AIS,127.0,10.0,15.0,4.0
26/11/2024 21:35:54,Class A,255802580,55.459697,12.205515,Moored,2.2,0.0,113.1,181.0,9428396,CQPH,MANISA SOFIA,Cargo,,19.0,137.0,GPS,8.5,DKKOG,25/10/2025 16:00:00,AIS,127.0,10.0,15.0,4.0
26/11/2024 21:35:54,Class A,255802580,55.459697,12.205515,Moored,2.2,0.0,113.1,181.0,9428396,CQPH,MANISA SOFIA,Cargo,,19.0,137.0,GPS,8.5,DKKOG,25/10/2025 16:00:00,AIS,127.0,10.0,15.0,4.0
26/11/2024 21:35:54,Class A,255802580,55.459697,12.205515,Moored,2.2,0.0,113.1,181.0,9428396,CQPH,MANISA SOFIA,Cargo,,19.0,137.0,GPS,8.5,DKKOG,25/10/2025 16:00:00,AIS,127.0,10.0,15.0,4.0
26/11/2024 21:35:59,Class A,255802580,55.459702,12.20545,Moored,2.2,0.0,113.1,181.0,9428396,CQPH,MANISA SOFIA,Cargo,,19.0,137.0,GPS,8.5,DKKOG,25/10/2025 16:00:00,AIS,127.0,10.0,15.0,4.0
26/11/2024 21:35:59,Class A,255802580,55.459702,12.20545,Moored,2.2,0.0,113.1,181.0,9428396,CQPH,MANISA SOFIA,Cargo,,19.0,137.0,GPS,8.5,DKKOG,25/10/2025 16:00:00,AIS,127.0,10.0,15.0,4.0
26/11/2024 21:35:59,Class A,255802580,55.459702,12.20545,Moored,2.2,0.0,113.1,181.0,9428396,CQPH,MANISA SOFIA,Cargo,,19.0,137.0,GPS,8.5,DKKOG,25/10/2025 16:00:00,AIS,127.0,10.0,15.0,4.0
26/11/2024 21:38:57,Class A,255802580,55.45971,12.205492,Moored,-2.2,0.0,113.1,181.0,9428396,CQPH,MANISA SOFIA,Cargo,,19.0,137.0,GPS,8.5,DKKOG,25/10/2025 16:00:00,AIS,127.0,10.0,15.0,4.0
26/11/2024 21:38:57,Class A,255802580,55.45971,12.205492,Moored,-2.2,0.0,113.1,181.0,9428396,CQPH,MANISA SOFIA,Cargo,,19.0,137.0,GPS,8.5,DKKOG,25/10/2025 16:00:00,AIS,127.0,10.0,15.0,4.0
26/11/2024 21:38:57,Class A,255802580,55.45971,12.205492,Moored,-2.2,0.0,113.1,181.0,9428396,CQPH,MANISA SOFIA,Cargo,,19.0,137.0,GPS,8.5,DKKOG,25/10/2025 16:00:00,AIS,127.0,10.0,15.0,4.0
26/11/2024 21:41:54,Class A,255802580,55.459677,12.205492,Moored,-3.6,0.0,113.1,181.0,9428396,CQPH,MANISA SOFIA,Cargo,,19.0,137.0,GPS,8.5,DKKOG,25/10/2025 16:00:00,AIS,127.0,10.0,15.0,4.0
26/11/2024 21:41:55,Class A,255802580,55.459677,12.205492,Moored,-3.6,0.0,113.1,181.0,9428396,CQPH,MANISA SOFIA,Cargo,,19.0,137.0,GPS,8.5,DKKOG,25/10/2025 16:00:00,AIS,127.0,10.0,15.0,4.0
26/11/2024 21:41:55,Class A,255802580,55.459677,12.205492,Moored,-3.6,0.0,113.1,181.0,9428396,CQPH,MANISA SOFIA,Cargo,,19.0,137.0,GPS,8.5,DKKOG,25/10/2025 16:00:00,AIS,127.0,10.0,15.0,4.0
26/11/2024 21:44:57,Class A,255802580,55.459695,12.205503,Moored,2.2,0.0,113.1,181.0,9428396,CQPH,MANISA SOFIA,Cargo,,19.0,137.0,GPS,8.5,DKKOG,25/10/2025 16:00:00,AIS,127.0,10.0,15.0,4.0
26/11/2024 21:44:57,Class A,255802580,55.459695,12.205503,Moored,2.2,0.0,113.1,181.0,9428396,CQPH,MANISA SOFIA,Cargo,,19.0,137.0,GPS,8.5,DKKOG,25/10/2025 16:00:00,AIS,127.0,10.0,15.0,4.0
26/11/2024 21:47:58,Class A,255802580,55.4597,12.205545,Moored,0.4,0.0,113.1,181.0,9428396,CQPH,MANISA SOFIA,Cargo,,19.0,137.0,GPS,8.5,DKKOG,25/10/2025 16:00:00,AIS,127.0,10.0,15.0,4.0
26/11/2024 21:47:58,Class A,255802580,55.4597,12.205545,Moored,0.4,0.0,113.1,181.0,9428396,CQPH,MANISA SOFIA,Cargo,,19.0,137.0,GPS,8.5,DKKOG,25/10/2025 16:00:00,AIS,127.0,10.0,15.0,4.0
26/11/2024 21:50:54,Class A,255802580,55.459702,12.20548,Moored,0.2,0.0,113.1,181.0,9428396,CQPH,MANISA SOFIA,Cargo,,19.0,137.0,GPS,8.5,DKKOG,25/10/2025 16:00:00,AIS,127.0,10.0,15.0,4.0
26/11/2024 21:50:54,Class A,255802580,55.459702,12.20548,Moored,0.2,0.0,113.1,181.0,9428396,CQPH,MANISA SOFIA,Cargo,,19.0,137.0,GPS,8.5,DKKOG,25/10/2025 16:00:00,AIS,127.0,10.0,15.0,4.0
26/11/2024 21:50:55,Class A,255802580,55.459702,12.20548,Moored,0.2,0.0,113.1,181.0,9428396,CQPH,MANISA SOFIA,Cargo,,19.0,137.0,GPS,8.5,DKKOG,25/10/2025 16:00:00,AIS,127.0,10.0,15.0,4.0
26/11/2024 21:53:54,Class A,255802580,55.459702,12.20548,Moored,0.2,0.0,113.1,181.0,9428396,CQPH,MANISA SOFIA,Cargo,,19.0,137.0,GPS,8.5,DKKOG,25/10/2025 16:00:00,AIS,127.0,10.0,15.0,4.0
26/11/2024 21:53:54,Class A,255802580,55.459702,12.20548,Moored,0.2,0.0,113.1,181.0,9428396,CQPH,MANISA SOFIA,Cargo,,19.0,137.0,GPS,8.5,DKKOG,25/10/2025 16:00:00,AIS,127.0,10.0,15.0,4.0
26/11/2024 21:53:58,Class A,255802580,55.459707,12.205473,Moored,-0.2,0.0,113.1,181.0,9428396,CQPH,MANISA SOFIA,Cargo,,19.0,137.0,GPS,8.5,DKKOG,25/10/2025 16:00:00,AIS,127.0,10.0,15.0,4.0
26/11/2024 21:53:58,Class A,255802580,55.459707,12.205473,Moored,-0.2,0.0,113.1,181.0,9428396,CQPH,MANISA SOFIA,Cargo,,19.0,137.0,GPS,8.5,DKKOG,25/10/2025 16:00:00,AIS,127.0,10.0,15.0,4.0
26/11/2024 21:53:58,Class A,255802580,55.459707,12.205473,Moored,-0.2,0.0,113.1,181.0,9428396,CQPH,MANISA SOFIA,Cargo,,19.0,137.0,GPS,8.5,DKKOG,25/10/2025 16:00:00,AIS,127.0,10.0,15.0,4.0
26/11/2024 21:56:57,Class A,255802580,55.459688,12.205458,Moored,0.2,0.0,113.1,181.0,9428396,CQPH,MANISA SOFIA,Cargo,,19.0,137.0,GPS,8.5,DKKOG,25/10/2025 16:00:00,AIS,127.0,10.0,15.0,4.0
26/11/2024 21:56:57,Class A,255802580,55.459688,12.205458,Moored,0.2,0.0,113.1,181.0,9428396,CQPH,MANISA SOFIA,Cargo,,19.0,137.0,GPS,8.5,DKKOG,25/10/2025 16:00:00,AIS,127.0,10.0,15.0,4.0
26/11/2024 21:56:57,Class A,255802580,55.459688,12.205458,Moored,0.2,0.0,113.1,181.0,9428396,CQPH,MANISA SOFIA,Cargo,,19.0,137.0,GPS,8.5,DKKOG,25/10/2025 16:00:00,AIS,127.0,10.0,15.0,4.0
26/11/2024 21:59:54,Class A,255802580,55.459688,12.205458,Moored,0.2,0.0,113.1,181.0,9428396,CQPH,MANISA SOFIA,Cargo,,19.0,137.0,GPS,8.5,DKKOG,25/10/2025 16:00:00,AIS,127.0,10.0,15.0,4.0
26/11/2024 21:59:54,Class A,255802580,55.459688,12.205458,Moored,0.2,0.0,113.1,181.0,9428396,CQPH,MANISA SOFIA,Cargo,,19.0,137.0,GPS,8.5,DKKOG,25/10/2025 16:00:00,AIS,127.0,10.0,15.0,4.0
26/11/2024 21:59:54,Class A,255802580,55.459688,12.205458,Moored,0.2,0.0,113.1,181.0,9428396,CQPH,MANISA SOFIA,Cargo,,19.0,137.0,GPS,8.5,DKKOG,25/10/2025 16:00:00,AIS,127.0,10.0,15.0,4.0
26/11/2024 21:59:59,Class A,255802580,55.459658,12.205417,Moored,-0.4,0.0,113.1,181.0,9428396,CQPH,MANISA SOFIA,Cargo,,19.0,137.0,GPS,8.5,DKKOG,25/10/2025 16:00:00,AIS,127.0,10.0,15.0,4.0
26/11/2024 21:59:59,Class A,255802580,55.459658,12.205417,Moored,-0.4,0.0,113.1,181.0,9428396,CQPH,MANISA SOFIA,Cargo,,19.0,137.0,GPS,8.5,DKKOG,25/10/2025 16:00:00,AIS,127.0,10.0,15.0,4.0
26/11/2024 22:03:00,Class A,255802580,55.459678,12.205455,Moored,0.2,0.0,113.1,181.0,9428396,CQPH,MANISA SOFIA,Cargo,,19.0,137.0,GPS,8.5,DKKOG,25/10/2025 16:00:00,AIS,127.0,10.0,15.0,4.0
26/11/2024 22:03:00,Class A,255802580,55.459678,12.205455,Moored,0.2,0.0,113.1,181.0,9428396,CQPH,MANISA SOFIA,Cargo,,19.0,137.0,GPS,8.5,DKKOG,25/10/2025 16:00:00,AIS,127.0,10.0,15.0,4.0
26/11/2024 22:03:00,Class A,255802580,55.459678,12.205455,Moored,0.2,0.0,113.1,181.0,9428396,CQPH,MANISA SOFIA,Cargo,,19.0,137.0,GPS,8.5,DKKOG,25/10/2025 16:00:00,AIS,127.0,10.0,15.0,4.0
26/11/2024 22:05:54,Class A,255802580,55.459678,12.205455,Moored,0.2,0.0,113.1,181.0,9428396,CQPH,MANISA SOFIA,Cargo,,19.0,137.0,GPS,8.5,DKKOG,25/10/2025 16:00:00,AIS,127.0,10.0,15.0,4.0
26/11/2024 22:05:54,Class A,255802580,55.459678,12.205455,Moored,0.2,0.0,113.1,181.0,9428396,CQPH,MANISA SOFIA,Cargo,,19.0,137.0,GPS,8.5,DKKOG,25/10/2025 16:00:00,AIS,127.0,10.0,15.0,4.0
26/11/2024 22:05:54,Class A,255802580,55.459678,12.205455,Moored,0.2,0.0,113.1,181.0,9428396,CQPH,MANISA SOFIA,Cargo,,19.0,137.0,GPS,8.5,DKKOG,25/10/2025 16:00:00,AIS,127.0,10.0,15.0,4.0
26/11/2024 22:06:01,Class A,255802580,55.45968,12.205497,Moored,-3.6,0.0,113.1,181.0,9428396,CQPH,MANISA SOFIA,Cargo,,19.0,137.0,GPS,8.5,DKKOG,25/10/2025 16:00:00,AIS,127.0,10.0,15.0,4.0
26/11/2024 22:09:01,Class A,255802580,55.459697,12.205513,Moored,-4.5,0.0,113.1,181.0,9428396,CQPH,MANISA SOFIA,Cargo,,19.0,137.0,GPS,8.5,DKKOG,25/10/2025 16:00:00,AIS,127.0,10.0,15.0,4.0
26/11/2024 22:09:01,Class A,255802580,55.459697,12.205513,Moored,-4.5,0.0,113.1,181.0,9428396,CQPH,MANISA SOFIA,Cargo,,19.0,137.0,GPS,8.5,DKKOG,25/10/2025 16:00:00,AIS,127.0,10.0,15.0,4.0
26/11/2024 22:09:01,Class A,255802580,55.459697,12.205513,Moored,-4.5,0.0,113.1,181.0,9428396,CQPH,MANISA SOFIA,Cargo,,19.0,137.0,GPS,8.5,DKKOG,25/10/2025 16:00:00,AIS,127.0,10.0,15.0,4.0
26/11/2024 22:11:54,Class A,255802580,55.459697,12.205513,Moored,-4.5,0.0,113.1,181.0,9428396,CQPH,MANISA SOFIA,Cargo,,19.0,137.0,GPS,8.5,DKKOG,25/10/2025 16:00:00,AIS,127.0,10.0,15.0,4.0
26/11/2024 22:11:54,Class A,255802580,55.459697,12.205513,Moored,-4.5,0.0,113.1,181.0,9428396,CQPH,MANISA SOFIA,Cargo,,19.0,137.0,GPS,8.5,DKKOG,25/10/2025 16:00:00,AIS,127.0,10.0,15.0,4.0
26/11/2024 22:11:54,Class A,255802580,55.459697,12.205513,Moored,-4.5,0.0,113.1,181.0,9428396,CQPH,MANISA SOFIA,Cargo,,19.0,137.0,GPS,8.5,DKKOG,25/10/2025 16:00:00,AIS,127.0,10.0,15.0,4.0
26/11/2024 22:12:01,Class A,255802580,55.459673,12.205522,Moored,2.9,0.0,113.1,181.0,9428396,CQPH,MANISA SOFIA,Cargo,,19.0,137.0,GPS,8.5,DKKOG,25/10/2025 16:00:00,AIS,127.0,10.0,15.0,4.0
26/11/2024 22:12:01,Class A,255802580,55.459673,12.205522,Moored,2.9,0.0,113.1,181.0,9428396,CQPH,MANISA SOFIA,Cargo,,19.0,137.0,GPS,8.5,DKKOG,25/10/2025 16:00:00,AIS,127.0,10.0,15.0,4.0
26/11/2024 22:12:01,Class A,255802580,55.459673,12.205522,Moored,2.9,0.0,113.1,181.0,9428396,CQPH,MANISA SOFIA,Cargo,,19.0,137.0,GPS,8.5,DKKOG,25/10/2025 16:00:00,AIS,127.0,10.0,15.0,4.0
26/11/2024 22:15:01,Class A,255802580,55.459673,12.205483,Moored,1.1,0.0,113.1,181.0,9428396,CQPH,MANISA SOFIA,Cargo,,19.0,137.0,GPS,8.5,DKKOG,25/10/2025 16:00:00,AIS,127.0,10.0,15.0,4.0
26/11/2024 22:15:01,Class A,255802580,55.459673,12.205483,Moored,1.1,0.0,113.1,181.0,9428396,CQPH,MANISA SOFIA,Cargo,,19.0,137.0,GPS,8.5,DKKOG,25/10/2025 16:00:00,AIS,127.0,10.0,15.0,4.0
26/11/2024 22:15:01,Class A,255802580,55.459673,12.205483,Moored,1.1,0.0,113.1,181.0,9428396,CQPH,MANISA SOFIA,Cargo,,19.0,137.0,GPS,8.5,DKKOG,25/10/2025 16:00:00,AIS,127.0,10.0,15.0,4.0
26/11/2024 22:17:54,Class A,255802580,55.459673,12.205483,Moored,1.1,0.0,113.1,181.0,9428396,CQPH,MANISA SOFIA,Cargo,,19.0,137.0,GPS,8.5,DKKOG,25/10/2025 16:00:00,AIS,127.0,10.0,15.0,4.0
26/11/2024 22:17:54,Class A,255802580,55.459673,12.205483,Moored,1.1,0.0,113.1,181.0,9428396,CQPH,MANISA SOFIA,Cargo,,19.0,137.0,GPS,8.5,DKKOG,25/10/2025 16:00:00,AIS,127.0,10.0,15.0,4.0
26/11/2024 22:17:54,Class A,255802580,55.459673,12.205483,Moored,1.1,0.0,113.1,181.0,9428396,CQPH,MANISA SOFIA,Cargo,,19.0,137.0,GPS,8.5,DKKOG,25/10/2025 16:00:00,AIS,127.0,10.0,15.0,4.0
26/11/2024 22:18:01,Class A,255802580,55.459663,12.20545,Moored,3.6,0.0,113.1,181.0,9428396,CQPH,MANISA SOFIA,Cargo,,19.0,137.0,GPS,8.5,DKKOG,25/10/2025 16:00:00,AIS,127.0,10.0,15.0,4.0
26/11/2024 22:18:01,Class A,255802580,55.459663,12.20545,Moored,3.6,0.0,113.1,181.0,9428396,CQPH,MANISA SOFIA,Cargo,,19.0,137.0,GPS,8.5,DKKOG,25/10/2025 16:00:00,AIS,127.0,10.0,15.0,4.0
26/11/2024 22:18:01,Class A,255802580,55.459663,12.20545,Moored,3.6,0.0,113.1,181.0,9428396,CQPH,MANISA SOFIA,Cargo,,19.0,137.0,GPS,8.5,DKKOG,25/10/2025 16:00:00,AIS,127.0,10.0,15.0,4.0
26/11/2024 22:21:01,Class A,255802580,55.459693,12.205507,Moored,2.9,0.0,113.1,181.0,9428396,CQPH,MANISA SOFIA,Cargo,,19.0,137.0,GPS,8.5,DKKOG,25/10/2025 16:00:00,AIS,127.0,10.0,15.0,4.0
26/11/2024 22:23:55,Class A,255802580,55.459685,12.205503,Moored,3.6,0.0,113.1,181.0,9428396,CQPH,MANISA SOFIA,Cargo,,19.0,137.0,GPS,8.5,DKKOG,25/10/2025 16:00:00,AIS,127.0,10.0,15.0,4.0
26/11/2024 22:23:55,Class A,255802580,55.459685,12.205503,Moored,3.6,0.0,113.1,181.0,9428396,CQPH,MANISA SOFIA,Cargo,,19.0,137.0,GPS,8.5,DKKOG,25/10/2025 16:00:00,AIS,127.0,10.0,15.0,4.0
26/11/2024 22:23:55,Class A,255802580,55.459685,12.205503,Moored,3.6,0.0,113.1,181.0,9428396,CQPH,MANISA SOFIA,Cargo,,19.0,137.0,GPS,8.5,DKKOG,25/10/2025 16:00:00,AIS,127.0,10.0,15.0,4.0
26/11/2024 22:23:55,Class A,255802580,55.459685,12.205503,Moored,3.6,0.0,113.1,181.0,9428396,CQPH,MANISA SOFIA,Cargo,,19.0,137.0,GPS,8.5,DKKOG,25/10/2025 16:00:00,AIS,127.0,10.0,15.0,4.0
26/11/2024 22:23:55,Class A,255802580,55.459685,12.205503,Moored,3.6,0.0,113.1,181.0,9428396,CQPH,MANISA SOFIA,Cargo,,19.0,137.0,GPS,8.5,DKKOG,25/10/2025 16:00:00,AIS,127.0,10.0,15.0,4.0
26/11/2024 22:23:55,Class A,255802580,55.459685,12.205503,Moored,3.6,0.0,113.1,181.0,9428396,CQPH,MANISA SOFIA,Cargo,,19.0,137.0,GPS,8.5,DKKOG,25/10/2025 16:00:00,AIS,127.0,10.0,15.0,4.0
26/11/2024 22:27:00,Class A,255802580,55.459695,12.205492,Moored,-2.9,0.0,113.1,181.0,9428396,CQPH,MANISA SOFIA,Cargo,,19.0,137.0,GPS,8.5,DKKOG,25/10/2025 16:00:00,AIS,127.0,10.0,15.0,4.0
26/11/2024 22:27:00,Class A,255802580,55.459695,12.205492,Moored,-2.9,0.0,113.1,181.0,9428396,CQPH,MANISA SOFIA,Cargo,,19.0,137.0,GPS,8.5,DKKOG,25/10/2025 16:00:00,AIS,127.0,10.0,15.0,4.0
26/11/2024 22:27:00,Class A,255802580,55.459695,12.205492,Moored,-2.9,0.0,113.1,181.0,9428396,CQPH,MANISA SOFIA,Cargo,,19.0,137.0,GPS,8.5,DKKOG,25/10/2025 16:00:00,AIS,127.0,10.0,15.0,4.0
26/11/2024 22:29:54,Class A,255802580,55.459695,12.205492,Moored,-2.9,0.0,113.1,181.0,9428396,CQPH,MANISA SOFIA,Cargo,,19.0,137.0,GPS,8.5,DKKOG,25/10/2025 16:00:00,AIS,127.0,10.0,15.0,4.0
26/11/2024 22:29:57,Class A,255802580,55.459678,12.205492,Moored,2.2,0.0,113.1,181.0,9428396,CQPH,MANISA SOFIA,Cargo,,19.0,137.0,GPS,8.5,DKKOG,25/10/2025 16:00:00,AIS,127.0,10.0,15.0,4.0
26/11/2024 22:29:57,Class A,255802580,55.459678,12.205492,Moored,2.2,0.0,113.1,181.0,9428396,CQPH,MANISA SOFIA,Cargo,,19.0,137.0,GPS,8.5,DKKOG,25/10/2025 16:00:00,AIS,127.0,10.0,15.0,4.0
26/11/2024 22:29:57,Class A,255802580,55.459678,12.205492,Moored,2.2,0.0,113.1,181.0,9428396,CQPH,MANISA SOFIA,Cargo,,19.0,137.0,GPS,8.5,DKKOG,25/10/2025 16:00:00,AIS,127.0,10.0,15.0,4.0
26/11/2024 22:32:58,Class A,255802580,55.459687,12.205488,Moored,-1.6,0.0,113.1,181.0,9428396,CQPH,MANISA SOFIA,Cargo,,19.0,137.0,GPS,8.5,DKKOG,25/10/2025 16:00:00,AIS,127.0,10.0,15.0,4.0
26/11/2024 22:32:58,Class A,255802580,55.459687,12.205488,Moored,-1.6,0.0,113.1,181.0,9428396,CQPH,MANISA SOFIA,Cargo,,19.0,137.0,GPS,8.5,DKKOG,25/10/2025 16:00:00,AIS,127.0,10.0,15.0,4.0
26/11/2024 22:35:54,Class A,255802580,55.459687,12.205488,Moored,-1.6,0.0,113.1,181.0,9428396,CQPH,MANISA SOFIA,Cargo,,19.0,137.0,GPS,8.5,DKKOG,25/10/2025 16:00:00,AIS,127.0,10.0,15.0,4.0
26/11/2024 22:35:54,Class A,255802580,55.459687,12.205488,Moored,-1.6,0.0,113.1,181.0,9428396,CQPH,MANISA SOFIA,Cargo,,19.0,137.0,GPS,8.5,DKKOG,25/10/2025 16:00:00,AIS,127.0,10.0,15.0,4.0
26/11/2024 22:35:54,Class A,255802580,55.459687,12.205488,Moored,-1.6,0.0,113.1,181.0,9428396,CQPH,MANISA SOFIA,Cargo,,19.0,137.0,GPS,8.5,DKKOG,25/10/2025 16:00:00,AIS,127.0,10.0,15.0,4.0
26/11/2024 22:35:57,Class A,255802580,55.459692,12.205513,Moored,-3.6,0.0,113.1,181.0,9428396,CQPH,MANISA SOFIA,Cargo,,19.0,137.0,GPS,8.5,DKKOG,25/10/2025 16:00:00,AIS,127.0,10.0,15.0,4.0
26/11/2024 22:35:57,Class A,255802580,55.459692,12.205513,Moored,-3.6,0.0,113.1,181.0,9428396,CQPH,MANISA SOFIA,Cargo,,19.0,137.0,GPS,8.5,DKKOG,25/10/2025 16:00:00,AIS,127.0,10.0,15.0,4.0
26/11/2024 22:35:57,Class A,255802580,55.459692,12.205513,Moored,-3.6,0.0,113.1,181.0,9428396,CQPH,MANISA SOFIA,Cargo,,19.0,137.0,GPS,8.5,DKKOG,25/10/2025 16:00:00,AIS,127.0,10.0,15.0,4.0
26/11/2024 22:38:57,Class A,255802580,55.459695,12.205522,Moored,-4.5,0.0,113.1,181.0,9428396,CQPH,MANISA SOFIA,Cargo,,19.0,137.0,GPS,8.5,DKKOG,25/10/2025 16:00:00,AIS,127.0,10.0,15.0,4.0
26/11/2024 22:38:57,Class A,255802580,55.459695,12.205522,Moored,-4.5,0.0,113.1,181.0,9428396,CQPH,MANISA SOFIA,Cargo,,19.0,137.0,GPS,8.5,DKKOG,25/10/2025 16:00:00,AIS,127.0,10.0,15.0,4.0
26/11/2024 22:38:57,Class A,255802580,55.459695,12.205522,Moored,-4.5,0.0,113.1,181.0,9428396,CQPH,MANISA SOFIA,Cargo,,19.0,137.0,GPS,8.5,DKKOG,25/10/2025 16:00:00,AIS,127.0,10.0,15.0,4.0
26/11/2024 22:41:54,Class A,255802580,55.459695,12.205522,Moored,-4.5,0.0,113.1,181.0,9428396,CQPH,MANISA SOFIA,Cargo,,19.0,137.0,GPS,8.5,DKKOG,25/10/2025 16:00:00,AIS,127.0,10.0,15.0,4.0
26/11/2024 22:41:54,Class A,255802580,55.459695,12.205522,Moored,-4.5,0.0,113.1,181.0,9428396,CQPH,MANISA SOFIA,Cargo,,19.0,137.0,GPS,8.5,DKKOG,25/10/2025 16:00:00,AIS,127.0,10.0,15.0,4.0
26/11/2024 22:41:57,Class A,255802580,55.459713,12.20549,Moored,-1.1,0.0,113.1,181.0,9428396,CQPH,MANISA SOFIA,Cargo,,19.0,137.0,GPS,8.5,DKKOG,25/10/2025 16:00:00,AIS,127.0,10.0,15.0,4.0
26/11/2024 22:44:59,Class A,255802580,55.459685,12.205445,Moored,4.5,0.0,113.1,181.0,9428396,CQPH,MANISA SOFIA,Cargo,,19.0,137.0,GPS,8.5,DKKOG,25/10/2025 16:00:00,AIS,127.0,10.0,15.0,4.0
26/11/2024 22:44:59,Class A,255802580,55.459685,12.205445,Moored,4.5,0.0,113.1,181.0,9428396,CQPH,MANISA SOFIA,Cargo,,19.0,137.0,GPS,8.5,DKKOG,25/10/2025 16:00:00,AIS,127.0,10.0,15.0,4.0
26/11/2024 22:44:59,Class A,255802580,55.459685,12.205445,Moored,4.5,0.0,113.1,181.0,9428396,CQPH,MANISA SOFIA,Cargo,,19.0,137.0,GPS,8.5,DKKOG,25/10/2025 16:00:00,AIS,127.0,10.0,15.0,4.0
26/11/2024 22:47:54,Class A,255802580,55.459685,12.205445,Moored,4.5,0.0,113.1,181.0,9428396,CQPH,MANISA SOFIA,Cargo,,19.0,137.0,GPS,8.5,DKKOG,25/10/2025 16:00:00,AIS,127.0,10.0,15.0,4.0
26/11/2024 22:47:54,Class A,255802580,55.459685,12.205445,Moored,4.5,0.0,113.1,181.0,9428396,CQPH,MANISA SOFIA,Cargo,,19.0,137.0,GPS,8.5,DKKOG,25/10/2025 16:00:00,AIS,127.0,10.0,15.0,4.0
26/11/2024 22:47:58,Class A,255802580,55.459683,12.205467,Moored,-0.7,0.0,113.1,181.0,9428396,CQPH,MANISA SOFIA,Cargo,,19.0,137.0,GPS,8.5,DKKOG,25/10/2025 16:00:00,AIS,127.0,10.0,15.0,4.0
26/11/2024 22:47:58,Class A,255802580,55.459683,12.205467,Moored,-0.7,0.0,113.1,181.0,9428396,CQPH,MANISA SOFIA,Cargo,,19.0,137.0,GPS,8.5,DKKOG,25/10/2025 16:00:00,AIS,127.0,10.0,15.0,4.0
26/11/2024 22:47:58,Class A,255802580,55.459683,12.205467,Moored,-0.7,0.0,113.1,181.0,9428396,CQPH,MANISA SOFIA,Cargo,,19.0,137.0,GPS,8.5,DKKOG,25/10/2025 16:00:00,AIS,127.0,10.0,15.0,4.0
26/11/2024 22:50:58,Class A,255802580,55.459667,12.205468,Moored,2.9,0.0,113.1,181.0,9428396,CQPH,MANISA SOFIA,Cargo,,19.0,137.0,GPS,8.5,DKKOG,25/10/2025 16:00:00,AIS,127.0,10.0,15.0,4.0
26/11/2024 22:50:58,Class A,255802580,55.459667,12.205468,Moored,2.9,0.0,113.1,181.0,9428396,CQPH,MANISA SOFIA,Cargo,,19.0,137.0,GPS,8.5,DKKOG,25/10/2025 16:00:00,AIS,127.0,10.0,15.0,4.0
26/11/2024 22:50:58,Class A,255802580,55.459667,12.205468,Moored,2.9,0.0,113.1,181.0,9428396,CQPH,MANISA SOFIA,Cargo,,19.0,137.0,GPS,8.5,DKKOG,25/10/2025 16:00:00,AIS,127.0,10.0,15.0,4.0
26/11/2024 22:53:54,Class A,255802580,55.459667,12.205468,Moored,2.9,0.0,113.1,181.0,9428396,CQPH,MANISA SOFIA,Cargo,,19.0,137.0,GPS,8.5,DKKOG,25/10/2025 16:00:00,AIS,127.0,10.0,15.0,4.0
26/11/2024 22:53:54,Class A,255802580,55.459667,12.205468,Moored,2.9,0.0,113.1,181.0,9428396,CQPH,MANISA SOFIA,Cargo,,19.0,137.0,GPS,8.5,DKKOG,25/10/2025 16:00:00,AIS,127.0,10.0,15.0,4.0
26/11/2024 22:54:00,Class A,255802580,55.459643,12.20545,Moored,-4.5,0.0,113.1,181.0,9428396,CQPH,MANISA SOFIA,Cargo,,19.0,137.0,GPS,8.5,DKKOG,25/10/2025 16:00:00,AIS,127.0,10.0,15.0,4.0
26/11/2024 22:54:00,Class A,255802580,55.459643,12.20545,Moored,-4.5,0.0,113.1,181.0,9428396,CQPH,MANISA SOFIA,Cargo,,19.0,137.0,GPS,8.5,DKKOG,25/10/2025 16:00:00,AIS,127.0,10.0,15.0,4.0
26/11/2024 22:54:00,Class A,255802580,55.459643,12.20545,Moored,-4.5,0.0,113.1,181.0,9428396,CQPH,MANISA SOFIA,Cargo,,19.0,137.0,GPS,8.5,DKKOG,25/10/2025 16:00:00,AIS,127.0,10.0,15.0,4.0
26/11/2024 22:57:00,Class A,255802580,55.45968,12.205452,Moored,2.9,0.0,113.1,181.0,9428396,CQPH,MANISA SOFIA,Cargo,,19.0,137.0,GPS,8.5,DKKOG,25/10/2025 16:00:00,AIS,127.0,10.0,15.0,4.0
26/11/2024 22:57:00,Class A,255802580,55.45968,12.205452,Moored,2.9,0.0,113.1,181.0,9428396,CQPH,MANISA SOFIA,Cargo,,19.0,137.0,GPS,8.5,DKKOG,25/10/2025 16:00:00,AIS,127.0,10.0,15.0,4.0
26/11/2024 22:57:00,Class A,255802580,55.45968,12.205452,Moored,2.9,0.0,113.1,181.0,9428396,CQPH,MANISA SOFIA,Cargo,,19.0,137.0,GPS,8.5,DKKOG,25/10/2025 16:00:00,AIS,127.0,10.0,15.0,4.0
26/11/2024 22:59:54,Class A,255802580,55.45968,12.205452,Moored,2.9,0.0,113.1,181.0,9428396,CQPH,MANISA SOFIA,Cargo,,19.0,137.0,GPS,8.5,DKKOG,25/10/2025 16:00:00,AIS,127.0,10.0,15.0,4.0
26/11/2024 23:00:02,Class A,255802580,55.459665,12.205517,Moored,-2.9,0.0,113.1,181.0,9428396,CQPH,MANISA SOFIA,Cargo,,19.0,137.0,GPS,8.5,DKKOG,25/10/2025 16:00:00,AIS,127.0,10.0,15.0,4.0
26/11/2024 23:00:02,Class A,255802580,55.459665,12.205517,Moored,-2.9,0.0,113.1,181.0,9428396,CQPH,MANISA SOFIA,Cargo,,19.0,137.0,GPS,8.5,DKKOG,25/10/2025 16:00:00,AIS,127.0,10.0,15.0,4.0
26/11/2024 23:00:02,Class A,255802580,55.459665,12.205517,Moored,-2.9,0.0,113.1,181.0,9428396,CQPH,MANISA SOFIA,Cargo,,19.0,137.0,GPS,8.5,DKKOG,25/10/2025 16:00:00,AIS,127.0,10.0,15.0,4.0
26/11/2024 23:03:00,Class A,255802580,55.459715,12.20548,Moored,1.1,0.0,113.1,181.0,9428396,CQPH,MANISA SOFIA,Cargo,,19.0,137.0,GPS,8.5,DKKOG,25/10/2025 16:00:00,AIS,127.0,10.0,15.0,4.0
26/11/2024 23:03:00,Class A,255802580,55.459715,12.20548,Moored,1.1,0.0,113.1,181.0,9428396,CQPH,MANISA SOFIA,Cargo,,19.0,137.0,GPS,8.5,DKKOG,25/10/2025 16:00:00,AIS,127.0,10.0,15.0,4.0
26/11/2024 23:03:00,Class A,255802580,55.459715,12.20548,Moored,1.1,0.0,113.1,181.0,9428396,CQPH,MANISA SOFIA,Cargo,,19.0,137.0,GPS,8.5,DKKOG,25/10/2025 16:00:00,AIS,127.0,10.0,15.0,4.0
26/11/2024 23:05:54,Class A,255802580,55.459715,12.20548,Moored,1.1,0.0,113.1,181.0,9428396,CQPH,MANISA SOFIA,Cargo,,19.0,137.0,GPS,8.5,DKKOG,25/10/2025 16:00:00,AIS,127.0,10.0,15.0,4.0
26/11/2024 23:05:54,Class A,255802580,55.459715,12.20548,Moored,1.1,0.0,113.1,181.0,9428396,CQPH,MANISA SOFIA,Cargo,,19.0,137.0,GPS,8.5,DKKOG,25/10/2025 16:00:00,AIS,127.0,10.0,15.0,4.0
26/11/2024 23:05:54,Class A,255802580,55.459715,12.20548,Moored,1.1,0.0,113.1,181.0,9428396,CQPH,MANISA SOFIA,Cargo,,19.0,137.0,GPS,8.5,DKKOG,25/10/2025 16:00:00,AIS,127.0,10.0,15.0,4.0
26/11/2024 23:06:01,Class A,255802580,55.45971,12.205498,Moored,-4.5,0.0,113.1,181.0,9428396,CQPH,MANISA SOFIA,Cargo,,19.0,137.0,GPS,8.5,DKKOG,25/10/2025 16:00:00,AIS,127.0,10.0,15.0,4.0
26/11/2024 23:06:01,Class A,255802580,55.45971,12.205498,Moored,-4.5,0.0,113.1,181.0,9428396,CQPH,MANISA SOFIA,Cargo,,19.0,137.0,GPS,8.5,DKKOG,25/10/2025 16:00:00,AIS,127.0,10.0,15.0,4.0
26/11/2024 23:06:01,Class A,255802580,55.45971,12.205498,Moored,-4.5,0.0,113.1,181.0,9428396,CQPH,MANISA SOFIA,Cargo,,19.0,137.0,GPS,8.5,DKKOG,25/10/2025 16:00:00,AIS,127.0,10.0,15.0,4.0
26/11/2024 23:09:01,Class A,255802580,55.459668,12.205468,Moored,-3.6,0.0,113.1,181.0,9428396,CQPH,MANISA SOFIA,Cargo,,19.0,137.0,GPS,8.5,DKKOG,25/10/2025 16:00:00,AIS,127.0,10.0,15.0,4.0
26/11/2024 23:09:01,Class A,255802580,55.459668,12.205468,Moored,-3.6,0.0,113.1,181.0,9428396,CQPH,MANISA SOFIA,Cargo,,19.0,137.0,GPS,8.5,DKKOG,25/10/2025 16:00:00,AIS,127.0,10.0,15.0,4.0
26/11/2024 23:11:54,Class A,255802580,55.459668,12.205468,Moored,-3.6,0.0,113.1,181.0,9428396,CQPH,MANISA SOFIA,Cargo,,19.0,137.0,GPS,8.5,DKKOG,25/10/2025 16:00:00,AIS,127.0,10.0,15.0,4.0
26/11/2024 23:11:54,Class A,255802580,55.459668,12.205468,Moored,-3.6,0.0,113.1,181.0,9428396,CQPH,MANISA SOFIA,Cargo,,19.0,137.0,GPS,8.5,DKKOG,25/10/2025 16:00:00,AIS,127.0,10.0,15.0,4.0
26/11/2024 23:12:03,Class A,255802580,55.459683,12.205485,Moored,-1.6,0.0,113.1,181.0,9428396,CQPH,MANISA SOFIA,Cargo,,19.0,137.0,GPS,8.5,DKKOG,25/10/2025 16:00:00,AIS,127.0,10.0,15.0,4.0
26/11/2024 23:12:03,Class A,255802580,55.459683,12.205485,Moored,-1.6,0.0,113.1,181.0,9428396,CQPH,MANISA SOFIA,Cargo,,19.0,137.0,GPS,8.5,DKKOG,25/10/2025 16:00:00,AIS,127.0,10.0,15.0,4.0
26/11/2024 23:12:03,Class A,255802580,55.459683,12.205485,Moored,-1.6,0.0,113.1,181.0,9428396,CQPH,MANISA SOFIA,Cargo,,19.0,137.0,GPS,8.5,DKKOG,25/10/2025 16:00:00,AIS,127.0,10.0,15.0,4.0
26/11/2024 23:15:03,Class A,255802580,55.459643,12.205433,Moored,-1.6,0.0,113.1,181.0,9428396,CQPH,MANISA SOFIA,Cargo,,19.0,137.0,GPS,8.5,DKKOG,25/10/2025 16:00:00,AIS,127.0,10.0,15.0,4.0
26/11/2024 23:15:03,Class A,255802580,55.459643,12.205433,Moored,-1.6,0.0,113.1,181.0,9428396,CQPH,MANISA SOFIA,Cargo,,19.0,137.0,GPS,8.5,DKKOG,25/10/2025 16:00:00,AIS,127.0,10.0,15.0,4.0
26/11/2024 23:17:55,Class A,255802580,55.459643,12.205433,Moored,-1.6,0.0,113.1,181.0,9428396,CQPH,MANISA SOFIA,Cargo,,19.0,137.0,GPS,8.5,DKKOG,25/10/2025 16:00:00,AIS,127.0,10.0,15.0,4.0
26/11/2024 23:17:55,Class A,255802580,55.459643,12.205433,Moored,-1.6,0.0,113.1,181.0,9428396,CQPH,MANISA SOFIA,Cargo,,19.0,137.0,GPS,8.5,DKKOG,25/10/2025 16:00:00,AIS,127.0,10.0,15.0,4.0
26/11/2024 23:17:55,Class A,255802580,55.459643,12.205433,Moored,-1.6,0.0,113.1,181.0,9428396,CQPH,MANISA SOFIA,Cargo,,19.0,137.0,GPS,8.5,DKKOG,25/10/2025 16:00:00,AIS,127.0,10.0,15.0,4.0
26/11/2024 23:18:04,Class A,255802580,55.459665,12.205507,Moored,-2.2,0.0,113.1,181.0,9428396,CQPH,MANISA SOFIA,Cargo,,19.0,137.0,GPS,8.5,DKKOG,25/10/2025 16:00:00,AIS,127.0,10.0,15.0,4.0
26/11/2024 23:18:04,Class A,255802580,55.459665,12.205507,Moored,-2.2,0.0,113.1,181.0,9428396,CQPH,MANISA SOFIA,Cargo,,19.0,137.0,GPS,8.5,DKKOG,25/10/2025 16:00:00,AIS,127.0,10.0,15.0,4.0
26/11/2024 23:18:04,Class A,255802580,55.459665,12.205507,Moored,-2.2,0.0,113.1,181.0,9428396,CQPH,MANISA SOFIA,Cargo,,19.0,137.0,GPS,8.5,DKKOG,25/10/2025 16:00:00,AIS,127.0,10.0,15.0,4.0
26/11/2024 23:21:04,Class A,255802580,55.459682,12.205473,Moored,3.6,0.0,113.1,181.0,9428396,CQPH,MANISA SOFIA,Cargo,,19.0,137.0,GPS,8.5,DKKOG,25/10/2025 16:00:00,AIS,127.0,10.0,15.0,4.0
26/11/2024 23:21:04,Class A,255802580,55.459682,12.205473,Moored,3.6,0.0,113.1,181.0,9428396,CQPH,MANISA SOFIA,Cargo,,19.0,137.0,GPS,8.5,DKKOG,25/10/2025 16:00:00,AIS,127.0,10.0,15.0,4.0
26/11/2024 23:21:04,Class A,255802580,55.459682,12.205473,Moored,3.6,0.0,113.1,181.0,9428396,CQPH,MANISA SOFIA,Cargo,,19.0,137.0,GPS,8.5,DKKOG,25/10/2025 16:00:00,AIS,127.0,10.0,15.0,4.0
26/11/2024 23:23:54,Class A,255802580,55.459682,12.205473,Moored,3.6,0.0,113.1,181.0,9428396,CQPH,MANISA SOFIA,Cargo,,19.0,137.0,GPS,8.5,DKKOG,25/10/2025 16:00:00,AIS,127.0,10.0,15.0,4.0
26/11/2024 23:23:54,Class A,255802580,55.459682,12.205473,Moored,3.6,0.0,113.1,181.0,9428396,CQPH,MANISA SOFIA,Cargo,,19.0,137.0,GPS,8.5,DKKOG,25/10/2025 16:00:00,AIS,127.0,10.0,15.0,4.0
26/11/2024 23:23:54,Class A,255802580,55.459682,12.205473,Moored,3.6,0.0,113.1,181.0,9428396,CQPH,MANISA SOFIA,Cargo,,19.0,137.0,GPS,8.5,DKKOG,25/10/2025 16:00:00,AIS,127.0,10.0,15.0,4.0
26/11/2024 23:24:05,Class A,255802580,55.45968,12.205498,Moored,2.9,0.0,113.1,181.0,9428396,CQPH,MANISA SOFIA,Cargo,,19.0,137.0,GPS,8.5,DKKOG,25/10/2025 16:00:00,AIS,127.0,10.0,15.0,4.0
26/11/2024 23:24:05,Class A,255802580,55.45968,12.205498,Moored,2.9,0.0,113.1,181.0,9428396,CQPH,MANISA SOFIA,Cargo,,19.0,137.0,GPS,8.5,DKKOG,25/10/2025 16:00:00,AIS,127.0,10.0,15.0,4.0
26/11/2024 23:24:05,Class A,255802580,55.45968,12.205498,Moored,2.9,0.0,113.1,181.0,9428396,CQPH,MANISA SOFIA,Cargo,,19.0,137.0,GPS,8.5,DKKOG,25/10/2025 16:00:00,AIS,127.0,10.0,15.0,4.0
26/11/2024 23:27:05,Class A,255802580,55.459692,12.20548,Moored,2.9,0.0,113.1,181.0,9428396,CQPH,MANISA SOFIA,Cargo,,19.0,137.0,GPS,8.5,DKKOG,25/10/2025 16:00:00,AIS,127.0,10.0,15.0,4.0
26/11/2024 23:27:05,Class A,255802580,55.459692,12.20548,Moored,2.9,0.0,113.1,181.0,9428396,CQPH,MANISA SOFIA,Cargo,,19.0,137.0,GPS,8.5,DKKOG,25/10/2025 16:00:00,AIS,127.0,10.0,15.0,4.0
26/11/2024 23:27:05,Class A,255802580,55.459692,12.20548,Moored,2.9,0.0,113.1,181.0,9428396,CQPH,MANISA SOFIA,Cargo,,19.0,137.0,GPS,8.5,DKKOG,25/10/2025 16:00:00,AIS,127.0,10.0,15.0,4.0
26/11/2024 23:29:54,Class A,255802580,55.459692,12.20548,Moored,2.9,0.0,113.1,181.0,9428396,CQPH,MANISA SOFIA,Cargo,,19.0,137.0,GPS,8.5,DKKOG,25/10/2025 16:00:00,AIS,127.0,10.0,15.0,4.0
26/11/2024 23:29:55,Class A,255802580,55.45969,12.205473,Moored,-3.6,0.0,113.1,181.0,9428396,CQPH,MANISA SOFIA,Cargo,,19.0,137.0,GPS,8.5,DKKOG,25/10/2025 16:00:00,AIS,127.0,10.0,15.0,4.0
26/11/2024 23:29:55,Class A,255802580,55.45969,12.205473,Moored,-3.6,0.0,113.1,181.0,9428396,CQPH,MANISA SOFIA,Cargo,,19.0,137.0,GPS,8.5,DKKOG,25/10/2025 16:00:00,AIS,127.0,10.0,15.0,4.0
26/11/2024 23:29:55,Class A,255802580,55.45969,12.205473,Moored,-3.6,0.0,113.1,181.0,9428396,CQPH,MANISA SOFIA,Cargo,,19.0,137.0,GPS,8.5,DKKOG,25/10/2025 16:00:00,AIS,127.0,10.0,15.0,4.0
26/11/2024 23:32:55,Class A,255802580,55.45968,12.205515,Moored,1.1,0.0,113.1,181.0,9428396,CQPH,MANISA SOFIA,Cargo,,19.0,137.0,GPS,8.5,DKKOG,25/10/2025 16:00:00,AIS,127.0,10.0,15.0,4.0
26/11/2024 23:32:55,Class A,255802580,55.45968,12.205515,Moored,1.1,0.0,113.1,181.0,9428396,CQPH,MANISA SOFIA,Cargo,,19.0,137.0,GPS,8.5,DKKOG,25/10/2025 16:00:00,AIS,127.0,10.0,15.0,4.0
26/11/2024 23:32:55,Class A,255802580,55.45968,12.205515,Moored,1.1,0.0,113.1,181.0,9428396,CQPH,MANISA SOFIA,Cargo,,19.0,137.0,GPS,8.5,DKKOG,25/10/2025 16:00:00,AIS,127.0,10.0,15.0,4.0
26/11/2024 23:35:54,Class A,255802580,55.45968,12.205515,Moored,1.1,0.0,113.1,181.0,9428396,CQPH,MANISA SOFIA,Cargo,,19.0,137.0,GPS,8.5,DKKOG,25/10/2025 16:00:00,AIS,127.0,10.0,15.0,4.0
26/11/2024 23:35:54,Class A,255802580,55.45968,12.205515,Moored,1.1,0.0,113.1,181.0,9428396,CQPH,MANISA SOFIA,Cargo,,19.0,137.0,GPS,8.5,DKKOG,25/10/2025 16:00:00,AIS,127.0,10.0,15.0,4.0
26/11/2024 23:35:54,Class A,255802580,55.45968,12.205515,Moored,1.1,0.0,113.1,181.0,9428396,CQPH,MANISA SOFIA,Cargo,,19.0,137.0,GPS,8.5,DKKOG,25/10/2025 16:00:00,AIS,127.0,10.0,15.0,4.0
26/11/2024 23:35:59,Class A,255802580,55.459683,12.205517,Moored,-3.6,0.0,113.1,181.0,9428396,CQPH,MANISA SOFIA,Cargo,,19.0,137.0,GPS,8.5,DKKOG,25/10/2025 16:00:00,AIS,127.0,10.0,15.0,4.0
26/11/2024 23:38:57,Class A,255802580,55.459668,12.205488,Moored,0.7,0.0,113.1,181.0,9428396,CQPH,MANISA SOFIA,Cargo,,19.0,137.0,GPS,8.5,DKKOG,25/10/2025 16:00:00,AIS,127.0,10.0,15.0,4.0
26/11/2024 23:38:57,Class A,255802580,55.459668,12.205488,Moored,0.7,0.0,113.1,181.0,9428396,CQPH,MANISA SOFIA,Cargo,,19.0,137.0,GPS,8.5,DKKOG,25/10/2025 16:00:00,AIS,127.0,10.0,15.0,4.0
26/11/2024 23:41:54,Class A,255802580,55.459668,12.205488,Moored,0.7,0.0,113.1,181.0,9428396,CQPH,MANISA SOFIA,Cargo,,19.0,137.0,GPS,8.5,DKKOG,25/10/2025 16:00:00,AIS,127.0,10.0,15.0,4.0
26/11/2024 23:41:54,Class A,255802580,55.459668,12.205488,Moored,0.7,0.0,113.1,181.0,9428396,CQPH,MANISA SOFIA,Cargo,,19.0,137.0,GPS,8.5,DKKOG,25/10/2025 16:00:00,AIS,127.0,10.0,15.0,4.0
26/11/2024 23:41:59,Class A,255802580,55.459665,12.205467,Moored,-0.4,0.0,113.1,181.0,9428396,CQPH,MANISA SOFIA,Cargo,,19.0,137.0,GPS,8.5,DKKOG,25/10/2025 16:00:00,AIS,127.0,10.0,15.0,4.0
26/11/2024 23:41:59,Class A,255802580,55.459665,12.205467,Moored,-0.4,0.0,113.1,181.0,9428396,CQPH,MANISA SOFIA,Cargo,,19.0,137.0,GPS,8.5,DKKOG,25/10/2025 16:00:00,AIS,127.0,10.0,15.0,4.0
26/11/2024 23:41:59,Class A,255802580,55.459665,12.205467,Moored,-0.4,0.0,113.1,181.0,9428396,CQPH,MANISA SOFIA,Cargo,,19.0,137.0,GPS,8.5,DKKOG,25/10/2025 16:00:00,AIS,127.0,10.0,15.0,4.0
26/11/2024 23:44:58,Class A,255802580,55.459685,12.205485,Moored,0.2,0.0,113.1,181.0,9428396,CQPH,MANISA SOFIA,Cargo,,19.0,137.0,GPS,8.5,DKKOG,25/10/2025 16:00:00,AIS,127.0,10.0,15.0,4.0
26/11/2024 23:44:58,Class A,255802580,55.459685,12.205485,Moored,0.2,0.0,113.1,181.0,9428396,CQPH,MANISA SOFIA,Cargo,,19.0,137.0,GPS,8.5,DKKOG,25/10/2025 16:00:00,AIS,127.0,10.0,15.0,4.0
26/11/2024 23:47:54,Class A,255802580,55.459685,12.205485,Moored,0.2,0.0,113.1,181.0,9428396,CQPH,MANISA SOFIA,Cargo,,19.0,137.0,GPS,8.5,DKKOG,25/10/2025 16:00:00,AIS,127.0,10.0,15.0,4.0
26/11/2024 23:47:54,Class A,255802580,55.459685,12.205485,Moored,0.2,0.0,113.1,181.0,9428396,CQPH,MANISA SOFIA,Cargo,,19.0,137.0,GPS,8.5,DKKOG,25/10/2025 16:00:00,AIS,127.0,10.0,15.0,4.0
26/11/2024 23:47:54,Class A,255802580,55.459685,12.205485,Moored,0.2,0.0,113.1,181.0,9428396,CQPH,MANISA SOFIA,Cargo,,19.0,137.0,GPS,8.5,DKKOG,25/10/2025 16:00:00,AIS,127.0,10.0,15.0,4.0
26/11/2024 23:47:58,Class A,255802580,55.459693,12.205458,Moored,-0.7,0.0,113.1,181.0,9428396,CQPH,MANISA SOFIA,Cargo,,19.0,137.0,GPS,8.5,DKKOG,25/10/2025 16:00:00,AIS,127.0,10.0,15.0,4.0
26/11/2024 23:47:58,Class A,255802580,55.459693,12.205458,Moored,-0.7,0.0,113.1,181.0,9428396,CQPH,MANISA SOFIA,Cargo,,19.0,137.0,GPS,8.5,DKKOG,25/10/2025 16:00:00,AIS,127.0,10.0,15.0,4.0
26/11/2024 23:47:58,Class A,255802580,55.459693,12.205458,Moored,-0.7,0.0,113.1,181.0,9428396,CQPH,MANISA SOFIA,Cargo,,19.0,137.0,GPS,8.5,DKKOG,25/10/2025 16:00:00,AIS,127.0,10.0,15.0,4.0
26/11/2024 23:50:58,Class A,255802580,55.459688,12.20548,Moored,2.9,0.0,113.1,181.0,9428396,CQPH,MANISA SOFIA,Cargo,,19.0,137.0,GPS,8.5,DKKOG,25/10/2025 16:00:00,AIS,127.0,10.0,15.0,4.0
26/11/2024 23:50:58,Class A,255802580,55.459688,12.20548,Moored,2.9,0.0,113.1,181.0,9428396,CQPH,MANISA SOFIA,Cargo,,19.0,137.0,GPS,8.5,DKKOG,25/10/2025 16:00:00,AIS,127.0,10.0,15.0,4.0
26/11/2024 23:53:54,Class A,255802580,55.459688,12.20548,Moored,2.9,0.0,113.1,181.0,9428396,CQPH,MANISA SOFIA,Cargo,,19.0,137.0,GPS,8.5,DKKOG,25/10/2025 16:00:00,AIS,127.0,10.0,15.0,4.0
26/11/2024 23:53:54,Class A,255802580,55.459688,12.20548,Moored,2.9,0.0,113.1,181.0,9428396,CQPH,MANISA SOFIA,Cargo,,19.0,137.0,GPS,8.5,DKKOG,25/10/2025 16:00:00,AIS,127.0,10.0,15.0,4.0
26/11/2024 23:53:54,Class A,255802580,55.459688,12.20548,Moored,2.9,0.0,113.1,181.0,9428396,CQPH,MANISA SOFIA,Cargo,,19.0,137.0,GPS,8.5,DKKOG,25/10/2025 16:00:00,AIS,127.0,10.0,15.0,4.0
26/11/2024 23:53:57,Class A,255802580,55.459682,12.205457,Moored,1.6,0.0,113.1,181.0,9428396,CQPH,MANISA SOFIA,Cargo,,19.0,137.0,GPS,8.5,DKKOG,25/10/2025 16:00:00,AIS,127.0,10.0,15.0,4.0
26/11/2024 23:53:57,Class A,255802580,55.459682,12.205457,Moored,1.6,0.0,113.1,181.0,9428396,CQPH,MANISA SOFIA,Cargo,,19.0,137.0,GPS,8.5,DKKOG,25/10/2025 16:00:00,AIS,127.0,10.0,15.0,4.0
26/11/2024 23:53:57,Class A,255802580,55.459682,12.205457,Moored,1.6,0.0,113.1,181.0,9428396,CQPH,MANISA SOFIA,Cargo,,19.0,137.0,GPS,8.5,DKKOG,25/10/2025 16:00:00,AIS,127.0,10.0,15.0,4.0
26/11/2024 23:56:59,Class A,255802580,55.459682,12.205513,Moored,4.5,0.0,113.1,181.0,9428396,CQPH,MANISA SOFIA,Cargo,,19.0,137.0,GPS,8.5,DKKOG,25/10/2025 16:00:00,AIS,127.0,10.0,15.0,4.0
26/11/2024 23:56:59,Class A,255802580,55.459682,12.205513,Moored,4.5,0.0,113.1,181.0,9428396,CQPH,MANISA SOFIA,Cargo,,19.0,137.0,GPS,8.5,DKKOG,25/10/2025 16:00:00,AIS,127.0,10.0,15.0,4.0
26/11/2024 23:59:54,Class A,255802580,55.459682,12.205513,Moored,4.5,0.0,113.1,181.0,9428396,CQPH,MANISA SOFIA,Cargo,,19.0,137.0,GPS,8.5,DKKOG,25/10/2025 16:00:00,AIS,127.0,10.0,15.0,4.0
26/11/2024 23:59:54,Class A,255802580,55.459682,12.205513,Moored,4.5,0.0,113.1,181.0,9428396,CQPH,MANISA SOFIA,Cargo,,19.0,137.0,GPS,8.5,DKKOG,25/10/2025 16:00:00,AIS,127.0,10.0,15.0,4.0
26/11/2024 23:59:54,Class A,255802580,55.459682,12.205513,Moored,4.5,0.0,113.1,181.0,9428396,CQPH,MANISA SOFIA,Cargo,,19.0,137.0,GPS,8.5,DKKOG,25/10/2025 16:00:00,AIS,127.0,10.0,15.0,4.0
