# Timestamp,Type of mobile,MMSI,Latitude,Longitude,Navigational status,ROT,SOG,COG,Heading,IMO,Callsign,Name,Ship type,Cargo type,Width,Length,Type of position fixing device,Draught,Destination,ETA,Data source type,A,B,C,D
26/11/2024 00:03:50,Class A,211299300,54.632023,8.381992,Under way using engine,,0.0,117.2,,Unknown,Unknown,,Undefined,,,,Undefined,,Unknown,,AIS,,,,
26/11/2024 00:04:10,Class A,211299300,54.631965,8.382008,Under way using engine,,0.0,117.2,,Unknown,Unknown,,Undefined,,,,Undefined,,Unknown,,AIS,,,,
26/11/2024 00:08:10,Class A,211299300,54.632022,8.382012,Under way using engine,,0.0,117.2,,Unknown,Unknown,,Undefined,,,,Undefined,,Unknown,,AIS,,,,
26/11/2024 00:09:10,Class A,211299300,54.632075,8.382062,Under way using engine,,0.0,117.2,,Unknown,Unknown,,Undefined,,,,Undefined,,Unknown,,AIS,,,,
26/11/2024 00:09:30,Class A,211299300,54.63207,8.382063,Under way using engine,,0.0,117.2,,Unknown,Unknown,,Undefined,,,,Undefined,,Unknown,,AIS,,,,
26/11/2024 00:09:50,Class A,211299300,54.63206,8.382047,Under way using engine,,0.0,117.2,,Unknown,Unknown,,Undefined,,,,Undefined,,Unknown,,AIS,,,,
26/11/2024 00:14:09,Class A,211299300,54.632038,8.381952,Under way using engine,,0.0,117.2,,Unknown,Unknown,,Undefined,,,,Undefined,,Unknown,,AIS,,,,
26/11/2024 00:15:09,Class A,211299300,54.63206,8.381972,Under way using engine,,0.0,117.2,,Unknown,Unknown,,Undefined,,,,Undefined,,Unknown,,AIS,,,,
26/11/2024 00:18:30,Class A,211299300,54.632072,8.381948,Under way using engine,,0.0,117.2,,Unknown,Unknown,,Undefined,,,,Undefined,,Unknown,,AIS,,,,
26/11/2024 00:22:09,Class A,211299300,54.631998,8.381973,Under way using engine,,0.0,117.2,,Unknown,Unknown,,Undefined,,,,Undefined,,Unknown,,AIS,,,,
26/11/2024 00:24:09,Class A,211299300,54.63206,8.382038,Under way using engine,,0.0,117.2,,Unknown,Unknown,,Undefined,,,,Undefined,,Unknown,,AIS,,,,
26/11/2024 00:25:30,Class A,211299300,54.632048,8.382067,Under way using engine,,0.0,117.2,,Unknown,Unknown,,Undefined,,,,Undefined,,Unknown,,AIS,,,,
26/11/2024 00:25:49,Class A,211299300,54.632032,8.38209,Under way using engine,,0.0,117.2,,Unknown,Unknown,,Undefined,,,,Undefined,,Unknown,,AIS,,,,
26/11/2024 00:26:09,Class A,211299300,54.632015,8.382112,Under way using engine,,0.0,117.2,,Unknown,Unknown,,Undefined,,,,Undefined,,Unknown,,AIS,,,,
26/11/2024 00:27:10,Class A,211299300,54.631997,8.382038,Under way using engine,,0.0,117.2,,Unknown,Unknown,,Undefined,,,,Undefined,,Unknown,,AIS,,,,
26/11/2024 00:28:10,Class A,211299300,54.632003,8.38204,Under way using engine,,0.0,117.2,,Unknown,Unknown,,Undefined,,,,Undefined,,Unknown,,AIS,,,,
26/11/2024 00:31:10,Class A,211299300,54.63203,8.382002,Under way using engine,,0.0,117.2,,Unknown,Unknown,,Undefined,,,,Undefined,,Unknown,,AIS,,,,
26/11/2024 00:31:49,Class A,211299300,54.632035,8.381993,Under way using engine,,0.0,117.2,,Unknown,Unknown,,Undefined,,,,Undefined,,Unknown,,AIS,,,,
26/11/2024 00:32:49,Class A,211299300,54.632005,8.381985,Under way using engine,,0.0,117.2,,Unknown,Unknown,,Undefined,,,,Undefined,,Unknown,,AIS,,,,
26/11/2024 00:33:49,Class A,211299300,54.631993,8.381983,Under way using engine,,0.0,117.2,,Unknown,Unknown,,Undefined,,,,Undefined,,Unknown,,AIS,,,,
26/11/2024 00:34:10,Class A,211299300,54.631983,8.381963,Under way using engine,,0.0,117.2,,Unknown,Unknown,,Undefined,,,,Undefined,,Unknown,,AIS,,,,
26/11/2024 00:35:20,Class A,211299300,54.632012,8.382037,Under way using engine,,0.0,117.2,,Unknown,Unknown,,Undefined,,,,Undefined,,Unknown,,AIS,,,,
26/11/2024 00:36:10,Class A,211299300,54.632012,8.382003,Under way using engine,,0.0,117.2,,Unknown,Unknown,,Undefined,,,,Undefined,,Unknown,,AIS,,,,
26/11/2024 00:39:50,Class A,211299300,54.631998,8.382012,Under way using engine,,0.0,117.2,,Unknown,Unknown,,Undefined,,,,Undefined,,Unknown,,AIS,,,,
26/11/2024 00:44:29,Class A,211299300,54.632037,8.381988,Under way using engine,,0.0,117.2,,Unknown,Unknown,,Undefined,,,,Undefined,,Unknown,,AIS,,,,
26/11/2024 00:45:29,Class A,211299300,54.632052,8.382033,Under way using engine,,0.0,117.2,,Unknown,Unknown,,Undefined,,,,Undefined,,Unknown,,AIS,,,,
26/11/2024 00:48:10,Class A,211299300,54.632025,8.381997,Under way using engine,,0.0,117.2,,Unknown,Unknown,,Undefined,,,,Undefined,,Unknown,,AIS,,,,
26/11/2024 00:48:29,Class A,211299300,54.632022,8.381988,Under way using engine,,0.0,117.2,,Unknown,Unknown,,Undefined,,,,Undefined,,Unknown,,AIS,,,,
26/11/2024 00:49:29,Class A,211299300,54.632048,8.382018,Under way using engine,,0.0,117.2,,Unknown,Unknown,,Undefined,,,,Undefined,,Unknown,,AIS,,,,
26/11/2024 00:50:29,Class A,211299300,54.632028,8.38193,Under way using engine,,0.0,117.2,,Unknown,Unknown,,Undefined,,,,Undefined,,Unknown,,AIS,,,,
26/11/2024 00:50:49,Class A,211299300,54.63203,8.381933,Under way using engine,,0.0,117.2,,Unknown,Unknown,,Undefined,,,,Undefined,,Unknown,,AIS,,,,
26/11/2024 00:51:10,Class A,211299300,54.632018,8.38194,Under way using engine,,0.0,117.2,,Unknown,Unknown,,Undefined,,,,Undefined,,Unknown,,AIS,,,,
26/11/2024 00:52:10,Class A,211299300,54.632003,8.381988,Under way using engine,,0.0,117.2,,Unknown,Unknown,,Undefined,,,,Undefined,,Unknown,,AIS,,,,
26/11/2024 00:52:30,Class A,211299300,54.632,8.382002,Under way using engine,,0.0,117.2,,Unknown,Unknown,,Undefined,,,,Undefined,,Unknown,,AIS,,,,
26/11/2024 00:55:10,Class A,211299300,54.63201,8.38197,Under way using engine,,0.0,117.2,,Unknown,Unknown,,Undefined,,,,Undefined,,Unknown,,AIS,,,,
26/11/2024 00:57:10,Class A,211299300,54.631997,8.38194,Under way using engine,,0.0,117.2,,Unknown,Unknown,,Undefined,,,,Undefined,,Unknown,,AIS,,,,
26/11/2024 00:57:50,Class A,211299300,54.631982,8.381945,Under way using engine,,0.0,117.2,,Unknown,Unknown,,Undefined,,,,Undefined,,Unknown,,AIS,,,,
26/11/2024 00:58:10,Class A,211299300,54.631982,8.381967,Under way using engine,,0.0,117.2,,Unknown,Unknown,,Undefined,,,,Undefined,,Unknown,,AIS,,,,
26/11/2024 00:59:09,Class A,211299300,54.63197,8.381978,Under way using engine,,0.0,117.2,,Unknown,Unknown,,Undefined,,,,Undefined,,Unknown,,AIS,,,,
26/11/2024 00:59:50,Class A,211299300,54.632027,8.38197,Under way using engine,,0.0,117.2,,Unknown,Unknown,,Undefined,,,,Undefined,,Unknown,,AIS,,,,
26/11/2024 01:00:09,Class A,211299300,54.63203,8.38199,Under way using engine,,0.0,117.2,,Unknown,Unknown,,Undefined,,,,Undefined,,Unknown,,AIS,,,,
26/11/2024 01:00:50,Class A,211299300,54.632005,8.382005,Under way using engine,,0.0,117.2,,Unknown,Unknown,,Undefined,,,,Undefined,,Unknown,,AIS,,,,
26/11/2024 01:01:09,Class A,211299300,54.631997,8.382003,Under way using engine,,0.0,117.2,,Unknown,Unknown,,Undefined,,,,Undefined,,Unknown,,AIS,,,,
26/11/2024 01:02:09,Class A,211299300,54.631982,8.381988,Under way using engine,,0.0,117.2,,Unknown,Unknown,,Undefined,,,,Undefined,,Unknown,,AIS,,,,
26/11/2024 01:05:09,Class A,211299300,54.632007,8.38199,Under way using engine,,0.0,117.2,,Unknown,Unknown,,Undefined,,,,Undefined,,Unknown,,AIS,,,,
26/11/2024 01:06:49,Class A,211299300,54.631993,8.381895,Under way using engine,,0.0,117.2,,Unknown,Unknown,,Undefined,,,,Undefined,,Unknown,,AIS,,,,
26/11/2024 01:09:10,Class A,211299300,54.632005,8.381988,Under way using engine,,0.0,117.2,,Unknown,Unknown,,Undefined,,,,Undefined,,Unknown,,AIS,,,,
26/11/2024 01:12:49,Class A,211299300,54.632015,8.38197,Under way using engine,,0.0,117.2,,Unknown,Unknown,,Undefined,,,,Undefined,,Unknown,,AIS,,,,
26/11/2024 01:13:49,Class A,211299300,54.632005,8.381922,Under way using engine,,0.0,117.2,,Unknown,Unknown,,Undefined,,,,Undefined,,Unknown,,AIS,,,,
26/11/2024 01:15:49,Class A,211299300,54.631985,8.381962,Under way using engine,,0.0,117.2,,Unknown,Unknown,,Undefined,,,,Undefined,,Unknown,,AIS,,,,
26/11/2024 01:20:29,Class A,211299300,54.632003,8.381997,Under way using engine,,0.0,117.2,,Unknown,Unknown,,Undefined,,,,Undefined,,Unknown,,AIS,,,,
26/11/2024 01:25:50,Class A,211299300,54.632005,8.381977,Under way using engine,,0.0,117.2,,Unknown,Unknown,,Undefined,,,,Undefined,,Unknown,,AIS,,,,
26/11/2024 01:26:50,Class A,211299300,54.631997,8.38196,Under way using engine,,0.0,117.2,,Unknown,Unknown,,Undefined,,,,Undefined,,Unknown,,AIS,,,,
26/11/2024 01:27:29,Class A,211299300,54.631997,8.381963,Under way using engine,,0.0,117.2,,Unknown,Unknown,,Undefined,,,,Undefined,,Unknown,,AIS,,,,
26/11/2024 01:30:29,Class A,211299300,54.632013,8.381985,Under way using engine,,0.0,117.2,,Unknown,Unknown,,Undefined,,,,Undefined,,Unknown,,AIS,,,,
26/11/2024 01:32:10,Class A,211299300,54.631997,8.382,Under way using engine,,0.0,117.2,,Unknown,Unknown,,Undefined,,,,Undefined,,Unknown,,AIS,,,,
26/11/2024 01:34:10,Class A,211299300,54.632,8.381975,Under way using engine,,0.0,117.2,,Unknown,Unknown,,Undefined,,,,Undefined,,Unknown,,AIS,,,,
26/11/2024 01:36:49,Class A,211299300,54.631982,8.382012,Under way using engine,,0.0,117.2,,Unknown,Unknown,,Undefined,,,,Undefined,,Unknown,,AIS,,,,
26/11/2024 01:38:49,Class A,211299300,54.632002,8.381942,Under way using engine,,0.0,117.2,,Unknown,Unknown,,Undefined,,,,Undefined,,Unknown,,AIS,,,,
26/11/2024 01:39:49,Class A,211299300,54.632013,8.381943,Under way using engine,,0.0,117.2,,Unknown,Unknown,,Undefined,,,,Undefined,,Unknown,,AIS,,,,
26/11/2024 01:42:09,Class A,211299300,54.63199,8.381928,Under way using engine,,0.0,117.2,,Unknown,Unknown,,Undefined,,,,Undefined,,Unknown,,AIS,,,,
26/11/2024 01:45:10,Class A,211299300,54.632017,8.38196,Under way using engine,,0.0,117.2,,Unknown,Unknown,,Undefined,,,,Undefined,,Unknown,,AIS,,,,
26/11/2024 01:47:29,Class A,211299300,54.63201,8.382005,Under way using engine,,0.0,117.2,,Unknown,Unknown,,Undefined,,,,Undefined,,Unknown,,AIS,,,,
26/11/2024 01:49:10,Class A,211299300,54.632003,8.382018,Under way using engine,,0.0,117.2,,Unknown,Unknown,,Undefined,,,,Undefined,,Unknown,,AIS,,,,
26/11/2024 01:52:10,Class A,211299300,54.632013,8.381955,Under way using engine,,0.0,117.2,,Unknown,Unknown,,Undefined,,,,Undefined,,Unknown,,AIS,,,,
26/11/2024 01:52:29,Class A,211299300,54.632012,8.381955,Under way using engine,,0.0,117.2,,Unknown,Unknown,,Undefined,,,,Undefined,,Unknown,,AIS,,,,
26/11/2024 01:52:50,Class A,211299300,54.632005,8.381965,Under way using engine,,0.0,117.2,,Unknown,Unknown,,Undefined,,,,Undefined,,Unknown,,AIS,,,,
26/11/2024 01:53:10,Class A,211299300,54.632012,8.381963,Under way using engine,,0.0,117.2,,Unknown,Unknown,,Undefined,,,,Undefined,,Unknown,,AIS,,,,
26/11/2024 01:53:50,Class A,211299300,54.632022,8.381967,Under way using engine,,0.0,117.2,,Unknown,Unknown,,Undefined,,,,Undefined,,Unknown,,AIS,,,,
26/11/2024 01:54:50,Class A,211299300,54.63203,8.381962,Under way using engine,,0.0,117.2,,Unknown,Unknown,,Undefined,,,,Undefined,,Unknown,,AIS,,,,
26/11/2024 01:55:10,Class A,211299300,54.632033,8.381968,Under way using engine,,0.0,117.2,,Unknown,Unknown,,Undefined,,,,Undefined,,Unknown,,AIS,,,,
26/11/2024 01:55:30,Class A,211299300,54.632023,8.38196,Under way using engine,,0.0,117.2,,Unknown,Unknown,,Undefined,,,,Undefined,,Unknown,,AIS,,,,
26/11/2024 01:55:50,Class A,211299300,54.632017,8.38193,Under way using engine,,0.0,117.2,,Unknown,Unknown,,Undefined,,,,Undefined,,Unknown,,AIS,,,,
26/11/2024 01:57:10,Class A,211299300,54.632005,8.381955,Under way using engine,,0.0,117.2,,Unknown,Unknown,,Undefined,,,,Undefined,,Unknown,,AIS,,,,
26/11/2024 01:58:10,Class A,211299300,54.63201,8.381997,Under way using engine,,0.0,117.2,,Unknown,Unknown,,Undefined,,,,Undefined,,Unknown,,AIS,,,,
26/11/2024 01:58:30,Class A,211299300,54.632012,8.381998,Under way using engine,,0.0,117.2,,Unknown,Unknown,,Undefined,,,,Undefined,,Unknown,,AIS,,,,
26/11/2024 01:59:30,Class A,211299300,54.632023,8.381997,Under way using engine,,0.0,117.2,,Unknown,Unknown,,Undefined,,,,Undefined,,Unknown,,AIS,,,,
26/11/2024 02:00:09,Class A,211299300,54.632005,8.38199,Under way using engine,,0.0,117.2,,Unknown,Unknown,,Undefined,,,,Undefined,,Unknown,,AIS,,,,
26/11/2024 02:00:49,Class A,211299300,54.632003,8.38199,Under way using engine,,0.0,117.2,,Unknown,Unknown,,Undefined,,,,Undefined,,Unknown,,AIS,,,,
26/11/2024 02:02:30,Class A,211299300,54.631995,8.38199,Under way using engine,,0.0,117.2,,Unknown,Unknown,,Undefined,,,,Undefined,,Unknown,,AIS,,,,
26/11/2024 02:03:51,Class A,211299300,54.631995,8.381985,Under way using engine,,0.0,117.2,,Unknown,Unknown,,Undefined,,,,Undefined,,Unknown,,AIS,,,,
26/11/2024 02:06:51,Class A,211299300,54.632,8.382037,Under way using engine,,0.0,117.2,,Unknown,Unknown,,Undefined,,,,Undefined,,Unknown,,AIS,,,,
26/11/2024 02:08:30,Class A,211299300,54.63203,8.382038,Under way using engine,,0.0,117.2,,Unknown,Unknown,,Undefined,,,,Undefined,,Unknown,,AIS,,,,
26/11/2024 02:08:50,Class A,211299300,54.632027,8.382013,Under way using engine,,0.0,117.2,,Unknown,Unknown,,Undefined,,,,Undefined,,Unknown,,AIS,,,,
26/11/2024 02:10:50,Class A,211299300,54.631992,8.381988,Under way using engine,,0.0,117.2,,Unknown,Unknown,,Undefined,,,,Undefined,,Unknown,,AIS,,,,
26/11/2024 02:11:50,Class A,211299300,54.632018,8.38197,Under way using engine,,0.0,117.2,,Unknown,Unknown,,Undefined,,,,Undefined,,Unknown,,AIS,,,,
26/11/2024 02:14:50,Class A,211299300,54.631993,8.38197,Under way using engine,,0.0,117.2,,Unknown,Unknown,,Undefined,,,,Undefined,,Unknown,,AIS,,,,
26/11/2024 02:15:30,Class A,211299300,54.631997,8.381972,Under way using engine,,0.0,117.2,,Unknown,Unknown,,Undefined,,,,Undefined,,Unknown,,AIS,,,,
26/11/2024 02:16:09,Class A,211299300,54.632007,8.381978,Under way using engine,,0.0,117.2,,Unknown,Unknown,,Undefined,,,,Undefined,,Unknown,,AIS,,,,
26/11/2024 02:16:59,Class A,211299300,54.63202,8.381973,Under way using engine,,0.0,117.2,,Unknown,Unknown,,Undefined,,,,Undefined,,Unknown,,AIS,,,,
26/11/2024 02:18:09,Class A,211299300,54.632012,8.38199,Under way using engine,,0.0,117.2,,Unknown,Unknown,,Undefined,,,,Undefined,,Unknown,,AIS,,,,
26/11/2024 02:18:30,Class A,211299300,54.632015,8.381993,Under way using engine,,0.0,117.2,,Unknown,Unknown,,Undefined,,,,Undefined,,Unknown,,AIS,,,,
26/11/2024 02:18:40,Class A,211299300,54.632015,8.382008,Under way using engine,,0.0,117.2,,Unknown,Unknown,,Undefined,,,,Undefined,,Unknown,,AIS,,,,
26/11/2024 02:20:09,Class A,211299300,54.632007,8.38201,Under way using engine,,0.0,117.2,,Unknown,Unknown,,Undefined,,,,Undefined,,Unknown,,AIS,,,,
26/11/2024 02:20:19,Class A,211299300,54.632007,8.382007,Under way using engine,,0.0,117.2,,Unknown,Unknown,,Undefined,,,,Undefined,,Unknown,,AIS,,,,
26/11/2024 02:22:09,Class A,211299300,54.632023,8.382017,Under way using engine,,0.0,117.2,,Unknown,Unknown,,Undefined,,,,Undefined,,Unknown,,AIS,,,,
26/11/2024 02:22:30,Class A,211299300,54.63203,8.382037,Under way using engine,,0.0,117.2,,Unknown,Unknown,,Undefined,,,,Undefined,,Unknown,,AIS,,,,
26/11/2024 02:22:59,Class A,211299300,54.632042,8.382032,Under way using engine,,0.0,117.2,,Unknown,Unknown,,Undefined,,,,Undefined,,Unknown,,AIS,,,,
26/11/2024 02:23:10,Class A,211299300,54.632042,8.382018,Under way using engine,,0.0,117.2,,Unknown,Unknown,,Undefined,,,,Undefined,,Unknown,,AIS,,,,
26/11/2024 02:23:30,Class A,211299300,54.632053,8.382003,Under way using engine,,0.0,117.2,,Unknown,Unknown,,Undefined,,,,Undefined,,Unknown,,AIS,,,,
26/11/2024 02:24:10,Class A,211299300,54.632032,8.381962,Under way using engine,,0.0,117.2,,Unknown,Unknown,,Undefined,,,,Undefined,,Unknown,,AIS,,,,
26/11/2024 02:24:30,Class A,211299300,54.632018,8.381955,Under way using engine,,0.0,117.2,,Unknown,Unknown,,Undefined,,,,Undefined,,Unknown,,AIS,,,,
26/11/2024 02:25:10,Class A,211299300,54.632012,8.381948,Under way using engine,,0.0,117.2,,Unknown,Unknown,,Undefined,,,,Undefined,,Unknown,,AIS,,,,
26/11/2024 02:25:20,Class A,211299300,54.632008,8.381943,Under way using engine,,0.0,117.2,,Unknown,Unknown,,Undefined,,,,Undefined,,Unknown,,AIS,,,,
26/11/2024 02:26:30,Class A,211299300,54.632012,8.381918,Under way using engine,,0.0,117.2,,Unknown,Unknown,,Undefined,,,,Undefined,,Unknown,,AIS,,,,
26/11/2024 02:28:09,Class A,211299300,54.632,8.381922,Under way using engine,,0.0,117.2,,Unknown,Unknown,,Undefined,,,,Undefined,,Unknown,,AIS,,,,
26/11/2024 02:28:30,Class A,211299300,54.631998,8.381918,Under way using engine,,0.0,117.2,,Unknown,Unknown,,Undefined,,,,Undefined,,Unknown,,AIS,,,,
26/11/2024 02:29:09,Class A,211299300,54.631997,8.381892,Under way using engine,,0.0,117.2,,Unknown,Unknown,,Undefined,,,,Undefined,,Unknown,,AIS,,,,
26/11/2024 02:31:09,Class A,211299300,54.63198,8.381887,Under way using engine,,0.0,117.2,,Unknown,Unknown,,Undefined,,,,Undefined,,Unknown,,AIS,,,,
26/11/2024 02:34:29,Class A,211299300,54.632008,8.382027,Under way using engine,,0.0,117.2,,Unknown,Unknown,,Undefined,,,,Undefined,,Unknown,,AIS,,,,
26/11/2024 02:35:29,Class A,211299300,54.632018,8.381985,Under way using engine,,0.0,117.2,,Unknown,Unknown,,Undefined,,,,Undefined,,Unknown,,AIS,,,,
26/11/2024 02:36:00,Class A,211299300,54.63203,8.381977,Under way using engine,,0.0,117.2,,Unknown,Unknown,,Undefined,,,,Undefined,,Unknown,,AIS,,,,
26/11/2024 02:36:39,Class A,211299300,54.632028,8.381948,Under way using engine,,0.0,117.2,,Unknown,Unknown,,Undefined,,,,Undefined,,Unknown,,AIS,,,,
26/11/2024 02:36:50,Class A,211299300,54.632027,8.381942,Under way using engine,,0.0,117.2,,Unknown,Unknown,,Undefined,,,,Undefined,,Unknown,,AIS,,,,
26/11/2024 02:38:09,Class A,211299300,54.632027,8.381985,Under way using engine,,0.0,117.2,,Unknown,Unknown,,Undefined,,,,Undefined,,Unknown,,AIS,,,,
26/11/2024 02:39:09,Class A,211299300,54.632015,8.381977,Under way using engine,,0.0,117.2,,Unknown,Unknown,,Undefined,,,,Undefined,,Unknown,,AIS,,,,
26/11/2024 02:39:29,Class A,211299300,54.632033,8.381967,Under way using engine,,0.0,117.2,,Unknown,Unknown,,Undefined,,,,Undefined,,Unknown,,AIS,,,,
26/11/2024 02:40:09,Class A,211299300,54.632012,8.381942,Under way using engine,,0.0,117.2,,Unknown,Unknown,,Undefined,,,,Undefined,,Unknown,,AIS,,,,
26/11/2024 02:40:29,Class A,211299300,54.631997,8.38197,Under way using engine,,0.0,117.2,,Unknown,Unknown,,Undefined,,,,Undefined,,Unknown,,AIS,,,,
26/11/2024 02:41:09,Class A,211299300,54.631988,8.381955,Under way using engine,,0.0,117.2,,Unknown,Unknown,,Undefined,,,,Undefined,,Unknown,,AIS,,,,
26/11/2024 02:41:29,Class A,211299300,54.63199,8.381963,Under way using engine,,0.0,117.2,,Unknown,Unknown,,Undefined,,,,Undefined,,Unknown,,AIS,,,,
26/11/2024 02:41:50,Class A,211299300,54.631988,8.381958,Under way using engine,,0.0,117.2,,Unknown,Unknown,,Undefined,,,,Undefined,,Unknown,,AIS,,,,
26/11/2024 02:42:09,Class A,211299300,54.631982,8.381958,Under way using engine,,0.0,117.2,,Unknown,Unknown,,Undefined,,,,Undefined,,Unknown,,AIS,,,,
26/11/2024 02:42:29,Class A,211299300,54.631975,8.38196,Under way using engine,,0.0,117.2,,Unknown,Unknown,,Undefined,,,,Undefined,,Unknown,,AIS,,,,
26/11/2024 02:43:09,Class A,211299300,54.632017,8.381937,Under way using engine,,0.0,117.2,,Unknown,Unknown,,Undefined,,,,Undefined,,Unknown,,AIS,,,,
26/11/2024 02:47:39,Class A,211299300,54.631995,8.381947,Under way using engine,,0.0,117.2,,Unknown,Unknown,,Undefined,,,,Undefined,,Unknown,,AIS,,,,
26/11/2024 02:48:50,Class A,211299300,54.632,8.381925,Under way using engine,,0.0,117.2,,Unknown,Unknown,,Undefined,,,,Undefined,,Unknown,,AIS,,,,
26/11/2024 02:50:50,Class A,211299300,54.632028,8.381943,Under way using engine,,0.0,117.2,,Unknown,Unknown,,Undefined,,,,Undefined,,Unknown,,AIS,,,,
26/11/2024 02:51:00,Class A,211299300,54.63203,8.381933,Under way using engine,,0.0,117.2,,Unknown,Unknown,,Undefined,,,,Undefined,,Unknown,,AIS,,,,
26/11/2024 02:51:09,Class A,211299300,54.632033,8.381925,Under way using engine,,0.0,117.2,,Unknown,Unknown,,Undefined,,,,Undefined,,Unknown,,AIS,,,,
26/11/2024 02:54:29,Class A,211299300,54.631982,8.381972,Under way using engine,,0.0,117.2,,Unknown,Unknown,,Undefined,,,,Undefined,,Unknown,,AIS,,,,
26/11/2024 02:55:10,Class A,211299300,54.631993,8.381968,Under way using engine,,0.0,117.2,,Unknown,Unknown,,Undefined,,,,Undefined,,Unknown,,AIS,,,,
26/11/2024 02:55:19,Class A,211299300,54.631992,8.381958,Under way using engine,,0.0,117.2,,Unknown,Unknown,,Undefined,,,,Undefined,,Unknown,,AIS,,,,
26/11/2024 02:55:29,Class A,211299300,54.631995,8.38195,Under way using engine,,0.0,117.2,,Unknown,Unknown,,Undefined,,,,Undefined,,Unknown,,AIS,,,,
26/11/2024 02:56:29,Class A,211299300,54.631997,8.38199,Under way using engine,,0.0,117.2,,Unknown,Unknown,,Undefined,,,,Undefined,,Unknown,,AIS,,,,
26/11/2024 02:58:29,Class A,211299300,54.632002,8.382007,Under way using engine,,0.0,117.2,,Unknown,Unknown,,Undefined,,,,Undefined,,Unknown,,AIS,,,,
26/11/2024 02:58:50,Class A,211299300,54.632005,8.382005,Under way using engine,,0.0,117.2,,Unknown,Unknown,,Undefined,,,,Undefined,,Unknown,,AIS,,,,
26/11/2024 02:59:10,Class A,211299300,54.632012,8.382018,Under way using engine,,0.0,117.2,,Unknown,Unknown,,Undefined,,,,Undefined,,Unknown,,AIS,,,,
26/11/2024 02:59:50,Class A,211299300,54.632012,8.382027,Under way using engine,,0.0,117.2,,Unknown,Unknown,,Undefined,,,,Undefined,,Unknown,,AIS,,,,
26/11/2024 03:00:40,Class A,211299300,54.632012,8.382012,Under way using engine,,0.0,117.2,,Unknown,Unknown,,Undefined,,,,Undefined,,Unknown,,AIS,,,,
26/11/2024 03:00:50,Class A,211299300,54.632015,8.382008,Under way using engine,,0.0,117.2,,Unknown,Unknown,,Undefined,,,,Undefined,,Unknown,,AIS,,,,
26/11/2024 03:01:30,Class A,211299300,54.632023,8.382015,Under way using engine,,0.0,117.2,,Unknown,Unknown,,Undefined,,,,Undefined,,Unknown,,AIS,,,,
26/11/2024 03:02:30,Class A,211299300,54.632023,8.381983,Under way using engine,,0.0,117.2,,Unknown,Unknown,,Undefined,,,,Undefined,,Unknown,,AIS,,,,
26/11/2024 03:03:30,Class A,211299300,54.632023,8.381942,Under way using engine,,0.0,117.2,,Unknown,Unknown,,Undefined,,,,Undefined,,Unknown,,AIS,,,,
26/11/2024 03:03:50,Class A,211299300,54.632018,8.381948,Under way using engine,,0.0,117.2,,Unknown,Unknown,,Undefined,,,,Undefined,,Unknown,,AIS,,,,
26/11/2024 03:04:50,Class A,211299300,54.632012,8.381942,Under way using engine,,0.0,117.2,,Unknown,Unknown,,Undefined,,,,Undefined,,Unknown,,AIS,,,,
26/11/2024 03:06:11,Class A,211299300,54.632015,8.381972,Under way using engine,,0.0,117.2,,Unknown,Unknown,,Undefined,,,,Undefined,,Unknown,,AIS,,,,
26/11/2024 03:07:30,Class A,211299300,54.632027,8.381985,Under way using engine,,0.0,117.2,,Unknown,Unknown,,Undefined,,,,Undefined,,Unknown,,AIS,,,,
26/11/2024 03:08:11,Class A,211299300,54.63203,8.38199,Under way using engine,,0.0,117.2,,Unknown,Unknown,,Undefined,,,,Undefined,,Unknown,,AIS,,,,
26/11/2024 03:09:39,Class A,211299300,54.632013,8.38202,Under way using engine,,0.0,117.2,,Unknown,Unknown,,Undefined,,,,Undefined,,Unknown,,AIS,,,,
26/11/2024 03:11:50,Class A,211299300,54.632022,8.381973,Under way using engine,,0.0,117.2,,Unknown,Unknown,,Undefined,,,,Undefined,,Unknown,,AIS,,,,
26/11/2024 03:12:50,Class A,211299300,54.632027,8.381978,Under way using engine,,0.0,117.2,,Unknown,Unknown,,Undefined,,,,Undefined,,Unknown,,AIS,,,,
26/11/2024 03:14:00,Class A,211299300,54.632005,8.381985,Under way using engine,,0.0,117.2,,Unknown,Unknown,,Undefined,,,,Undefined,,Unknown,,AIS,,,,
26/11/2024 03:14:30,Class A,211299300,54.632015,8.381985,Under way using engine,,0.0,117.2,,Unknown,Unknown,,Undefined,,,,Undefined,,Unknown,,AIS,,,,
26/11/2024 03:14:50,Class A,211299300,54.63201,8.381967,Under way using engine,,0.0,117.2,,Unknown,Unknown,,Undefined,,,,Undefined,,Unknown,,AIS,,,,
26/11/2024 03:15:30,Class A,211299300,54.631973,8.381972,Under way using engine,,0.0,117.2,,Unknown,Unknown,,Undefined,,,,Undefined,,Unknown,,AIS,,,,
26/11/2024 03:17:50,Class A,211299300,54.632008,8.382027,Under way using engine,,0.0,117.2,,Unknown,Unknown,,Undefined,,,,Undefined,,Unknown,,AIS,,,,
26/11/2024 03:18:30,Class A,211299300,54.631998,8.38201,Under way using engine,,0.0,117.2,,Unknown,Unknown,,Undefined,,,,Undefined,,Unknown,,AIS,,,,
26/11/2024 03:19:30,Class A,211299300,54.631993,8.381993,Under way using engine,,0.0,117.2,,Unknown,Unknown,,Undefined,,,,Undefined,,Unknown,,AIS,,,,
26/11/2024 03:19:33,Class A,211299300,54.631993,8.381993,Under way using engine,,0.0,117.2,,Unknown,DCHL,EILUN,Passenger,,5.0,25.0,GPS,1.0,AMRUM,,AIS,12.0,13.0,3.0,2.0
26/11/2024 03:20:10,Class A,211299300,54.631988,8.382003,Under way using engine,,0.0,117.2,,Unknown,DCHL,EILUN,Passenger,,5.0,25.0,GPS,1.0,AMRUM,,AIS,12.0,13.0,3.0,2.0
26/11/2024 03:20:50,Class A,211299300,54.631988,8.381997,Under way using engine,,0.0,117.2,,Unknown,DCHL,EILUN,Passenger,,5.0,25.0,GPS,1.0,AMRUM,,AIS,12.0,13.0,3.0,2.0
26/11/2024 03:21:10,Class A,211299300,54.631988,8.381988,Under way using engine,,0.0,117.2,,Unknown,DCHL,EILUN,Passenger,,5.0,25.0,GPS,1.0,AMRUM,,AIS,12.0,13.0,3.0,2.0
26/11/2024 03:21:30,Class A,211299300,54.631982,8.381973,Under way using engine,,0.0,117.2,,Unknown,DCHL,EILUN,Passenger,,5.0,25.0,GPS,1.0,AMRUM,,AIS,12.0,13.0,3.0,2.0
26/11/2024 03:22:30,Class A,211299300,54.631982,8.38194,Under way using engine,,0.0,117.2,,Unknown,DCHL,EILUN,Passenger,,5.0,25.0,GPS,1.0,AMRUM,,AIS,12.0,13.0,3.0,2.0
26/11/2024 03:29:50,Class A,211299300,54.632018,8.381963,Under way using engine,,0.0,117.2,,Unknown,DCHL,EILUN,Passenger,,5.0,25.0,GPS,1.0,AMRUM,,AIS,12.0,13.0,3.0,2.0
26/11/2024 03:31:09,Class A,211299300,54.632012,8.38199,Under way using engine,,0.0,117.2,,Unknown,DCHL,EILUN,Passenger,,5.0,25.0,GPS,1.0,AMRUM,,AIS,12.0,13.0,3.0,2.0
26/11/2024 03:31:29,Class A,211299300,54.632012,8.381982,Under way using engine,,0.0,117.2,,Unknown,DCHL,EILUN,Passenger,,5.0,25.0,GPS,1.0,AMRUM,,AIS,12.0,13.0,3.0,2.0
26/11/2024 03:31:33,Class A,211299300,54.632012,8.381982,Under way using engine,,0.0,117.2,,Unknown,DCHL,EILUN,Passenger,,5.0,25.0,GPS,1.0,AMRUM,,AIS,12.0,13.0,3.0,2.0
26/11/2024 03:32:10,Class A,211299300,54.632018,8.38199,Under way using engine,,0.0,117.2,,Unknown,DCHL,EILUN,Passenger,,5.0,25.0,GPS,1.0,AMRUM,,AIS,12.0,13.0,3.0,2.0
26/11/2024 03:32:49,Class A,211299300,54.632028,8.381985,Under way using engine,,0.0,117.2,,Unknown,DCHL,EILUN,Passenger,,5.0,25.0,GPS,1.0,AMRUM,,AIS,12.0,13.0,3.0,2.0
26/11/2024 03:33:10,Class A,211299300,54.632033,8.381977,Under way using engine,,0.0,117.2,,Unknown,DCHL,EILUN,Passenger,,5.0,25.0,GPS,1.0,AMRUM,,AIS,12.0,13.0,3.0,2.0
26/11/2024 03:33:29,Class A,211299300,54.632042,8.381973,Under way using engine,,0.0,117.2,,Unknown,DCHL,EILUN,Passenger,,5.0,25.0,GPS,1.0,AMRUM,,AIS,12.0,13.0,3.0,2.0
26/11/2024 03:33:49,Class A,211299300,54.632042,8.381973,Under way using engine,,0.0,117.2,,Unknown,DCHL,EILUN,Passenger,,5.0,25.0,GPS,1.0,AMRUM,,AIS,12.0,13.0,3.0,2.0
26/11/2024 03:34:30,Class A,211299300,54.632042,8.381977,Under way using engine,,0.0,117.2,,Unknown,DCHL,EILUN,Passenger,,5.0,25.0,GPS,1.0,AMRUM,,AIS,12.0,13.0,3.0,2.0
26/11/2024 03:34:39,Class A,211299300,54.632048,8.381978,Under way using engine,,0.0,117.2,,Unknown,DCHL,EILUN,Passenger,,5.0,25.0,GPS,1.0,AMRUM,,AIS,12.0,13.0,3.0,2.0
26/11/2024 03:34:49,Class A,211299300,54.632043,8.381975,Under way using engine,,0.0,117.2,,Unknown,DCHL,EILUN,Passenger,,5.0,25.0,GPS,1.0,AMRUM,,AIS,12.0,13.0,3.0,2.0
26/11/2024 03:35:49,Class A,211299300,54.632045,8.381967,Under way using engine,,0.0,117.2,,Unknown,DCHL,EILUN,Passenger,,5.0,25.0,GPS,1.0,AMRUM,,AIS,12.0,13.0,3.0,2.0
26/11/2024 03:37:10,Class A,211299300,54.632015,8.381948,Under way using engine,,0.0,117.2,,Unknown,DCHL,EILUN,Passenger,,5.0,25.0,GPS,1.0,AMRUM,,AIS,12.0,13.0,3.0,2.0
26/11/2024 03:37:20,Class A,211299300,54.63202,8.381897,Under way using engine,,0.0,117.2,,Unknown,DCHL,EILUN,Passenger,,5.0,25.0,GPS,1.0,AMRUM,,AIS,12.0,13.0,3.0,2.0
26/11/2024 03:37:30,Class A,211299300,54.632022,8.381887,Under way using engine,,0.0,117.2,,Unknown,DCHL,EILUN,Passenger,,5.0,25.0,GPS,1.0,AMRUM,,AIS,12.0,13.0,3.0,2.0
26/11/2024 03:37:49,Class A,211299300,54.632015,8.38192,Under way using engine,,0.0,117.2,,Unknown,DCHL,EILUN,Passenger,,5.0,25.0,GPS,1.0,AMRUM,,AIS,12.0,13.0,3.0,2.0
26/11/2024 03:38:30,Class A,211299300,54.632033,8.381897,Under way using engine,,0.0,117.2,,Unknown,DCHL,EILUN,Passenger,,5.0,25.0,GPS,1.0,AMRUM,,AIS,12.0,13.0,3.0,2.0
26/11/2024 03:38:50,Class A,211299300,54.632008,8.381937,Under way using engine,,0.0,117.2,,Unknown,DCHL,EILUN,Passenger,,5.0,25.0,GPS,1.0,AMRUM,,AIS,12.0,13.0,3.0,2.0
26/11/2024 03:39:10,Class A,211299300,54.631993,8.38196,Under way using engine,,0.0,117.2,,Unknown,DCHL,EILUN,Passenger,,5.0,25.0,GPS,1.0,AMRUM,,AIS,12.0,13.0,3.0,2.0
26/11/2024 03:39:30,Class A,211299300,54.631993,8.381995,Under way using engine,,0.0,117.2,,Unknown,DCHL,EILUN,Passenger,,5.0,25.0,GPS,1.0,AMRUM,,AIS,12.0,13.0,3.0,2.0
26/11/2024 03:43:34,Class A,211299300,54.631993,8.381995,Under way using engine,,0.0,117.2,,Unknown,DCHL,EILUN,Passenger,,5.0,25.0,GPS,1.0,AMRUM,,AIS,12.0,13.0,3.0,2.0
26/11/2024 03:47:09,Class A,211299300,54.631985,8.38199,Under way using engine,,0.0,117.2,,Unknown,DCHL,EILUN,Passenger,,5.0,25.0,GPS,1.0,AMRUM,,AIS,12.0,13.0,3.0,2.0
26/11/2024 03:47:30,Class A,211299300,54.631957,8.382012,Under way using engine,,0.0,117.2,,Unknown,DCHL,EILUN,Passenger,,5.0,25.0,GPS,1.0,AMRUM,,AIS,12.0,13.0,3.0,2.0
26/11/2024 03:51:30,Class A,211299300,54.631987,8.382027,Under way using engine,,0.0,117.2,,Unknown,DCHL,EILUN,Passenger,,5.0,25.0,GPS,1.0,AMRUM,,AIS,12.0,13.0,3.0,2.0
26/11/2024 03:51:40,Class A,211299300,54.631982,8.382032,Under way using engine,,0.0,117.2,,Unknown,DCHL,EILUN,Passenger,,5.0,25.0,GPS,1.0,AMRUM,,AIS,12.0,13.0,3.0,2.0
26/11/2024 03:51:49,Class A,211299300,54.631985,8.382038,Under way using engine,,0.0,117.2,,Unknown,DCHL,EILUN,Passenger,,5.0,25.0,GPS,1.0,AMRUM,,AIS,12.0,13.0,3.0,2.0
26/11/2024 03:52:31,Class A,211299300,54.631983,8.382012,Under way using engine,,0.0,117.2,,Unknown,DCHL,EILUN,Passenger,,5.0,25.0,GPS,1.0,AMRUM,,AIS,12.0,13.0,3.0,2.0
26/11/2024 03:54:31,Class A,211299300,54.631987,8.381992,Under way using engine,,0.0,117.2,,Unknown,DCHL,EILUN,Passenger,,5.0,25.0,GPS,1.0,AMRUM,,AIS,12.0,13.0,3.0,2.0
26/11/2024 03:54:49,Class A,211299300,54.631988,8.381985,Under way using engine,,0.0,117.2,,Unknown,DCHL,EILUN,Passenger,,5.0,25.0,GPS,1.0,AMRUM,,AIS,12.0,13.0,3.0,2.0
26/11/2024 03:55:49,Class A,211299300,54.631993,8.38197,Under way using engine,,0.0,117.2,,Unknown,DCHL,EILUN,Passenger,,5.0,25.0,GPS,1.0,AMRUM,,AIS,12.0,13.0,3.0,2.0
26/11/2024 03:57:31,Class A,211299300,54.631987,8.38198,Under way using engine,,0.0,117.2,,Unknown,DCHL,EILUN,Passenger,,5.0,25.0,GPS,1.0,AMRUM,,AIS,12.0,13.0,3.0,2.0
26/11/2024 03:59:31,Class A,211299300,54.631997,8.382007,Under way using engine,,0.0,117.2,,Unknown,DCHL,EILUN,Passenger,,5.0,25.0,GPS,1.0,AMRUM,,AIS,12.0,13.0,3.0,2.0
26/11/2024 04:05:10,Class A,211299300,54.632028,8.381982,Under way using engine,,0.0,117.2,,Unknown,DCHL,EILUN,Passenger,,5.0,25.0,GPS,1.0,AMRUM,,AIS,12.0,13.0,3.0,2.0
26/11/2024 04:05:39,Class A,211299300,54.632033,8.381983,Under way using engine,,0.0,117.2,,Unknown,DCHL,EILUN,Passenger,,5.0,25.0,GPS,1.0,AMRUM,,AIS,12.0,13.0,3.0,2.0
26/11/2024 04:06:10,Class A,211299300,54.63203,8.381967,Under way using engine,,0.0,117.2,,Unknown,DCHL,EILUN,Passenger,,5.0,25.0,GPS,1.0,AMRUM,,AIS,12.0,13.0,3.0,2.0
26/11/2024 04:07:30,Class A,211299300,54.632012,8.381963,Under way using engine,,0.0,117.2,,Unknown,DCHL,EILUN,Passenger,,5.0,25.0,GPS,1.0,AMRUM,,AIS,12.0,13.0,3.0,2.0
26/11/2024 04:08:30,Class A,211299300,54.632022,8.381948,Under way using engine,,0.0,117.2,,Unknown,DCHL,EILUN,Passenger,,5.0,25.0,GPS,1.0,AMRUM,,AIS,12.0,13.0,3.0,2.0
26/11/2024 04:08:50,Class A,211299300,54.632025,8.38195,Under way using engine,,0.0,117.2,,Unknown,DCHL,EILUN,Passenger,,5.0,25.0,GPS,1.0,AMRUM,,AIS,12.0,13.0,3.0,2.0
26/11/2024 04:09:10,Class A,211299300,54.63203,8.381955,Under way using engine,,0.0,117.2,,Unknown,DCHL,EILUN,Passenger,,5.0,25.0,GPS,1.0,AMRUM,,AIS,12.0,13.0,3.0,2.0
26/11/2024 04:11:10,Class A,211299300,54.632037,8.382003,Under way using engine,,0.0,117.2,,Unknown,DCHL,EILUN,Passenger,,5.0,25.0,GPS,1.0,AMRUM,,AIS,12.0,13.0,3.0,2.0
26/11/2024 04:12:10,Class A,211299300,54.631997,8.381997,Under way using engine,,0.0,117.2,,Unknown,DCHL,EILUN,Passenger,,5.0,25.0,GPS,1.0,AMRUM,,AIS,12.0,13.0,3.0,2.0
26/11/2024 04:13:50,Class A,211299300,54.632015,8.381975,Under way using engine,,0.0,117.2,,Unknown,DCHL,EILUN,Passenger,,5.0,25.0,GPS,1.0,AMRUM,,AIS,12.0,13.0,3.0,2.0
26/11/2024 04:15:10,Class A,211299300,54.632005,8.381955,Under way using engine,,0.0,117.2,,Unknown,DCHL,EILUN,Passenger,,5.0,25.0,GPS,1.0,AMRUM,,AIS,12.0,13.0,3.0,2.0
26/11/2024 04:15:30,Class A,211299300,54.632015,8.381952,Under way using engine,,0.0,117.2,,Unknown,DCHL,EILUN,Passenger,,5.0,25.0,GPS,1.0,AMRUM,,AIS,12.0,13.0,3.0,2.0
26/11/2024 04:23:20,Class A,211299300,54.632,8.381985,Under way using engine,,0.0,117.2,,Unknown,DCHL,EILUN,Passenger,,5.0,25.0,GPS,1.0,AMRUM,,AIS,12.0,13.0,3.0,2.0
26/11/2024 04:29:10,Class A,211299300,54.63199,8.381977,Under way using engine,,0.0,117.2,,Unknown,DCHL,EILUN,Passenger,,5.0,25.0,GPS,1.0,AMRUM,,AIS,12.0,13.0,3.0,2.0
26/11/2024 04:29:30,Class A,211299300,54.631993,8.381973,Under way using engine,,0.0,117.2,,Unknown,DCHL,EILUN,Passenger,,5.0,25.0,GPS,1.0,AMRUM,,AIS,12.0,13.0,3.0,2.0
26/11/2024 04:29:50,Class A,211299300,54.631992,8.381972,Under way using engine,,0.0,117.2,,Unknown,DCHL,EILUN,Passenger,,5.0,25.0,GPS,1.0,AMRUM,,AIS,12.0,13.0,3.0,2.0
26/11/2024 04:30:10,Class A,211299300,54.631983,8.38199,Under way using engine,,0.0,117.2,,Unknown,DCHL,EILUN,Passenger,,5.0,25.0,GPS,1.0,AMRUM,,AIS,12.0,13.0,3.0,2.0
26/11/2024 04:34:49,Class A,211299300,54.632035,8.38199,Under way using engine,,0.0,117.2,,Unknown,DCHL,EILUN,Passenger,,5.0,25.0,GPS,1.0,AMRUM,,AIS,12.0,13.0,3.0,2.0
26/11/2024 04:35:09,Class A,211299300,54.632035,8.381993,Under way using engine,,0.0,117.2,,Unknown,DCHL,EILUN,Passenger,,5.0,25.0,GPS,1.0,AMRUM,,AIS,12.0,13.0,3.0,2.0
26/11/2024 04:37:09,Class A,211299300,54.63202,8.381985,Under way using engine,,0.0,117.2,,Unknown,DCHL,EILUN,Passenger,,5.0,25.0,GPS,1.0,AMRUM,,AIS,12.0,13.0,3.0,2.0
26/11/2024 04:38:29,Class A,211299300,54.632013,8.381978,Under way using engine,,0.0,117.2,,Unknown,DCHL,EILUN,Passenger,,5.0,25.0,GPS,1.0,AMRUM,,AIS,12.0,13.0,3.0,2.0
26/11/2024 04:40:49,Class A,211299300,54.63199,8.381983,Under way using engine,,0.0,117.2,,Unknown,DCHL,EILUN,Passenger,,5.0,25.0,GPS,1.0,AMRUM,,AIS,12.0,13.0,3.0,2.0
26/11/2024 04:49:50,Class A,211299300,54.632023,8.381985,Under way using engine,,0.0,117.2,,Unknown,DCHL,EILUN,Passenger,,5.0,25.0,GPS,1.0,AMRUM,,AIS,12.0,13.0,3.0,2.0
26/11/2024 04:51:50,Class A,211299300,54.631997,8.381988,Under way using engine,,0.0,117.2,,Unknown,DCHL,EILUN,Passenger,,5.0,25.0,GPS,1.0,AMRUM,,AIS,12.0,13.0,3.0,2.0
26/11/2024 04:53:30,Class A,211299300,54.631988,8.381993,Under way using engine,,0.0,117.2,,Unknown,DCHL,EILUN,Passenger,,5.0,25.0,GPS,1.0,AMRUM,,AIS,12.0,13.0,3.0,2.0
26/11/2024 04:56:51,Class A,211299300,54.631977,8.38201,Under way using engine,,0.0,117.2,,Unknown,DCHL,EILUN,Passenger,,5.0,25.0,GPS,1.0,AMRUM,,AIS,12.0,13.0,3.0,2.0
26/11/2024 04:58:30,Class A,211299300,54.631982,8.382027,Under way using engine,,0.0,117.2,,Unknown,DCHL,EILUN,Passenger,,5.0,25.0,GPS,1.0,AMRUM,,AIS,12.0,13.0,3.0,2.0
26/11/2024 05:01:49,Class A,211299300,54.631958,8.381952,Under way using engine,,0.0,117.2,,Unknown,DCHL,EILUN,Passenger,,5.0,25.0,GPS,1.0,AMRUM,,AIS,12.0,13.0,3.0,2.0
26/11/2024 05:06:10,Class A,211299300,54.632043,8.381997,Under way using engine,,0.0,117.2,,Unknown,DCHL,EILUN,Passenger,,5.0,25.0,GPS,1.0,AMRUM,,AIS,12.0,13.0,3.0,2.0
26/11/2024 05:06:30,Class A,211299300,54.632035,8.382,Under way using engine,,0.0,117.2,,Unknown,DCHL,EILUN,Passenger,,5.0,25.0,GPS,1.0,AMRUM,,AIS,12.0,13.0,3.0,2.0
26/11/2024 05:06:40,Class A,211299300,54.632032,8.382003,Under way using engine,,0.0,117.2,,Unknown,DCHL,EILUN,Passenger,,5.0,25.0,GPS,1.0,AMRUM,,AIS,12.0,13.0,3.0,2.0
26/11/2024 05:08:00,Class A,211299300,54.631995,8.382068,Under way using engine,,0.0,117.2,,Unknown,DCHL,EILUN,Passenger,,5.0,25.0,GPS,1.0,AMRUM,,AIS,12.0,13.0,3.0,2.0
26/11/2024 05:08:09,Class A,211299300,54.631988,8.38207,Under way using engine,,0.0,117.2,,Unknown,DCHL,EILUN,Passenger,,5.0,25.0,GPS,1.0,AMRUM,,AIS,12.0,13.0,3.0,2.0
26/11/2024 05:08:49,Class A,211299300,54.632005,8.38205,Under way using engine,,0.0,117.2,,Unknown,DCHL,EILUN,Passenger,,5.0,25.0,GPS,1.0,AMRUM,,AIS,12.0,13.0,3.0,2.0
26/11/2024 05:09:09,Class A,211299300,54.632005,8.382038,Under way using engine,,0.0,117.2,,Unknown,DCHL,EILUN,Passenger,,5.0,25.0,GPS,1.0,AMRUM,,AIS,12.0,13.0,3.0,2.0
26/11/2024 05:09:30,Class A,211299300,54.631992,8.381997,Under way using engine,,0.0,117.2,,Unknown,DCHL,EILUN,Passenger,,5.0,25.0,GPS,1.0,AMRUM,,AIS,12.0,13.0,3.0,2.0
26/11/2024 05:10:09,Class A,211299300,54.632003,8.381997,Under way using engine,,0.0,117.2,,Unknown,DCHL,EILUN,Passenger,,5.0,25.0,GPS,1.0,AMRUM,,AIS,12.0,13.0,3.0,2.0
26/11/2024 05:10:49,Class A,211299300,54.632023,8.382017,Under way using engine,,0.0,117.2,,Unknown,DCHL,EILUN,Passenger,,5.0,25.0,GPS,1.0,AMRUM,,AIS,12.0,13.0,3.0,2.0
26/11/2024 05:11:09,Class A,211299300,54.632018,8.382037,Under way using engine,,0.0,117.2,,Unknown,DCHL,EILUN,Passenger,,5.0,25.0,GPS,1.0,AMRUM,,AIS,12.0,13.0,3.0,2.0
26/11/2024 05:12:09,Class A,211299300,54.631973,8.382067,Under way using engine,,0.0,117.2,,Unknown,DCHL,EILUN,Passenger,,5.0,25.0,GPS,1.0,AMRUM,,AIS,12.0,13.0,3.0,2.0
26/11/2024 05:13:30,Class A,211299300,54.632,8.38203,Under way using engine,,0.0,117.2,,Unknown,DCHL,EILUN,Passenger,,5.0,25.0,GPS,1.0,AMRUM,,AIS,12.0,13.0,3.0,2.0
26/11/2024 05:14:30,Class A,211299300,54.632015,8.382015,Under way using engine,,0.0,117.2,,Unknown,DCHL,EILUN,Passenger,,5.0,25.0,GPS,1.0,AMRUM,,AIS,12.0,13.0,3.0,2.0
26/11/2024 05:19:09,Class A,211299300,54.63201,8.382012,Under way using engine,,0.0,117.2,,Unknown,DCHL,EILUN,Passenger,,5.0,25.0,GPS,1.0,AMRUM,,AIS,12.0,13.0,3.0,2.0
26/11/2024 05:20:09,Class A,211299300,54.632035,8.38196,Under way using engine,,0.0,117.2,,Unknown,DCHL,EILUN,Passenger,,5.0,25.0,GPS,1.0,AMRUM,,AIS,12.0,13.0,3.0,2.0
26/11/2024 05:21:29,Class A,211299300,54.63203,8.381995,Under way using engine,,0.0,117.2,,Unknown,DCHL,EILUN,Passenger,,5.0,25.0,GPS,1.0,AMRUM,,AIS,12.0,13.0,3.0,2.0
26/11/2024 05:24:50,Class A,211299300,54.632018,8.381933,Under way using engine,,0.0,117.2,,Unknown,DCHL,EILUN,Passenger,,5.0,25.0,GPS,1.0,AMRUM,,AIS,12.0,13.0,3.0,2.0
26/11/2024 05:25:50,Class A,211299300,54.632007,8.382003,Under way using engine,,0.0,117.2,,Unknown,DCHL,EILUN,Passenger,,5.0,25.0,GPS,1.0,AMRUM,,AIS,12.0,13.0,3.0,2.0
26/11/2024 05:26:09,Class A,211299300,54.632002,8.382003,Under way using engine,,0.0,117.2,,Unknown,DCHL,EILUN,Passenger,,5.0,25.0,GPS,1.0,AMRUM,,AIS,12.0,13.0,3.0,2.0
26/11/2024 05:26:50,Class A,211299300,54.631992,8.382033,Under way using engine,,0.0,117.2,,Unknown,DCHL,EILUN,Passenger,,5.0,25.0,GPS,1.0,AMRUM,,AIS,12.0,13.0,3.0,2.0
26/11/2024 05:27:50,Class A,211299300,54.632018,8.382027,Under way using engine,,0.0,117.2,,Unknown,DCHL,EILUN,Passenger,,5.0,25.0,GPS,1.0,AMRUM,,AIS,12.0,13.0,3.0,2.0
26/11/2024 05:28:09,Class A,211299300,54.632027,8.38201,Under way using engine,,0.0,117.2,,Unknown,DCHL,EILUN,Passenger,,5.0,25.0,GPS,1.0,AMRUM,,AIS,12.0,13.0,3.0,2.0
26/11/2024 05:28:29,Class A,211299300,54.632035,8.381985,Under way using engine,,0.0,117.2,,Unknown,DCHL,EILUN,Passenger,,5.0,25.0,GPS,1.0,AMRUM,,AIS,12.0,13.0,3.0,2.0
26/11/2024 05:29:00,Class A,211299300,54.632048,8.381967,Under way using engine,,0.0,117.2,,Unknown,DCHL,EILUN,Passenger,,5.0,25.0,GPS,1.0,AMRUM,,AIS,12.0,13.0,3.0,2.0
26/11/2024 05:29:10,Class A,211299300,54.632037,8.381973,Under way using engine,,0.0,117.2,,Unknown,DCHL,EILUN,Passenger,,5.0,25.0,GPS,1.0,AMRUM,,AIS,12.0,13.0,3.0,2.0
26/11/2024 05:29:29,Class A,211299300,54.63202,8.38199,Under way using engine,,0.0,117.2,,Unknown,DCHL,EILUN,Passenger,,5.0,25.0,GPS,1.0,AMRUM,,AIS,12.0,13.0,3.0,2.0
26/11/2024 05:30:10,Class A,211299300,54.63201,8.382003,Under way using engine,,0.0,117.2,,Unknown,DCHL,EILUN,Passenger,,5.0,25.0,GPS,1.0,AMRUM,,AIS,12.0,13.0,3.0,2.0
26/11/2024 05:31:29,Class A,211299300,54.63202,8.381998,Under way using engine,,0.0,117.2,,Unknown,DCHL,EILUN,Passenger,,5.0,25.0,GPS,1.0,AMRUM,,AIS,12.0,13.0,3.0,2.0
26/11/2024 05:31:34,Class A,211299300,54.63202,8.381998,Under way using engine,,0.0,117.2,,Unknown,DCHL,EILUN,Passenger,,5.0,25.0,GPS,1.0,AMRUM,,AIS,12.0,13.0,3.0,2.0
26/11/2024 05:32:10,Class A,211299300,54.632035,8.381973,Under way using engine,,0.0,117.2,,Unknown,DCHL,EILUN,Passenger,,5.0,25.0,GPS,1.0,AMRUM,,AIS,12.0,13.0,3.0,2.0
26/11/2024 05:33:10,Class A,211299300,54.632045,8.381943,Under way using engine,,0.0,117.2,,Unknown,DCHL,EILUN,Passenger,,5.0,25.0,GPS,1.0,AMRUM,,AIS,12.0,13.0,3.0,2.0
26/11/2024 05:34:29,Class A,211299300,54.632057,8.381957,Under way using engine,,0.0,117.2,,Unknown,DCHL,EILUN,Passenger,,5.0,25.0,GPS,1.0,AMRUM,,AIS,12.0,13.0,3.0,2.0
26/11/2024 05:35:10,Class A,211299300,54.632048,8.381975,Under way using engine,,0.0,117.2,,Unknown,DCHL,EILUN,Passenger,,5.0,25.0,GPS,1.0,AMRUM,,AIS,12.0,13.0,3.0,2.0
26/11/2024 05:35:30,Class A,211299300,54.632043,8.381988,Under way using engine,,0.0,117.2,,Unknown,DCHL,EILUN,Passenger,,5.0,25.0,GPS,1.0,AMRUM,,AIS,12.0,13.0,3.0,2.0
26/11/2024 05:36:50,Class A,211299300,54.632018,8.382008,Under way using engine,,0.0,117.2,,Unknown,DCHL,EILUN,Passenger,,5.0,25.0,GPS,1.0,AMRUM,,AIS,12.0,13.0,3.0,2.0
26/11/2024 05:37:10,Class A,211299300,54.632023,8.382005,Under way using engine,,0.0,117.2,,Unknown,DCHL,EILUN,Passenger,,5.0,25.0,GPS,1.0,AMRUM,,AIS,12.0,13.0,3.0,2.0
26/11/2024 05:37:50,Class A,211299300,54.632025,8.381997,Under way using engine,,0.0,117.2,,Unknown,DCHL,EILUN,Passenger,,5.0,25.0,GPS,1.0,AMRUM,,AIS,12.0,13.0,3.0,2.0
26/11/2024 05:38:10,Class A,211299300,54.632037,8.381992,Under way using engine,,0.0,117.2,,Unknown,DCHL,EILUN,Passenger,,5.0,25.0,GPS,1.0,AMRUM,,AIS,12.0,13.0,3.0,2.0
26/11/2024 05:38:30,Class A,211299300,54.632037,8.381985,Under way using engine,,0.0,117.2,,Unknown,DCHL,EILUN,Passenger,,5.0,25.0,GPS,1.0,AMRUM,,AIS,12.0,13.0,3.0,2.0
26/11/2024 05:40:10,Class A,211299300,54.632012,8.381988,Under way using engine,,0.0,117.2,,Unknown,DCHL,EILUN,Passenger,,5.0,25.0,GPS,1.0,AMRUM,,AIS,12.0,13.0,3.0,2.0
26/11/2024 05:40:30,Class A,211299300,54.632023,8.38198,Under way using engine,,0.0,117.2,,Unknown,DCHL,EILUN,Passenger,,5.0,25.0,GPS,1.0,AMRUM,,AIS,12.0,13.0,3.0,2.0
26/11/2024 05:41:10,Class A,211299300,54.632037,8.381985,Under way using engine,,0.0,117.2,,Unknown,DCHL,EILUN,Passenger,,5.0,25.0,GPS,1.0,AMRUM,,AIS,12.0,13.0,3.0,2.0
26/11/2024 05:41:30,Class A,211299300,54.632035,8.382,Under way using engine,,0.0,117.2,,Unknown,DCHL,EILUN,Passenger,,5.0,25.0,GPS,1.0,AMRUM,,AIS,12.0,13.0,3.0,2.0
26/11/2024 05:42:10,Class A,211299300,54.632028,8.381993,Under way using engine,,0.0,117.2,,Unknown,DCHL,EILUN,Passenger,,5.0,25.0,GPS,1.0,AMRUM,,AIS,12.0,13.0,3.0,2.0
26/11/2024 05:42:30,Class A,211299300,54.632015,8.382003,Under way using engine,,0.0,117.2,,Unknown,DCHL,EILUN,Passenger,,5.0,25.0,GPS,1.0,AMRUM,,AIS,12.0,13.0,3.0,2.0
26/11/2024 05:44:00,Class A,211299300,54.632022,8.382003,Under way using engine,,0.0,117.2,,Unknown,DCHL,EILUN,Passenger,,5.0,25.0,GPS,1.0,AMRUM,,AIS,12.0,13.0,3.0,2.0
26/11/2024 05:44:09,Class A,211299300,54.632022,8.381998,Under way using engine,,0.0,117.2,,Unknown,DCHL,EILUN,Passenger,,5.0,25.0,GPS,1.0,AMRUM,,AIS,12.0,13.0,3.0,2.0
26/11/2024 05:44:30,Class A,211299300,54.632023,8.381985,Under way using engine,,0.0,117.2,,Unknown,DCHL,EILUN,Passenger,,5.0,25.0,GPS,1.0,AMRUM,,AIS,12.0,13.0,3.0,2.0
26/11/2024 05:45:09,Class A,211299300,54.632023,8.38199,Under way using engine,,0.0,117.2,,Unknown,DCHL,EILUN,Passenger,,5.0,25.0,GPS,1.0,AMRUM,,AIS,12.0,13.0,3.0,2.0
26/11/2024 05:45:30,Class A,211299300,54.632023,8.381998,Under way using engine,,0.0,117.2,,Unknown,DCHL,EILUN,Passenger,,5.0,25.0,GPS,1.0,AMRUM,,AIS,12.0,13.0,3.0,2.0
26/11/2024 05:46:09,Class A,211299300,54.632018,8.381993,Under way using engine,,0.0,117.2,,Unknown,DCHL,EILUN,Passenger,,5.0,25.0,GPS,1.0,AMRUM,,AIS,12.0,13.0,3.0,2.0
26/11/2024 05:46:49,Class A,211299300,54.632018,8.381997,Under way using engine,,0.0,117.2,,Unknown,DCHL,EILUN,Passenger,,5.0,25.0,GPS,1.0,AMRUM,,AIS,12.0,13.0,3.0,2.0
26/11/2024 05:47:09,Class A,211299300,54.632032,8.38199,Under way using engine,,0.0,117.2,,Unknown,DCHL,EILUN,Passenger,,5.0,25.0,GPS,1.0,AMRUM,,AIS,12.0,13.0,3.0,2.0
26/11/2024 05:47:49,Class A,211299300,54.632053,8.381985,Under way using engine,,0.0,117.2,,Unknown,DCHL,EILUN,Passenger,,5.0,25.0,GPS,1.0,AMRUM,,AIS,12.0,13.0,3.0,2.0
26/11/2024 05:48:30,Class A,211299300,54.632045,8.381973,Under way using engine,,0.0,117.2,,Unknown,DCHL,EILUN,Passenger,,5.0,25.0,GPS,1.0,AMRUM,,AIS,12.0,13.0,3.0,2.0
26/11/2024 05:48:49,Class A,211299300,54.632048,8.381945,Under way using engine,,0.0,117.2,,Unknown,DCHL,EILUN,Passenger,,5.0,25.0,GPS,1.0,AMRUM,,AIS,12.0,13.0,3.0,2.0
26/11/2024 05:50:09,Class A,211299300,54.632048,8.381958,Under way using engine,,0.0,117.2,,Unknown,DCHL,EILUN,Passenger,,5.0,25.0,GPS,1.0,AMRUM,,AIS,12.0,13.0,3.0,2.0
26/11/2024 05:50:30,Class A,211299300,54.632048,8.381963,Under way using engine,,0.0,117.2,,Unknown,DCHL,EILUN,Passenger,,5.0,25.0,GPS,1.0,AMRUM,,AIS,12.0,13.0,3.0,2.0
26/11/2024 05:50:49,Class A,211299300,54.632042,8.381958,Under way using engine,,0.0,117.2,,Unknown,DCHL,EILUN,Passenger,,5.0,25.0,GPS,1.0,AMRUM,,AIS,12.0,13.0,3.0,2.0
26/11/2024 05:51:30,Class A,211299300,54.632025,8.381975,Under way using engine,,0.0,117.2,,Unknown,DCHL,EILUN,Passenger,,5.0,25.0,GPS,1.0,AMRUM,,AIS,12.0,13.0,3.0,2.0
26/11/2024 05:52:10,Class A,211299300,54.632018,8.381977,Under way using engine,,0.0,117.2,,Unknown,DCHL,EILUN,Passenger,,5.0,25.0,GPS,1.0,AMRUM,,AIS,12.0,13.0,3.0,2.0
26/11/2024 05:52:30,Class A,211299300,54.632018,8.381985,Under way using engine,,0.0,117.2,,Unknown,DCHL,EILUN,Passenger,,5.0,25.0,GPS,1.0,AMRUM,,AIS,12.0,13.0,3.0,2.0
26/11/2024 05:52:49,Class A,211299300,54.632013,8.381988,Under way using engine,,0.0,117.2,,Unknown,DCHL,EILUN,Passenger,,5.0,25.0,GPS,1.0,AMRUM,,AIS,12.0,13.0,3.0,2.0
26/11/2024 05:52:59,Class A,211299300,54.632012,8.38198,Under way using engine,,0.0,117.2,,Unknown,DCHL,EILUN,Passenger,,5.0,25.0,GPS,1.0,AMRUM,,AIS,12.0,13.0,3.0,2.0
26/11/2024 05:53:10,Class A,211299300,54.632007,8.381978,Under way using engine,,0.0,117.2,,Unknown,DCHL,EILUN,Passenger,,5.0,25.0,GPS,1.0,AMRUM,,AIS,12.0,13.0,3.0,2.0
26/11/2024 05:53:30,Class A,211299300,54.632,8.381985,Under way using engine,,0.0,117.2,,Unknown,DCHL,EILUN,Passenger,,5.0,25.0,GPS,1.0,AMRUM,,AIS,12.0,13.0,3.0,2.0
26/11/2024 05:53:49,Class A,211299300,54.63199,8.381985,Under way using engine,,0.0,117.2,,Unknown,DCHL,EILUN,Passenger,,5.0,25.0,GPS,1.0,AMRUM,,AIS,12.0,13.0,3.0,2.0
26/11/2024 05:54:10,Class A,211299300,54.63199,8.381983,Under way using engine,,0.0,117.2,,Unknown,DCHL,EILUN,Passenger,,5.0,25.0,GPS,1.0,AMRUM,,AIS,12.0,13.0,3.0,2.0
26/11/2024 05:54:29,Class A,211299300,54.632005,8.381978,Under way using engine,,0.0,117.2,,Unknown,DCHL,EILUN,Passenger,,5.0,25.0,GPS,1.0,AMRUM,,AIS,12.0,13.0,3.0,2.0
26/11/2024 05:54:49,Class A,211299300,54.632012,8.381982,Under way using engine,,0.0,117.2,,Unknown,DCHL,EILUN,Passenger,,5.0,25.0,GPS,1.0,AMRUM,,AIS,12.0,13.0,3.0,2.0
26/11/2024 05:55:10,Class A,211299300,54.632007,8.381988,Under way using engine,,0.0,117.2,,Unknown,DCHL,EILUN,Passenger,,5.0,25.0,GPS,1.0,AMRUM,,AIS,12.0,13.0,3.0,2.0
26/11/2024 05:55:29,Class A,211299300,54.632012,8.382,Under way using engine,,0.0,117.2,,Unknown,DCHL,EILUN,Passenger,,5.0,25.0,GPS,1.0,AMRUM,,AIS,12.0,13.0,3.0,2.0
26/11/2024 05:55:34,Class A,211299300,54.632012,8.382,Under way using engine,,0.0,117.2,,Unknown,DCHL,EILUN,Passenger,,5.0,25.0,GPS,1.0,AMRUM,,AIS,12.0,13.0,3.0,2.0
26/11/2024 05:55:49,Class A,211299300,54.632007,8.382005,Under way using engine,,0.0,117.2,,Unknown,DCHL,EILUN,Passenger,,5.0,25.0,GPS,1.0,AMRUM,,AIS,12.0,13.0,3.0,2.0
26/11/2024 05:56:10,Class A,211299300,54.631997,8.38201,Under way using engine,,0.0,117.2,,Unknown,DCHL,EILUN,Passenger,,5.0,25.0,GPS,1.0,AMRUM,,AIS,12.0,13.0,3.0,2.0
26/11/2024 05:56:29,Class A,211299300,54.632,8.382007,Under way using engine,,0.0,117.2,,Unknown,DCHL,EILUN,Passenger,,5.0,25.0,GPS,1.0,AMRUM,,AIS,12.0,13.0,3.0,2.0
26/11/2024 05:56:49,Class A,211299300,54.632,8.382038,Under way using engine,,0.0,117.2,,Unknown,DCHL,EILUN,Passenger,,5.0,25.0,GPS,1.0,AMRUM,,AIS,12.0,13.0,3.0,2.0
26/11/2024 05:56:59,Class A,211299300,54.631998,8.382057,Under way using engine,,0.0,117.2,,Unknown,DCHL,EILUN,Passenger,,5.0,25.0,GPS,1.0,AMRUM,,AIS,12.0,13.0,3.0,2.0
26/11/2024 05:57:10,Class A,211299300,54.632,8.382058,Under way using engine,,0.0,117.2,,Unknown,DCHL,EILUN,Passenger,,5.0,25.0,GPS,1.0,AMRUM,,AIS,12.0,13.0,3.0,2.0
26/11/2024 05:57:19,Class A,211299300,54.632,8.382052,Under way using engine,,0.0,117.2,,Unknown,DCHL,EILUN,Passenger,,5.0,25.0,GPS,1.0,AMRUM,,AIS,12.0,13.0,3.0,2.0
26/11/2024 05:57:29,Class A,211299300,54.632012,8.382017,Under way using engine,,0.0,117.2,,Unknown,DCHL,EILUN,Passenger,,5.0,25.0,GPS,1.0,AMRUM,,AIS,12.0,13.0,3.0,2.0
26/11/2024 05:58:10,Class A,211299300,54.632,8.38201,Under way using engine,,0.0,117.2,,Unknown,DCHL,EILUN,Passenger,,5.0,25.0,GPS,1.0,AMRUM,,AIS,12.0,13.0,3.0,2.0
26/11/2024 05:58:19,Class A,211299300,54.632002,8.38201,Under way using engine,,0.0,117.2,,Unknown,DCHL,EILUN,Passenger,,5.0,25.0,GPS,1.0,AMRUM,,AIS,12.0,13.0,3.0,2.0
26/11/2024 05:58:29,Class A,211299300,54.632005,8.38201,Under way using engine,,0.0,117.2,,Unknown,DCHL,EILUN,Passenger,,5.0,25.0,GPS,1.0,AMRUM,,AIS,12.0,13.0,3.0,2.0
26/11/2024 05:59:10,Class A,211299300,54.632003,8.382007,Under way using engine,,0.0,117.2,,Unknown,DCHL,EILUN,Passenger,,5.0,25.0,GPS,1.0,AMRUM,,AIS,12.0,13.0,3.0,2.0
26/11/2024 05:59:19,Class A,211299300,54.632003,8.382008,Under way using engine,,0.0,117.2,,Unknown,DCHL,EILUN,Passenger,,5.0,25.0,GPS,1.0,AMRUM,,AIS,12.0,13.0,3.0,2.0
26/11/2024 06:00:10,Class A,211299300,54.632005,8.382027,Under way using engine,,0.0,117.2,,Unknown,DCHL,EILUN,Passenger,,5.0,25.0,GPS,1.0,AMRUM,,AIS,12.0,13.0,3.0,2.0
26/11/2024 06:00:20,Class A,211299300,54.632033,8.38201,Under way using engine,,0.0,117.2,,Unknown,DCHL,EILUN,Passenger,,5.0,25.0,GPS,1.0,AMRUM,,AIS,12.0,13.0,3.0,2.0
26/11/2024 06:01:10,Class A,211299300,54.632028,8.38202,Under way using engine,,0.0,117.2,,Unknown,DCHL,EILUN,Passenger,,5.0,25.0,GPS,1.0,AMRUM,,AIS,12.0,13.0,3.0,2.0
26/11/2024 06:01:50,Class A,211299300,54.632018,8.382012,Under way using engine,,0.0,117.2,,Unknown,DCHL,EILUN,Passenger,,5.0,25.0,GPS,1.0,AMRUM,,AIS,12.0,13.0,3.0,2.0
26/11/2024 06:02:10,Class A,211299300,54.63201,8.382025,Under way using engine,,0.0,117.2,,Unknown,DCHL,EILUN,Passenger,,5.0,25.0,GPS,1.0,AMRUM,,AIS,12.0,13.0,3.0,2.0
26/11/2024 06:02:20,Class A,211299300,54.632013,8.382008,Under way using engine,,0.0,117.2,,Unknown,DCHL,EILUN,Passenger,,5.0,25.0,GPS,1.0,AMRUM,,AIS,12.0,13.0,3.0,2.0
26/11/2024 06:02:49,Class A,211299300,54.632015,8.382023,Under way using engine,,0.0,117.2,,Unknown,DCHL,EILUN,Passenger,,5.0,25.0,GPS,1.0,AMRUM,,AIS,12.0,13.0,3.0,2.0
26/11/2024 06:03:49,Class A,211299300,54.632018,8.382,Under way using engine,,0.0,117.2,,Unknown,DCHL,EILUN,Passenger,,5.0,25.0,GPS,1.0,AMRUM,,AIS,12.0,13.0,3.0,2.0
26/11/2024 06:04:49,Class A,211299300,54.632012,8.382012,Under way using engine,,0.0,117.2,,Unknown,DCHL,EILUN,Passenger,,5.0,25.0,GPS,1.0,AMRUM,,AIS,12.0,13.0,3.0,2.0
26/11/2024 06:05:19,Class A,211299300,54.632008,8.38202,Under way using engine,,0.0,117.2,,Unknown,DCHL,EILUN,Passenger,,5.0,25.0,GPS,1.0,AMRUM,,AIS,12.0,13.0,3.0,2.0
26/11/2024 06:05:30,Class A,211299300,54.632012,8.38202,Under way using engine,,0.0,117.2,,Unknown,DCHL,EILUN,Passenger,,5.0,25.0,GPS,1.0,AMRUM,,AIS,12.0,13.0,3.0,2.0
26/11/2024 06:05:49,Class A,211299300,54.632022,8.38202,Under way using engine,,0.0,117.2,,Unknown,DCHL,EILUN,Passenger,,5.0,25.0,GPS,1.0,AMRUM,,AIS,12.0,13.0,3.0,2.0
26/11/2024 06:07:00,Class A,211299300,54.632012,8.382005,Under way using engine,,0.0,117.2,,Unknown,DCHL,EILUN,Passenger,,5.0,25.0,GPS,1.0,AMRUM,,AIS,12.0,13.0,3.0,2.0
26/11/2024 06:07:09,Class A,211299300,54.632008,8.382007,Under way using engine,,0.0,117.2,,Unknown,DCHL,EILUN,Passenger,,5.0,25.0,GPS,1.0,AMRUM,,AIS,12.0,13.0,3.0,2.0
26/11/2024 06:07:29,Class A,211299300,54.632007,8.382,Under way using engine,,0.0,117.2,,Unknown,DCHL,EILUN,Passenger,,5.0,25.0,GPS,1.0,AMRUM,,AIS,12.0,13.0,3.0,2.0
26/11/2024 06:07:49,Class A,211299300,54.631993,8.38202,Under way using engine,,0.0,117.2,,Unknown,DCHL,EILUN,Passenger,,5.0,25.0,GPS,1.0,AMRUM,,AIS,12.0,13.0,3.0,2.0
26/11/2024 06:08:09,Class A,211299300,54.632,8.38202,Under way using engine,,0.0,117.2,,Unknown,DCHL,EILUN,Passenger,,5.0,25.0,GPS,1.0,AMRUM,,AIS,12.0,13.0,3.0,2.0
26/11/2024 06:08:29,Class A,211299300,54.631997,8.382003,Under way using engine,,0.0,117.2,,Unknown,DCHL,EILUN,Passenger,,5.0,25.0,GPS,1.0,AMRUM,,AIS,12.0,13.0,3.0,2.0
26/11/2024 06:08:49,Class A,211299300,54.631995,8.382,Under way using engine,,0.0,117.2,,Unknown,DCHL,EILUN,Passenger,,5.0,25.0,GPS,1.0,AMRUM,,AIS,12.0,13.0,3.0,2.0
26/11/2024 06:09:09,Class A,211299300,54.631995,8.382007,Under way using engine,,0.0,117.2,,Unknown,DCHL,EILUN,Passenger,,5.0,25.0,GPS,1.0,AMRUM,,AIS,12.0,13.0,3.0,2.0
26/11/2024 06:10:29,Class A,211299300,54.632005,8.382007,Under way using engine,,0.0,117.2,,Unknown,DCHL,EILUN,Passenger,,5.0,25.0,GPS,1.0,AMRUM,,AIS,12.0,13.0,3.0,2.0
26/11/2024 06:11:09,Class A,211299300,54.631988,8.382008,Under way using engine,,0.0,117.2,,Unknown,DCHL,EILUN,Passenger,,5.0,25.0,GPS,1.0,AMRUM,,AIS,12.0,13.0,3.0,2.0
26/11/2024 06:12:09,Class A,211299300,54.632022,8.381985,Under way using engine,,0.0,117.2,,Unknown,DCHL,EILUN,Passenger,,5.0,25.0,GPS,1.0,AMRUM,,AIS,12.0,13.0,3.0,2.0
26/11/2024 06:13:30,Class A,211299300,54.632028,8.381997,Under way using engine,,0.0,117.2,,Unknown,DCHL,EILUN,Passenger,,5.0,25.0,GPS,1.0,AMRUM,,AIS,12.0,13.0,3.0,2.0
26/11/2024 06:14:30,Class A,211299300,54.632025,8.381985,Under way using engine,,0.0,117.2,,Unknown,DCHL,EILUN,Passenger,,5.0,25.0,GPS,1.0,AMRUM,,AIS,12.0,13.0,3.0,2.0
26/11/2024 06:14:49,Class A,211299300,54.632018,8.381988,Under way using engine,,0.0,117.2,,Unknown,DCHL,EILUN,Passenger,,5.0,25.0,GPS,1.0,AMRUM,,AIS,12.0,13.0,3.0,2.0
26/11/2024 06:15:29,Class A,211299300,54.632012,8.381998,Under way using engine,,0.0,117.2,,Unknown,DCHL,EILUN,Passenger,,5.0,25.0,GPS,1.0,AMRUM,,AIS,12.0,13.0,3.0,2.0
26/11/2024 06:15:49,Class A,211299300,54.632018,8.381997,Under way using engine,,0.0,117.2,,Unknown,DCHL,EILUN,Passenger,,5.0,25.0,GPS,1.0,AMRUM,,AIS,12.0,13.0,3.0,2.0
26/11/2024 06:16:29,Class A,211299300,54.632018,8.382007,Under way using engine,,0.0,117.2,,Unknown,DCHL,EILUN,Passenger,,5.0,25.0,GPS,1.0,AMRUM,,AIS,12.0,13.0,3.0,2.0
26/11/2024 06:16:49,Class A,211299300,54.631985,8.382038,Under way using engine,,0.0,117.2,,Unknown,DCHL,EILUN,Passenger,,5.0,25.0,GPS,1.0,AMRUM,,AIS,12.0,13.0,3.0,2.0
26/11/2024 06:17:39,Class A,211299300,54.632007,8.38202,Under way using engine,,0.0,117.2,,Unknown,DCHL,EILUN,Passenger,,5.0,25.0,GPS,1.0,AMRUM,,AIS,12.0,13.0,3.0,2.0
26/11/2024 06:17:49,Class A,211299300,54.632008,8.382017,Under way using engine,,0.0,117.2,,Unknown,DCHL,EILUN,Passenger,,5.0,25.0,GPS,1.0,AMRUM,,AIS,12.0,13.0,3.0,2.0
26/11/2024 06:18:10,Class A,211299300,54.632018,8.382,Under way using engine,,0.0,117.2,,Unknown,DCHL,EILUN,Passenger,,5.0,25.0,GPS,1.0,AMRUM,,AIS,12.0,13.0,3.0,2.0
26/11/2024 06:18:49,Class A,211299300,54.632018,8.382,Under way using engine,,0.0,117.2,,Unknown,DCHL,EILUN,Passenger,,5.0,25.0,GPS,1.0,AMRUM,,AIS,12.0,13.0,3.0,2.0
26/11/2024 06:19:34,Class A,211299300,54.632018,8.382,Under way using engine,,0.0,117.2,,Unknown,DCHL,EILUN,Passenger,,5.0,25.0,GPS,1.0,AMRUM,,AIS,12.0,13.0,3.0,2.0
26/11/2024 06:20:20,Class A,211299300,54.632005,8.382005,Under way using engine,,0.0,117.2,,Unknown,DCHL,EILUN,Passenger,,5.0,25.0,GPS,1.0,AMRUM,,AIS,12.0,13.0,3.0,2.0
26/11/2024 06:20:49,Class A,211299300,54.631997,8.382,Under way using engine,,0.0,117.2,,Unknown,DCHL,EILUN,Passenger,,5.0,25.0,GPS,1.0,AMRUM,,AIS,12.0,13.0,3.0,2.0
26/11/2024 06:21:10,Class A,211299300,54.632018,8.382018,Under way using engine,,0.0,117.2,,Unknown,DCHL,EILUN,Passenger,,5.0,25.0,GPS,1.0,AMRUM,,AIS,12.0,13.0,3.0,2.0
26/11/2024 06:21:29,Class A,211299300,54.632008,8.38202,Under way using engine,,0.0,117.2,,Unknown,DCHL,EILUN,Passenger,,5.0,25.0,GPS,1.0,AMRUM,,AIS,12.0,13.0,3.0,2.0
26/11/2024 06:21:49,Class A,211299300,54.632013,8.382027,Under way using engine,,0.0,117.2,,Unknown,DCHL,EILUN,Passenger,,5.0,25.0,GPS,1.0,AMRUM,,AIS,12.0,13.0,3.0,2.0
26/11/2024 06:22:09,Class A,211299300,54.632007,8.382022,Under way using engine,,0.0,117.2,,Unknown,DCHL,EILUN,Passenger,,5.0,25.0,GPS,1.0,AMRUM,,AIS,12.0,13.0,3.0,2.0
26/11/2024 06:22:29,Class A,211299300,54.631947,8.382008,Under way using engine,,0.0,117.2,,Unknown,DCHL,EILUN,Passenger,,5.0,25.0,GPS,1.0,AMRUM,,AIS,12.0,13.0,3.0,2.0
26/11/2024 06:22:49,Class A,211299300,54.632045,8.382008,Under way using engine,,0.0,117.2,,Unknown,DCHL,EILUN,Passenger,,5.0,25.0,GPS,1.0,AMRUM,,AIS,12.0,13.0,3.0,2.0
26/11/2024 06:23:09,Class A,211299300,54.632042,8.382012,Under way using engine,,0.0,117.2,,Unknown,DCHL,EILUN,Passenger,,5.0,25.0,GPS,1.0,AMRUM,,AIS,12.0,13.0,3.0,2.0
26/11/2024 06:23:29,Class A,211299300,54.631985,8.381997,Under way using engine,,0.0,117.2,,Unknown,DCHL,EILUN,Passenger,,5.0,25.0,GPS,1.0,AMRUM,,AIS,12.0,13.0,3.0,2.0
26/11/2024 06:23:49,Class A,211299300,54.631927,8.38197,Under way using engine,,0.0,117.2,,Unknown,DCHL,EILUN,Passenger,,5.0,25.0,GPS,1.0,AMRUM,,AIS,12.0,13.0,3.0,2.0
26/11/2024 06:23:59,Class A,211299300,54.631945,8.381977,Under way using engine,,0.0,117.2,,Unknown,DCHL,EILUN,Passenger,,5.0,25.0,GPS,1.0,AMRUM,,AIS,12.0,13.0,3.0,2.0
26/11/2024 06:24:09,Class A,211299300,54.631955,8.381973,Under way using engine,,0.0,117.2,,Unknown,DCHL,EILUN,Passenger,,5.0,25.0,GPS,1.0,AMRUM,,AIS,12.0,13.0,3.0,2.0
26/11/2024 06:24:49,Class A,211299300,54.632085,8.382027,Under way using engine,,0.0,117.2,,Unknown,DCHL,EILUN,Passenger,,5.0,25.0,GPS,1.0,AMRUM,,AIS,12.0,13.0,3.0,2.0
26/11/2024 06:24:59,Class A,211299300,54.632085,8.38202,Under way using engine,,0.0,117.2,,Unknown,DCHL,EILUN,Passenger,,5.0,25.0,GPS,1.0,AMRUM,,AIS,12.0,13.0,3.0,2.0
26/11/2024 06:25:09,Class A,211299300,54.632065,8.382007,Under way using engine,,0.0,117.2,,Unknown,DCHL,EILUN,Passenger,,5.0,25.0,GPS,1.0,AMRUM,,AIS,12.0,13.0,3.0,2.0
26/11/2024 06:25:20,Class A,211299300,54.632063,8.382003,Under way using engine,,0.0,117.2,,Unknown,DCHL,EILUN,Passenger,,5.0,25.0,GPS,1.0,AMRUM,,AIS,12.0,13.0,3.0,2.0
26/11/2024 06:25:40,Class A,211299300,54.632028,8.382002,Under way using engine,,0.0,117.2,,Unknown,DCHL,EILUN,Passenger,,5.0,25.0,GPS,1.0,AMRUM,,AIS,12.0,13.0,3.0,2.0
26/11/2024 06:25:49,Class A,211299300,54.632048,8.381975,Under way using engine,,0.0,117.2,,Unknown,DCHL,EILUN,Passenger,,5.0,25.0,GPS,1.0,AMRUM,,AIS,12.0,13.0,3.0,2.0
26/11/2024 06:26:09,Class A,211299300,54.632027,8.381997,Under way using engine,,0.0,117.2,,Unknown,DCHL,EILUN,Passenger,,5.0,25.0,GPS,1.0,AMRUM,,AIS,12.0,13.0,3.0,2.0
26/11/2024 06:26:40,Class A,211299300,54.632033,8.381978,Under way using engine,,0.0,117.2,,Unknown,DCHL,EILUN,Passenger,,5.0,25.0,GPS,1.0,AMRUM,,AIS,12.0,13.0,3.0,2.0
26/11/2024 06:27:09,Class A,211299300,54.632097,8.381983,Under way using engine,,0.0,117.2,,Unknown,DCHL,EILUN,Passenger,,5.0,25.0,GPS,1.0,AMRUM,,AIS,12.0,13.0,3.0,2.0
26/11/2024 06:27:20,Class A,211299300,54.63209,8.381992,Under way using engine,,0.0,117.2,,Unknown,DCHL,EILUN,Passenger,,5.0,25.0,GPS,1.0,AMRUM,,AIS,12.0,13.0,3.0,2.0
26/11/2024 06:27:50,Class A,211299300,54.63203,8.381975,Under way using engine,,0.0,117.2,,Unknown,DCHL,EILUN,Passenger,,5.0,25.0,GPS,1.0,AMRUM,,AIS,12.0,13.0,3.0,2.0
26/11/2024 06:28:10,Class A,211299300,54.632013,8.381985,Under way using engine,,0.0,117.2,,Unknown,DCHL,EILUN,Passenger,,5.0,25.0,GPS,1.0,AMRUM,,AIS,12.0,13.0,3.0,2.0
26/11/2024 06:28:29,Class A,211299300,54.632023,8.381997,Under way using engine,,0.0,117.2,,Unknown,DCHL,EILUN,Passenger,,5.0,25.0,GPS,1.0,AMRUM,,AIS,12.0,13.0,3.0,2.0
26/11/2024 06:28:59,Class A,211299300,54.63204,8.382027,Under way using engine,,0.0,117.2,,Unknown,DCHL,EILUN,Passenger,,5.0,25.0,GPS,1.0,AMRUM,,AIS,12.0,13.0,3.0,2.0
26/11/2024 06:29:10,Class A,211299300,54.632038,8.382033,Under way using engine,,0.0,117.2,,Unknown,DCHL,EILUN,Passenger,,5.0,25.0,GPS,1.0,AMRUM,,AIS,12.0,13.0,3.0,2.0
26/11/2024 06:29:20,Class A,211299300,54.632038,8.38203,Under way using engine,,0.0,117.2,,Unknown,DCHL,EILUN,Passenger,,5.0,25.0,GPS,1.0,AMRUM,,AIS,12.0,13.0,3.0,2.0
26/11/2024 06:29:29,Class A,211299300,54.632033,8.382027,Under way using engine,,0.0,117.2,,Unknown,DCHL,EILUN,Passenger,,5.0,25.0,GPS,1.0,AMRUM,,AIS,12.0,13.0,3.0,2.0
26/11/2024 06:29:50,Class A,211299300,54.632028,8.382033,Under way using engine,,0.0,117.2,,Unknown,DCHL,EILUN,Passenger,,5.0,25.0,GPS,1.0,AMRUM,,AIS,12.0,13.0,3.0,2.0
26/11/2024 06:30:10,Class A,211299300,54.632022,8.382045,Under way using engine,,0.0,117.2,,Unknown,DCHL,EILUN,Passenger,,5.0,25.0,GPS,1.0,AMRUM,,AIS,12.0,13.0,3.0,2.0
26/11/2024 06:30:19,Class A,211299300,54.632022,8.382045,Under way using engine,,0.0,117.2,,Unknown,DCHL,EILUN,Passenger,,5.0,25.0,GPS,1.0,AMRUM,,AIS,12.0,13.0,3.0,2.0
26/11/2024 06:30:40,Class A,211299300,54.632012,8.382033,Under way using engine,,0.0,117.2,,Unknown,DCHL,EILUN,Passenger,,5.0,25.0,GPS,1.0,AMRUM,,AIS,12.0,13.0,3.0,2.0
26/11/2024 06:30:50,Class A,211299300,54.632008,8.382027,Under way using engine,,0.0,117.2,,Unknown,DCHL,EILUN,Passenger,,5.0,25.0,GPS,1.0,AMRUM,,AIS,12.0,13.0,3.0,2.0
26/11/2024 06:30:59,Class A,211299300,54.632007,8.382023,Under way using engine,,0.0,117.2,,Unknown,DCHL,EILUN,Passenger,,5.0,25.0,GPS,1.0,AMRUM,,AIS,12.0,13.0,3.0,2.0
26/11/2024 06:31:10,Class A,211299300,54.632003,8.382018,Under way using engine,,0.0,117.2,,Unknown,DCHL,EILUN,Passenger,,5.0,25.0,GPS,1.0,AMRUM,,AIS,12.0,13.0,3.0,2.0
26/11/2024 06:32:00,Class A,211299300,54.632017,8.382008,Under way using engine,,0.0,117.2,,Unknown,DCHL,EILUN,Passenger,,5.0,25.0,GPS,1.0,AMRUM,,AIS,12.0,13.0,3.0,2.0
26/11/2024 06:32:50,Class A,211299300,54.632,8.381997,Under way using engine,,0.0,117.2,,Unknown,DCHL,EILUN,Passenger,,5.0,25.0,GPS,1.0,AMRUM,,AIS,12.0,13.0,3.0,2.0
26/11/2024 06:33:10,Class A,211299300,54.632023,8.382005,Under way using engine,,0.0,117.2,,Unknown,DCHL,EILUN,Passenger,,5.0,25.0,GPS,1.0,AMRUM,,AIS,12.0,13.0,3.0,2.0
26/11/2024 06:34:10,Class A,211299300,54.632015,8.381998,Under way using engine,,0.0,117.2,,Unknown,DCHL,EILUN,Passenger,,5.0,25.0,GPS,1.0,AMRUM,,AIS,12.0,13.0,3.0,2.0
26/11/2024 06:35:10,Class A,211299300,54.632015,8.381985,Under way using engine,,0.0,117.2,,Unknown,DCHL,EILUN,Passenger,,5.0,25.0,GPS,1.0,AMRUM,,AIS,12.0,13.0,3.0,2.0
26/11/2024 06:35:29,Class A,211299300,54.632013,8.381985,Under way using engine,,0.0,117.2,,Unknown,DCHL,EILUN,Passenger,,5.0,25.0,GPS,1.0,AMRUM,,AIS,12.0,13.0,3.0,2.0
26/11/2024 06:36:29,Class A,211299300,54.632012,8.381968,Under way using engine,,0.0,117.2,,Unknown,DCHL,EILUN,Passenger,,5.0,25.0,GPS,1.0,AMRUM,,AIS,12.0,13.0,3.0,2.0
26/11/2024 06:37:29,Class A,211299300,54.632018,8.381967,Under way using engine,,0.0,117.2,,Unknown,DCHL,EILUN,Passenger,,5.0,25.0,GPS,1.0,AMRUM,,AIS,12.0,13.0,3.0,2.0
26/11/2024 06:38:29,Class A,211299300,54.631982,8.382027,Under way using engine,,0.0,117.2,,Unknown,DCHL,EILUN,Passenger,,5.0,25.0,GPS,1.0,AMRUM,,AIS,12.0,13.0,3.0,2.0
26/11/2024 06:39:29,Class A,211299300,54.632007,8.38197,Under way using engine,,0.0,117.2,,Unknown,DCHL,EILUN,Passenger,,5.0,25.0,GPS,1.0,AMRUM,,AIS,12.0,13.0,3.0,2.0
26/11/2024 06:40:50,Class A,211299300,54.632018,8.382008,Under way using engine,,0.0,117.2,,Unknown,DCHL,EILUN,Passenger,,5.0,25.0,GPS,1.0,AMRUM,,AIS,12.0,13.0,3.0,2.0
26/11/2024 06:40:59,Class A,211299300,54.631985,8.38204,Under way using engine,,0.0,117.2,,Unknown,DCHL,EILUN,Passenger,,5.0,25.0,GPS,1.0,AMRUM,,AIS,12.0,13.0,3.0,2.0
26/11/2024 06:41:29,Class A,211299300,54.632012,8.38202,Under way using engine,,0.0,117.2,,Unknown,DCHL,EILUN,Passenger,,5.0,25.0,GPS,1.0,AMRUM,,AIS,12.0,13.0,3.0,2.0
26/11/2024 06:41:40,Class A,211299300,54.632002,8.382015,Under way using engine,,0.0,117.2,,Unknown,DCHL,EILUN,Passenger,,5.0,25.0,GPS,1.0,AMRUM,,AIS,12.0,13.0,3.0,2.0
26/11/2024 06:41:50,Class A,211299300,54.631993,8.382007,Under way using engine,,0.0,117.2,,Unknown,DCHL,EILUN,Passenger,,5.0,25.0,GPS,1.0,AMRUM,,AIS,12.0,13.0,3.0,2.0
26/11/2024 06:41:59,Class A,211299300,54.631992,8.382003,Under way using engine,,0.0,117.2,,Unknown,DCHL,EILUN,Passenger,,5.0,25.0,GPS,1.0,AMRUM,,AIS,12.0,13.0,3.0,2.0
26/11/2024 06:42:09,Class A,211299300,54.632,8.382005,Under way using engine,,0.0,117.2,,Unknown,DCHL,EILUN,Passenger,,5.0,25.0,GPS,1.0,AMRUM,,AIS,12.0,13.0,3.0,2.0
26/11/2024 06:42:29,Class A,211299300,54.631982,8.382003,Under way using engine,,0.0,117.2,,Unknown,DCHL,EILUN,Passenger,,5.0,25.0,GPS,1.0,AMRUM,,AIS,12.0,13.0,3.0,2.0
26/11/2024 06:43:09,Class A,211299300,54.631985,8.382022,Under way using engine,,0.0,117.2,,Unknown,DCHL,EILUN,Passenger,,5.0,25.0,GPS,1.0,AMRUM,,AIS,12.0,13.0,3.0,2.0
26/11/2024 06:43:29,Class A,211299300,54.631983,8.382023,Under way using engine,,0.0,117.2,,Unknown,DCHL,EILUN,Passenger,,5.0,25.0,GPS,1.0,AMRUM,,AIS,12.0,13.0,3.0,2.0
26/11/2024 06:43:34,Class A,211299300,54.631983,8.382023,Under way using engine,,0.0,117.2,,Unknown,DCHL,EILUN,Passenger,,5.0,25.0,GPS,1.0,AMRUM,,AIS,12.0,13.0,3.0,2.0
26/11/2024 06:43:50,Class A,211299300,54.631987,8.382028,Under way using engine,,0.0,117.2,,Unknown,DCHL,EILUN,Passenger,,5.0,25.0,GPS,1.0,AMRUM,,AIS,12.0,13.0,3.0,2.0
26/11/2024 06:44:29,Class A,211299300,54.632018,8.381985,Under way using engine,,0.0,117.2,,Unknown,DCHL,EILUN,Passenger,,5.0,25.0,GPS,1.0,AMRUM,,AIS,12.0,13.0,3.0,2.0
26/11/2024 06:44:50,Class A,211299300,54.632018,8.381997,Under way using engine,,0.0,117.2,,Unknown,DCHL,EILUN,Passenger,,5.0,25.0,GPS,1.0,AMRUM,,AIS,12.0,13.0,3.0,2.0
26/11/2024 06:45:09,Class A,211299300,54.632007,8.381997,Under way using engine,,0.0,117.2,,Unknown,DCHL,EILUN,Passenger,,5.0,25.0,GPS,1.0,AMRUM,,AIS,12.0,13.0,3.0,2.0
26/11/2024 06:45:29,Class A,211299300,54.632015,8.381997,Under way using engine,,0.0,117.2,,Unknown,DCHL,EILUN,Passenger,,5.0,25.0,GPS,1.0,AMRUM,,AIS,12.0,13.0,3.0,2.0
26/11/2024 06:45:50,Class A,211299300,54.632025,8.381977,Under way using engine,,0.0,117.2,,Unknown,DCHL,EILUN,Passenger,,5.0,25.0,GPS,1.0,AMRUM,,AIS,12.0,13.0,3.0,2.0
26/11/2024 06:46:09,Class A,211299300,54.632035,8.38196,Under way using engine,,0.0,117.2,,Unknown,DCHL,EILUN,Passenger,,5.0,25.0,GPS,1.0,AMRUM,,AIS,12.0,13.0,3.0,2.0
26/11/2024 06:46:29,Class A,211299300,54.632038,8.38196,Under way using engine,,0.0,117.2,,Unknown,DCHL,EILUN,Passenger,,5.0,25.0,GPS,1.0,AMRUM,,AIS,12.0,13.0,3.0,2.0
26/11/2024 06:47:09,Class A,211299300,54.63203,8.381958,Under way using engine,,0.0,117.2,,Unknown,DCHL,EILUN,Passenger,,5.0,25.0,GPS,1.0,AMRUM,,AIS,12.0,13.0,3.0,2.0
26/11/2024 06:47:19,Class A,211299300,54.632035,8.38196,Under way using engine,,0.0,117.2,,Unknown,DCHL,EILUN,Passenger,,5.0,25.0,GPS,1.0,AMRUM,,AIS,12.0,13.0,3.0,2.0
26/11/2024 06:47:29,Class A,211299300,54.632037,8.381958,Under way using engine,,0.0,117.2,,Unknown,DCHL,EILUN,Passenger,,5.0,25.0,GPS,1.0,AMRUM,,AIS,12.0,13.0,3.0,2.0
26/11/2024 06:47:50,Class A,211299300,54.632018,8.381978,Under way using engine,,0.0,117.2,,Unknown,DCHL,EILUN,Passenger,,5.0,25.0,GPS,1.0,AMRUM,,AIS,12.0,13.0,3.0,2.0
26/11/2024 06:48:09,Class A,211299300,54.63202,8.381973,Under way using engine,,0.0,117.2,,Unknown,DCHL,EILUN,Passenger,,5.0,25.0,GPS,1.0,AMRUM,,AIS,12.0,13.0,3.0,2.0
26/11/2024 06:48:29,Class A,211299300,54.632018,8.381997,Under way using engine,,0.0,117.2,,Unknown,DCHL,EILUN,Passenger,,5.0,25.0,GPS,1.0,AMRUM,,AIS,12.0,13.0,3.0,2.0
26/11/2024 06:48:50,Class A,211299300,54.632018,8.38201,Under way using engine,,0.0,117.2,,Unknown,DCHL,EILUN,Passenger,,5.0,25.0,GPS,1.0,AMRUM,,AIS,12.0,13.0,3.0,2.0
26/11/2024 06:49:09,Class A,211299300,54.632018,8.382015,Under way using engine,,0.0,117.2,,Unknown,DCHL,EILUN,Passenger,,5.0,25.0,GPS,1.0,AMRUM,,AIS,12.0,13.0,3.0,2.0
26/11/2024 06:49:50,Class A,211299300,54.632012,8.382027,Under way using engine,,0.0,117.2,,Unknown,DCHL,EILUN,Passenger,,5.0,25.0,GPS,1.0,AMRUM,,AIS,12.0,13.0,3.0,2.0
26/11/2024 06:50:09,Class A,211299300,54.632012,8.382013,Under way using engine,,0.0,117.2,,Unknown,DCHL,EILUN,Passenger,,5.0,25.0,GPS,1.0,AMRUM,,AIS,12.0,13.0,3.0,2.0
26/11/2024 06:50:29,Class A,211299300,54.632005,8.382027,Under way using engine,,0.0,117.2,,Unknown,DCHL,EILUN,Passenger,,5.0,25.0,GPS,1.0,AMRUM,,AIS,12.0,13.0,3.0,2.0
26/11/2024 06:50:50,Class A,211299300,54.632012,8.38202,Under way using engine,,0.0,117.2,,Unknown,DCHL,EILUN,Passenger,,5.0,25.0,GPS,1.0,AMRUM,,AIS,12.0,13.0,3.0,2.0
26/11/2024 06:51:29,Class A,211299300,54.632042,8.38202,Under way using engine,,0.0,117.2,,Unknown,DCHL,EILUN,Passenger,,5.0,25.0,GPS,1.0,AMRUM,,AIS,12.0,13.0,3.0,2.0
26/11/2024 06:52:50,Class A,211299300,54.631995,8.382045,Under way using engine,,0.0,117.2,,Unknown,DCHL,EILUN,Passenger,,5.0,25.0,GPS,1.0,AMRUM,,AIS,12.0,13.0,3.0,2.0
26/11/2024 06:53:09,Class A,211299300,54.632007,8.382028,Under way using engine,,0.0,117.2,,Unknown,DCHL,EILUN,Passenger,,5.0,25.0,GPS,1.0,AMRUM,,AIS,12.0,13.0,3.0,2.0
26/11/2024 06:53:49,Class A,211299300,54.632012,8.382007,Under way using engine,,0.0,117.2,,Unknown,DCHL,EILUN,Passenger,,5.0,25.0,GPS,1.0,AMRUM,,AIS,12.0,13.0,3.0,2.0
26/11/2024 06:54:09,Class A,211299300,54.632017,8.382,Under way using engine,,0.0,117.2,,Unknown,DCHL,EILUN,Passenger,,5.0,25.0,GPS,1.0,AMRUM,,AIS,12.0,13.0,3.0,2.0
26/11/2024 06:54:39,Class A,211299300,54.632007,8.382,Under way using engine,,0.0,117.2,,Unknown,DCHL,EILUN,Passenger,,5.0,25.0,GPS,1.0,AMRUM,,AIS,12.0,13.0,3.0,2.0
26/11/2024 06:54:49,Class A,211299300,54.632003,8.382007,Under way using engine,,0.0,117.2,,Unknown,DCHL,EILUN,Passenger,,5.0,25.0,GPS,1.0,AMRUM,,AIS,12.0,13.0,3.0,2.0
26/11/2024 06:55:00,Class A,211299300,54.632012,8.381997,Under way using engine,,0.0,117.2,,Unknown,DCHL,EILUN,Passenger,,5.0,25.0,GPS,1.0,AMRUM,,AIS,12.0,13.0,3.0,2.0
26/11/2024 06:55:09,Class A,211299300,54.632003,8.381998,Under way using engine,,0.0,117.2,,Unknown,DCHL,EILUN,Passenger,,5.0,25.0,GPS,1.0,AMRUM,,AIS,12.0,13.0,3.0,2.0
26/11/2024 06:55:29,Class A,211299300,54.632005,8.381978,Under way using engine,,0.0,117.2,,Unknown,DCHL,EILUN,Passenger,,5.0,25.0,GPS,1.0,AMRUM,,AIS,12.0,13.0,3.0,2.0
26/11/2024 06:55:49,Class A,211299300,54.632018,8.381973,Under way using engine,,0.0,117.2,,Unknown,DCHL,EILUN,Passenger,,5.0,25.0,GPS,1.0,AMRUM,,AIS,12.0,13.0,3.0,2.0
26/11/2024 06:56:20,Class A,211299300,54.632005,8.38202,Under way using engine,,0.0,117.2,,Unknown,DCHL,EILUN,Passenger,,5.0,25.0,GPS,1.0,AMRUM,,AIS,12.0,13.0,3.0,2.0
26/11/2024 06:56:29,Class A,211299300,54.632007,8.382027,Under way using engine,,0.0,117.2,,Unknown,DCHL,EILUN,Passenger,,5.0,25.0,GPS,1.0,AMRUM,,AIS,12.0,13.0,3.0,2.0
26/11/2024 06:56:49,Class A,211299300,54.632013,8.382037,Under way using engine,,0.0,117.2,,Unknown,DCHL,EILUN,Passenger,,5.0,25.0,GPS,1.0,AMRUM,,AIS,12.0,13.0,3.0,2.0
26/11/2024 06:56:59,Class A,211299300,54.632018,8.382038,Under way using engine,,0.0,117.2,,Unknown,DCHL,EILUN,Passenger,,5.0,25.0,GPS,1.0,AMRUM,,AIS,12.0,13.0,3.0,2.0
26/11/2024 06:57:09,Class A,211299300,54.631978,8.382038,Under way using engine,,0.0,117.2,,Unknown,DCHL,EILUN,Passenger,,5.0,25.0,GPS,1.0,AMRUM,,AIS,12.0,13.0,3.0,2.0
26/11/2024 06:57:20,Class A,211299300,54.631975,8.382037,Under way using engine,,0.0,117.2,,Unknown,DCHL,EILUN,Passenger,,5.0,25.0,GPS,1.0,AMRUM,,AIS,12.0,13.0,3.0,2.0
26/11/2024 06:57:29,Class A,211299300,54.631973,8.382033,Under way using engine,,0.0,117.2,,Unknown,DCHL,EILUN,Passenger,,5.0,25.0,GPS,1.0,AMRUM,,AIS,12.0,13.0,3.0,2.0
26/11/2024 06:57:49,Class A,211299300,54.632,8.382015,Under way using engine,,0.0,117.2,,Unknown,DCHL,EILUN,Passenger,,5.0,25.0,GPS,1.0,AMRUM,,AIS,12.0,13.0,3.0,2.0
26/11/2024 06:58:29,Class A,211299300,54.631988,8.382045,Under way using engine,,0.0,117.2,,Unknown,DCHL,EILUN,Passenger,,5.0,25.0,GPS,1.0,AMRUM,,AIS,12.0,13.0,3.0,2.0
26/11/2024 06:58:49,Class A,211299300,54.63203,8.38201,Under way using engine,,0.0,117.2,,Unknown,DCHL,EILUN,Passenger,,5.0,25.0,GPS,1.0,AMRUM,,AIS,12.0,13.0,3.0,2.0
26/11/2024 06:59:20,Class A,211299300,54.632023,8.382022,Under way using engine,,0.0,117.2,,Unknown,DCHL,EILUN,Passenger,,5.0,25.0,GPS,1.0,AMRUM,,AIS,12.0,13.0,3.0,2.0
26/11/2024 06:59:29,Class A,211299300,54.63202,8.382022,Under way using engine,,0.0,117.2,,Unknown,DCHL,EILUN,Passenger,,5.0,25.0,GPS,1.0,AMRUM,,AIS,12.0,13.0,3.0,2.0
26/11/2024 06:59:39,Class A,211299300,54.632008,8.382027,Under way using engine,,0.0,117.2,,Unknown,DCHL,EILUN,Passenger,,5.0,25.0,GPS,1.0,AMRUM,,AIS,12.0,13.0,3.0,2.0
26/11/2024 06:59:49,Class A,211299300,54.632003,8.38203,Under way using engine,,0.0,117.2,,Unknown,DCHL,EILUN,Passenger,,5.0,25.0,GPS,1.0,AMRUM,,AIS,12.0,13.0,3.0,2.0
26/11/2024 07:00:29,Class A,211299300,54.632018,8.382,Under way using engine,,0.0,117.2,,Unknown,DCHL,EILUN,Passenger,,5.0,25.0,GPS,1.0,AMRUM,,AIS,12.0,13.0,3.0,2.0
26/11/2024 07:00:49,Class A,211299300,54.632018,8.381982,Under way using engine,,0.0,117.2,,Unknown,DCHL,EILUN,Passenger,,5.0,25.0,GPS,1.0,AMRUM,,AIS,12.0,13.0,3.0,2.0
26/11/2024 07:00:59,Class A,211299300,54.632008,8.38199,Under way using engine,,0.0,117.2,,Unknown,DCHL,EILUN,Passenger,,5.0,25.0,GPS,1.0,AMRUM,,AIS,12.0,13.0,3.0,2.0
26/11/2024 07:01:29,Class A,211299300,54.632023,8.382003,Under way using engine,,0.0,117.2,,Unknown,DCHL,EILUN,Passenger,,5.0,25.0,GPS,1.0,AMRUM,,AIS,12.0,13.0,3.0,2.0
26/11/2024 07:01:39,Class A,211299300,54.632035,8.382,Under way using engine,,0.0,117.2,,Unknown,DCHL,EILUN,Passenger,,5.0,25.0,GPS,1.0,AMRUM,,AIS,12.0,13.0,3.0,2.0
26/11/2024 07:01:50,Class A,211299300,54.632042,8.382003,Under way using engine,,0.0,117.2,,Unknown,DCHL,EILUN,Passenger,,5.0,25.0,GPS,1.0,AMRUM,,AIS,12.0,13.0,3.0,2.0
26/11/2024 07:02:09,Class A,211299300,54.632005,8.38202,Under way using engine,,0.0,117.2,,Unknown,DCHL,EILUN,Passenger,,5.0,25.0,GPS,1.0,AMRUM,,AIS,12.0,13.0,3.0,2.0
26/11/2024 07:02:29,Class A,211299300,54.632022,8.38202,Under way using engine,,0.0,117.2,,Unknown,DCHL,EILUN,Passenger,,5.0,25.0,GPS,1.0,AMRUM,,AIS,12.0,13.0,3.0,2.0
26/11/2024 07:02:50,Class A,211299300,54.63201,8.382035,Under way using engine,,0.0,117.2,,Unknown,DCHL,EILUN,Passenger,,5.0,25.0,GPS,1.0,AMRUM,,AIS,12.0,13.0,3.0,2.0
26/11/2024 07:03:29,Class A,211299300,54.632,8.382035,Under way using engine,,0.0,117.2,,Unknown,DCHL,EILUN,Passenger,,5.0,25.0,GPS,1.0,AMRUM,,AIS,12.0,13.0,3.0,2.0
26/11/2024 07:03:50,Class A,211299300,54.631997,8.38203,Under way using engine,,0.0,117.2,,Unknown,DCHL,EILUN,Passenger,,5.0,25.0,GPS,1.0,AMRUM,,AIS,12.0,13.0,3.0,2.0
26/11/2024 07:04:29,Class A,211299300,54.63201,8.382042,Under way using engine,,0.0,117.2,,Unknown,DCHL,EILUN,Passenger,,5.0,25.0,GPS,1.0,AMRUM,,AIS,12.0,13.0,3.0,2.0
26/11/2024 07:04:50,Class A,211299300,54.632018,8.38202,Under way using engine,,0.0,117.2,,Unknown,DCHL,EILUN,Passenger,,5.0,25.0,GPS,1.0,AMRUM,,AIS,12.0,13.0,3.0,2.0
26/11/2024 07:05:19,Class A,211299300,54.63203,8.382007,Under way using engine,,0.0,117.2,,Unknown,DCHL,EILUN,Passenger,,5.0,25.0,GPS,1.0,AMRUM,,AIS,12.0,13.0,3.0,2.0
26/11/2024 07:05:29,Class A,211299300,54.632023,8.382008,Under way using engine,,0.0,117.2,,Unknown,DCHL,EILUN,Passenger,,5.0,25.0,GPS,1.0,AMRUM,,AIS,12.0,13.0,3.0,2.0
26/11/2024 07:05:50,Class A,211299300,54.632012,8.382003,Under way using engine,,0.0,117.2,,Unknown,DCHL,EILUN,Passenger,,5.0,25.0,GPS,1.0,AMRUM,,AIS,12.0,13.0,3.0,2.0
26/11/2024 07:06:10,Class A,211299300,54.632013,8.382,Under way using engine,,0.0,117.2,,Unknown,DCHL,EILUN,Passenger,,5.0,25.0,GPS,1.0,AMRUM,,AIS,12.0,13.0,3.0,2.0
26/11/2024 07:06:29,Class A,211299300,54.632023,8.381992,Under way using engine,,0.0,117.2,,Unknown,DCHL,EILUN,Passenger,,5.0,25.0,GPS,1.0,AMRUM,,AIS,12.0,13.0,3.0,2.0
26/11/2024 07:06:50,Class A,211299300,54.63203,8.381985,Under way using engine,,0.0,117.2,,Unknown,DCHL,EILUN,Passenger,,5.0,25.0,GPS,1.0,AMRUM,,AIS,12.0,13.0,3.0,2.0
26/11/2024 07:07:10,Class A,211299300,54.632013,8.381973,Under way using engine,,0.0,117.2,,Unknown,DCHL,EILUN,Passenger,,5.0,25.0,GPS,1.0,AMRUM,,AIS,12.0,13.0,3.0,2.0
26/11/2024 07:07:29,Class A,211299300,54.631997,8.38199,Under way using engine,,0.0,117.2,,Unknown,DCHL,EILUN,Passenger,,5.0,25.0,GPS,1.0,AMRUM,,AIS,12.0,13.0,3.0,2.0
26/11/2024 07:07:34,Class A,211299300,54.631997,8.38199,Under way using engine,,0.0,117.2,,Unknown,DCHL,EILUN,Passenger,,5.0,25.0,GPS,1.0,AMRUM,,AIS,12.0,13.0,3.0,2.0
26/11/2024 07:08:59,Class A,211299300,54.632027,8.381998,Under way using engine,,0.0,117.2,,Unknown,DCHL,EILUN,Passenger,,5.0,25.0,GPS,1.0,AMRUM,,AIS,12.0,13.0,3.0,2.0
26/11/2024 07:09:10,Class A,211299300,54.632032,8.38199,Under way using engine,,0.0,117.2,,Unknown,DCHL,EILUN,Passenger,,5.0,25.0,GPS,1.0,AMRUM,,AIS,12.0,13.0,3.0,2.0
26/11/2024 07:10:09,Class A,211299300,54.63203,8.382,Under way using engine,,0.0,117.2,,Unknown,DCHL,EILUN,Passenger,,5.0,25.0,GPS,1.0,AMRUM,,AIS,12.0,13.0,3.0,2.0
26/11/2024 07:10:29,Class A,211299300,54.63203,8.382,Under way using engine,,0.0,117.2,,Unknown,DCHL,EILUN,Passenger,,5.0,25.0,GPS,1.0,AMRUM,,AIS,12.0,13.0,3.0,2.0
26/11/2024 07:11:09,Class A,211299300,54.631993,8.381968,Under way using engine,,0.0,117.2,,Unknown,DCHL,EILUN,Passenger,,5.0,25.0,GPS,1.0,AMRUM,,AIS,12.0,13.0,3.0,2.0
26/11/2024 07:11:50,Class A,211299300,54.632,8.381983,Under way using engine,,0.0,117.2,,Unknown,DCHL,EILUN,Passenger,,5.0,25.0,GPS,1.0,AMRUM,,AIS,12.0,13.0,3.0,2.0
26/11/2024 07:12:50,Class A,211299300,54.632003,8.381985,Under way using engine,,0.0,117.2,,Unknown,DCHL,EILUN,Passenger,,5.0,25.0,GPS,1.0,AMRUM,,AIS,12.0,13.0,3.0,2.0
26/11/2024 07:14:30,Class A,211299300,54.632,8.382027,Under way using engine,,0.0,117.2,,Unknown,DCHL,EILUN,Passenger,,5.0,25.0,GPS,1.0,AMRUM,,AIS,12.0,13.0,3.0,2.0
26/11/2024 07:14:50,Class A,211299300,54.632007,8.382015,Under way using engine,,0.0,117.2,,Unknown,DCHL,EILUN,Passenger,,5.0,25.0,GPS,1.0,AMRUM,,AIS,12.0,13.0,3.0,2.0
26/11/2024 07:16:30,Class A,211299300,54.631977,8.382033,Under way using engine,,0.0,117.2,,Unknown,DCHL,EILUN,Passenger,,5.0,25.0,GPS,1.0,AMRUM,,AIS,12.0,13.0,3.0,2.0
26/11/2024 07:16:51,Class A,211299300,54.631987,8.382023,Under way using engine,,0.0,117.2,,Unknown,DCHL,EILUN,Passenger,,5.0,25.0,GPS,1.0,AMRUM,,AIS,12.0,13.0,3.0,2.0
26/11/2024 07:17:30,Class A,211299300,54.63201,8.382057,Under way using engine,,0.0,117.2,,Unknown,DCHL,EILUN,Passenger,,5.0,25.0,GPS,1.0,AMRUM,,AIS,12.0,13.0,3.0,2.0
26/11/2024 07:17:51,Class A,211299300,54.63201,8.382043,Under way using engine,,0.0,117.2,,Unknown,DCHL,EILUN,Passenger,,5.0,25.0,GPS,1.0,AMRUM,,AIS,12.0,13.0,3.0,2.0
26/11/2024 07:19:10,Class A,211299300,54.632005,8.381958,Under way using engine,,0.0,117.2,,Unknown,DCHL,EILUN,Passenger,,5.0,25.0,GPS,1.0,AMRUM,,AIS,12.0,13.0,3.0,2.0
26/11/2024 07:20:10,Class A,211299300,54.632,8.38198,Under way using engine,,0.0,117.2,,Unknown,DCHL,EILUN,Passenger,,5.0,25.0,GPS,1.0,AMRUM,,AIS,12.0,13.0,3.0,2.0
26/11/2024 07:21:19,Class A,211299300,54.632,8.381987,Under way using engine,,0.0,117.2,,Unknown,DCHL,EILUN,Passenger,,5.0,25.0,GPS,1.0,AMRUM,,AIS,12.0,13.0,3.0,2.0
26/11/2024 07:21:30,Class A,211299300,54.631998,8.381985,Under way using engine,,0.0,117.2,,Unknown,DCHL,EILUN,Passenger,,5.0,25.0,GPS,1.0,AMRUM,,AIS,12.0,13.0,3.0,2.0
26/11/2024 07:21:51,Class A,211299300,54.631998,8.381973,Under way using engine,,0.0,117.2,,Unknown,DCHL,EILUN,Passenger,,5.0,25.0,GPS,1.0,AMRUM,,AIS,12.0,13.0,3.0,2.0
26/11/2024 07:22:29,Class A,211299300,54.631988,8.381977,Under way using engine,,0.0,117.2,,Unknown,DCHL,EILUN,Passenger,,5.0,25.0,GPS,1.0,AMRUM,,AIS,12.0,13.0,3.0,2.0
26/11/2024 07:22:51,Class A,211299300,54.631993,8.38198,Under way using engine,,0.0,117.2,,Unknown,DCHL,EILUN,Passenger,,5.0,25.0,GPS,1.0,AMRUM,,AIS,12.0,13.0,3.0,2.0
26/11/2024 07:23:10,Class A,211299300,54.63201,8.38198,Under way using engine,,0.0,117.2,,Unknown,DCHL,EILUN,Passenger,,5.0,25.0,GPS,1.0,AMRUM,,AIS,12.0,13.0,3.0,2.0
26/11/2024 07:23:50,Class A,211299300,54.632017,8.381985,Under way using engine,,0.0,117.2,,Unknown,DCHL,EILUN,Passenger,,5.0,25.0,GPS,1.0,AMRUM,,AIS,12.0,13.0,3.0,2.0
26/11/2024 07:24:29,Class A,211299300,54.632018,8.382008,Under way using engine,,0.0,117.2,,Unknown,DCHL,EILUN,Passenger,,5.0,25.0,GPS,1.0,AMRUM,,AIS,12.0,13.0,3.0,2.0
26/11/2024 07:24:50,Class A,211299300,54.632013,8.38202,Under way using engine,,0.0,117.2,,Unknown,DCHL,EILUN,Passenger,,5.0,25.0,GPS,1.0,AMRUM,,AIS,12.0,13.0,3.0,2.0
26/11/2024 07:25:10,Class A,211299300,54.632,8.382018,Under way using engine,,0.0,117.2,,Unknown,DCHL,EILUN,Passenger,,5.0,25.0,GPS,1.0,AMRUM,,AIS,12.0,13.0,3.0,2.0
26/11/2024 07:25:29,Class A,211299300,54.632002,8.381977,Under way using engine,,0.0,117.2,,Unknown,DCHL,EILUN,Passenger,,5.0,25.0,GPS,1.0,AMRUM,,AIS,12.0,13.0,3.0,2.0
26/11/2024 07:26:10,Class A,211299300,54.631982,8.38199,Under way using engine,,0.0,117.2,,Unknown,DCHL,EILUN,Passenger,,5.0,25.0,GPS,1.0,AMRUM,,AIS,12.0,13.0,3.0,2.0
26/11/2024 07:26:29,Class A,211299300,54.631985,8.381978,Under way using engine,,0.0,117.2,,Unknown,DCHL,EILUN,Passenger,,5.0,25.0,GPS,1.0,AMRUM,,AIS,12.0,13.0,3.0,2.0
26/11/2024 07:26:50,Class A,211299300,54.63199,8.381955,Under way using engine,,0.0,117.2,,Unknown,DCHL,EILUN,Passenger,,5.0,25.0,GPS,1.0,AMRUM,,AIS,12.0,13.0,3.0,2.0
26/11/2024 07:28:29,Class A,211299300,54.632013,8.382022,Under way using engine,,0.0,117.2,,Unknown,DCHL,EILUN,Passenger,,5.0,25.0,GPS,1.0,AMRUM,,AIS,12.0,13.0,3.0,2.0
26/11/2024 07:29:29,Class A,211299300,54.632015,8.381992,Under way using engine,,0.0,117.2,,Unknown,DCHL,EILUN,Passenger,,5.0,25.0,GPS,1.0,AMRUM,,AIS,12.0,13.0,3.0,2.0
26/11/2024 07:30:30,Class A,211299300,54.632003,8.38199,Under way using engine,,0.0,117.2,,Unknown,DCHL,EILUN,Passenger,,5.0,25.0,GPS,1.0,AMRUM,,AIS,12.0,13.0,3.0,2.0
26/11/2024 07:32:20,Class A,211299300,54.632018,8.382015,Under way using engine,,0.0,117.2,,Unknown,DCHL,EILUN,Passenger,,5.0,25.0,GPS,1.0,AMRUM,,AIS,12.0,13.0,3.0,2.0
26/11/2024 07:35:10,Class A,211299300,54.632,8.38197,Under way using engine,,0.0,117.2,,Unknown,DCHL,EILUN,Passenger,,5.0,25.0,GPS,1.0,AMRUM,,AIS,12.0,13.0,3.0,2.0
26/11/2024 07:35:50,Class A,211299300,54.632042,8.381998,Under way using engine,,0.0,117.2,,Unknown,DCHL,EILUN,Passenger,,5.0,25.0,GPS,1.0,AMRUM,,AIS,12.0,13.0,3.0,2.0
26/11/2024 07:38:00,Class A,211299300,54.631982,8.38199,Under way using engine,,0.0,117.2,,Unknown,DCHL,EILUN,Passenger,,5.0,25.0,GPS,1.0,AMRUM,,AIS,12.0,13.0,3.0,2.0
26/11/2024 07:38:50,Class A,211299300,54.63198,8.382045,Under way using engine,,0.0,117.2,,Unknown,DCHL,EILUN,Passenger,,5.0,25.0,GPS,1.0,AMRUM,,AIS,12.0,13.0,3.0,2.0
26/11/2024 07:39:29,Class A,211299300,54.631997,8.382015,Under way using engine,,0.0,117.2,,Unknown,DCHL,EILUN,Passenger,,5.0,25.0,GPS,1.0,AMRUM,,AIS,12.0,13.0,3.0,2.0
26/11/2024 07:40:09,Class A,211299300,54.631963,8.382042,Under way using engine,,0.0,117.2,,Unknown,DCHL,EILUN,Passenger,,5.0,25.0,GPS,1.0,AMRUM,,AIS,12.0,13.0,3.0,2.0
26/11/2024 07:40:29,Class A,211299300,54.631993,8.382018,Under way using engine,,0.0,117.2,,Unknown,DCHL,EILUN,Passenger,,5.0,25.0,GPS,1.0,AMRUM,,AIS,12.0,13.0,3.0,2.0
26/11/2024 07:41:09,Class A,211299300,54.632007,8.381992,Under way using engine,,0.0,117.2,,Unknown,DCHL,EILUN,Passenger,,5.0,25.0,GPS,1.0,AMRUM,,AIS,12.0,13.0,3.0,2.0
26/11/2024 07:42:09,Class A,211299300,54.631993,8.381988,Under way using engine,,0.0,117.2,,Unknown,DCHL,EILUN,Passenger,,5.0,25.0,GPS,1.0,AMRUM,,AIS,12.0,13.0,3.0,2.0
26/11/2024 07:42:29,Class A,211299300,54.631998,8.381973,Under way using engine,,0.0,117.2,,Unknown,DCHL,EILUN,Passenger,,5.0,25.0,GPS,1.0,AMRUM,,AIS,12.0,13.0,3.0,2.0
26/11/2024 07:42:49,Class A,211299300,54.632017,8.381942,Under way using engine,,0.0,117.2,,Unknown,DCHL,EILUN,Passenger,,5.0,25.0,GPS,1.0,AMRUM,,AIS,12.0,13.0,3.0,2.0
26/11/2024 07:43:09,Class A,211299300,54.632018,8.38195,Under way using engine,,0.0,117.2,,Unknown,DCHL,EILUN,Passenger,,5.0,25.0,GPS,1.0,AMRUM,,AIS,12.0,13.0,3.0,2.0
26/11/2024 07:43:29,Class A,211299300,54.631997,8.381978,Under way using engine,,0.0,117.2,,Unknown,DCHL,EILUN,Passenger,,5.0,25.0,GPS,1.0,AMRUM,,AIS,12.0,13.0,3.0,2.0
26/11/2024 07:44:30,Class A,211299300,54.631982,8.381985,Under way using engine,,0.0,117.2,,Unknown,DCHL,EILUN,Passenger,,5.0,25.0,GPS,1.0,AMRUM,,AIS,12.0,13.0,3.0,2.0
26/11/2024 07:44:49,Class A,211299300,54.63197,8.381997,Under way using engine,,0.0,117.2,,Unknown,DCHL,EILUN,Passenger,,5.0,25.0,GPS,1.0,AMRUM,,AIS,12.0,13.0,3.0,2.0
26/11/2024 07:45:30,Class A,211299300,54.631982,8.381978,Under way using engine,,0.0,117.2,,Unknown,DCHL,EILUN,Passenger,,5.0,25.0,GPS,1.0,AMRUM,,AIS,12.0,13.0,3.0,2.0
26/11/2024 07:46:50,Class A,211299300,54.631982,8.381987,Under way using engine,,0.0,117.2,,Unknown,DCHL,EILUN,Passenger,,5.0,25.0,GPS,1.0,AMRUM,,AIS,12.0,13.0,3.0,2.0
26/11/2024 07:48:30,Class A,211299300,54.631977,8.382007,Under way using engine,,0.0,117.2,,Unknown,DCHL,EILUN,Passenger,,5.0,25.0,GPS,1.0,AMRUM,,AIS,12.0,13.0,3.0,2.0
26/11/2024 07:49:30,Class A,211299300,54.631988,8.38199,Under way using engine,,0.0,117.2,,Unknown,DCHL,EILUN,Passenger,,5.0,25.0,GPS,1.0,AMRUM,,AIS,12.0,13.0,3.0,2.0
26/11/2024 07:49:50,Class A,211299300,54.631988,8.381978,Under way using engine,,0.0,117.2,,Unknown,DCHL,EILUN,Passenger,,5.0,25.0,GPS,1.0,AMRUM,,AIS,12.0,13.0,3.0,2.0
26/11/2024 07:50:30,Class A,211299300,54.632,8.381997,Under way using engine,,0.0,117.2,,Unknown,DCHL,EILUN,Passenger,,5.0,25.0,GPS,1.0,AMRUM,,AIS,12.0,13.0,3.0,2.0
26/11/2024 07:50:49,Class A,211299300,54.632002,8.38202,Under way using engine,,0.0,117.2,,Unknown,DCHL,EILUN,Passenger,,5.0,25.0,GPS,1.0,AMRUM,,AIS,12.0,13.0,3.0,2.0
26/11/2024 07:51:30,Class A,211299300,54.631978,8.382008,Under way using engine,,0.0,117.2,,Unknown,DCHL,EILUN,Passenger,,5.0,25.0,GPS,1.0,AMRUM,,AIS,12.0,13.0,3.0,2.0
26/11/2024 07:52:29,Class A,211299300,54.631997,8.382037,Under way using engine,,0.0,117.2,,Unknown,DCHL,EILUN,Passenger,,5.0,25.0,GPS,1.0,AMRUM,,AIS,12.0,13.0,3.0,2.0
26/11/2024 07:52:49,Class A,211299300,54.631988,8.382042,Under way using engine,,0.0,117.2,,Unknown,DCHL,EILUN,Passenger,,5.0,25.0,GPS,1.0,AMRUM,,AIS,12.0,13.0,3.0,2.0
26/11/2024 07:53:19,Class A,211299300,54.63198,8.382027,Under way using engine,,0.0,117.2,,Unknown,DCHL,EILUN,Passenger,,5.0,25.0,GPS,1.0,AMRUM,,AIS,12.0,13.0,3.0,2.0
26/11/2024 07:53:49,Class A,211299300,54.631977,8.382022,Under way using engine,,0.0,117.2,,Unknown,DCHL,EILUN,Passenger,,5.0,25.0,GPS,1.0,AMRUM,,AIS,12.0,13.0,3.0,2.0
26/11/2024 07:54:29,Class A,211299300,54.632008,8.382037,Under way using engine,,0.0,117.2,,Unknown,DCHL,EILUN,Passenger,,5.0,25.0,GPS,1.0,AMRUM,,AIS,12.0,13.0,3.0,2.0
26/11/2024 07:55:10,Class A,211299300,54.631998,8.38202,Under way using engine,,0.0,117.2,,Unknown,DCHL,EILUN,Passenger,,5.0,25.0,GPS,1.0,AMRUM,,AIS,12.0,13.0,3.0,2.0
26/11/2024 07:55:29,Class A,211299300,54.632018,8.381998,Under way using engine,,0.0,117.2,,Unknown,DCHL,EILUN,Passenger,,5.0,25.0,GPS,1.0,AMRUM,,AIS,12.0,13.0,3.0,2.0
26/11/2024 07:55:34,Class A,211299300,54.632018,8.381998,Under way using engine,,0.0,117.2,,Unknown,DCHL,EILUN,Passenger,,5.0,25.0,GPS,1.0,AMRUM,,AIS,12.0,13.0,3.0,2.0
26/11/2024 07:55:49,Class A,211299300,54.632015,8.381997,Under way using engine,,0.0,117.2,,Unknown,DCHL,EILUN,Passenger,,5.0,25.0,GPS,1.0,AMRUM,,AIS,12.0,13.0,3.0,2.0
26/11/2024 07:56:49,Class A,211299300,54.632012,8.381988,Under way using engine,,0.0,117.2,,Unknown,DCHL,EILUN,Passenger,,5.0,25.0,GPS,1.0,AMRUM,,AIS,12.0,13.0,3.0,2.0
26/11/2024 07:57:10,Class A,211299300,54.632007,8.381988,Under way using engine,,0.0,117.2,,Unknown,DCHL,EILUN,Passenger,,5.0,25.0,GPS,1.0,AMRUM,,AIS,12.0,13.0,3.0,2.0
26/11/2024 07:57:50,Class A,211299300,54.632012,8.381978,Under way using engine,,0.0,117.2,,Unknown,DCHL,EILUN,Passenger,,5.0,25.0,GPS,1.0,AMRUM,,AIS,12.0,13.0,3.0,2.0
26/11/2024 07:59:30,Class A,211299300,54.632018,8.38199,Under way using engine,,0.0,117.2,,Unknown,DCHL,EILUN,Passenger,,5.0,25.0,GPS,1.0,AMRUM,,AIS,12.0,13.0,3.0,2.0
26/11/2024 08:02:50,Class A,211299300,54.632012,8.382007,Under way using engine,,0.0,117.2,,Unknown,DCHL,EILUN,Passenger,,5.0,25.0,GPS,1.0,AMRUM,,AIS,12.0,13.0,3.0,2.0
26/11/2024 08:03:09,Class A,211299300,54.632018,8.382003,Under way using engine,,0.0,117.2,,Unknown,DCHL,EILUN,Passenger,,5.0,25.0,GPS,1.0,AMRUM,,AIS,12.0,13.0,3.0,2.0
26/11/2024 08:03:20,Class A,211299300,54.632023,8.382003,Under way using engine,,0.0,117.2,,Unknown,DCHL,EILUN,Passenger,,5.0,25.0,GPS,1.0,AMRUM,,AIS,12.0,13.0,3.0,2.0
26/11/2024 08:04:09,Class A,211299300,54.632023,8.382022,Under way using engine,,0.0,117.2,,Unknown,DCHL,EILUN,Passenger,,5.0,25.0,GPS,1.0,AMRUM,,AIS,12.0,13.0,3.0,2.0
26/11/2024 08:04:30,Class A,211299300,54.632012,8.382018,Under way using engine,,0.0,117.2,,Unknown,DCHL,EILUN,Passenger,,5.0,25.0,GPS,1.0,AMRUM,,AIS,12.0,13.0,3.0,2.0
26/11/2024 08:04:50,Class A,211299300,54.632017,8.382003,Under way using engine,,0.0,117.2,,Unknown,DCHL,EILUN,Passenger,,5.0,25.0,GPS,1.0,AMRUM,,AIS,12.0,13.0,3.0,2.0
26/11/2024 08:05:09,Class A,211299300,54.63203,8.381997,Under way using engine,,0.0,117.2,,Unknown,DCHL,EILUN,Passenger,,5.0,25.0,GPS,1.0,AMRUM,,AIS,12.0,13.0,3.0,2.0
26/11/2024 08:06:30,Class A,211299300,54.632018,8.382012,Under way using engine,,0.0,117.2,,Unknown,DCHL,EILUN,Passenger,,5.0,25.0,GPS,1.0,AMRUM,,AIS,12.0,13.0,3.0,2.0
26/11/2024 08:07:30,Class A,211299300,54.632007,8.382007,Under way using engine,,0.0,117.2,,Unknown,DCHL,EILUN,Passenger,,5.0,25.0,GPS,1.0,AMRUM,,AIS,12.0,13.0,3.0,2.0
26/11/2024 08:07:34,Class A,211299300,54.632007,8.382007,Under way using engine,,0.0,117.2,,Unknown,DCHL,EILUN,Passenger,,5.0,25.0,GPS,1.0,AMRUM,,AIS,12.0,13.0,3.0,2.0
26/11/2024 08:08:09,Class A,211299300,54.632003,8.38201,Under way using engine,,0.0,117.2,,Unknown,DCHL,EILUN,Passenger,,5.0,25.0,GPS,1.0,AMRUM,,AIS,12.0,13.0,3.0,2.0
26/11/2024 08:10:09,Class A,211299300,54.632018,8.381992,Under way using engine,,0.0,117.2,,Unknown,DCHL,EILUN,Passenger,,5.0,25.0,GPS,1.0,AMRUM,,AIS,12.0,13.0,3.0,2.0
26/11/2024 08:10:30,Class A,211299300,54.632012,8.381978,Under way using engine,,0.0,117.2,,Unknown,DCHL,EILUN,Passenger,,5.0,25.0,GPS,1.0,AMRUM,,AIS,12.0,13.0,3.0,2.0
26/11/2024 08:15:10,Class A,211299300,54.632003,8.381988,Under way using engine,,0.0,117.2,,Unknown,DCHL,EILUN,Passenger,,5.0,25.0,GPS,1.0,AMRUM,,AIS,12.0,13.0,3.0,2.0
26/11/2024 08:17:50,Class A,211299300,54.632,8.381997,Under way using engine,,0.0,117.2,,Unknown,DCHL,EILUN,Passenger,,5.0,25.0,GPS,1.0,AMRUM,,AIS,12.0,13.0,3.0,2.0
26/11/2024 08:18:10,Class A,211299300,54.631977,8.381998,Under way using engine,,0.0,117.2,,Unknown,DCHL,EILUN,Passenger,,5.0,25.0,GPS,1.0,AMRUM,,AIS,12.0,13.0,3.0,2.0
26/11/2024 08:18:50,Class A,211299300,54.632017,8.381998,Under way using engine,,0.0,117.2,,Unknown,DCHL,EILUN,Passenger,,5.0,25.0,GPS,1.0,AMRUM,,AIS,12.0,13.0,3.0,2.0
26/11/2024 08:19:29,Class A,211299300,54.632035,8.382002,Under way using engine,,0.0,117.2,,Unknown,DCHL,EILUN,Passenger,,5.0,25.0,GPS,1.0,AMRUM,,AIS,12.0,13.0,3.0,2.0
26/11/2024 08:19:34,Class A,211299300,54.632035,8.382002,Under way using engine,,0.0,117.2,,Unknown,DCHL,EILUN,Passenger,,5.0,25.0,GPS,1.0,AMRUM,,AIS,12.0,13.0,3.0,2.0
26/11/2024 08:19:50,Class A,211299300,54.63203,8.381973,Under way using engine,,0.0,117.2,,Unknown,DCHL,EILUN,Passenger,,5.0,25.0,GPS,1.0,AMRUM,,AIS,12.0,13.0,3.0,2.0
26/11/2024 08:20:00,Class A,211299300,54.632022,8.381942,Under way using engine,,0.0,117.2,,Unknown,DCHL,EILUN,Passenger,,5.0,25.0,GPS,1.0,AMRUM,,AIS,12.0,13.0,3.0,2.0
26/11/2024 08:20:29,Class A,211299300,54.632007,8.381955,Under way using engine,,0.0,117.2,,Unknown,DCHL,EILUN,Passenger,,5.0,25.0,GPS,1.0,AMRUM,,AIS,12.0,13.0,3.0,2.0
26/11/2024 08:21:50,Class A,211299300,54.632017,8.381992,Under way using engine,,0.0,117.2,,Unknown,DCHL,EILUN,Passenger,,5.0,25.0,GPS,1.0,AMRUM,,AIS,12.0,13.0,3.0,2.0
26/11/2024 08:22:50,Class A,211299300,54.631995,8.382008,Under way using engine,,0.0,117.2,,Unknown,DCHL,EILUN,Passenger,,5.0,25.0,GPS,1.0,AMRUM,,AIS,12.0,13.0,3.0,2.0
26/11/2024 08:23:50,Class A,211299300,54.631975,8.382002,Under way using engine,,0.0,117.2,,Unknown,DCHL,EILUN,Passenger,,5.0,25.0,GPS,1.0,AMRUM,,AIS,12.0,13.0,3.0,2.0
26/11/2024 08:24:09,Class A,211299300,54.631955,8.381948,Under way using engine,,0.0,117.2,,Unknown,DCHL,EILUN,Passenger,,5.0,25.0,GPS,1.0,AMRUM,,AIS,12.0,13.0,3.0,2.0
26/11/2024 08:25:30,Class A,211299300,54.631993,8.382003,Under way using engine,,0.0,117.2,,Unknown,DCHL,EILUN,Passenger,,5.0,25.0,GPS,1.0,AMRUM,,AIS,12.0,13.0,3.0,2.0
26/11/2024 08:26:09,Class A,211299300,54.632027,8.381973,Under way using engine,,0.0,117.2,,Unknown,DCHL,EILUN,Passenger,,5.0,25.0,GPS,1.0,AMRUM,,AIS,12.0,13.0,3.0,2.0
26/11/2024 08:26:30,Class A,211299300,54.632023,8.381983,Under way using engine,,0.0,117.2,,Unknown,DCHL,EILUN,Passenger,,5.0,25.0,GPS,1.0,AMRUM,,AIS,12.0,13.0,3.0,2.0
26/11/2024 08:31:49,Class A,211299300,54.631997,8.381992,Under way using engine,,0.0,117.2,,Unknown,DCHL,EILUN,Passenger,,5.0,25.0,GPS,1.0,AMRUM,,AIS,12.0,13.0,3.0,2.0
26/11/2024 08:32:30,Class A,211299300,54.63197,8.381988,Under way using engine,,0.0,117.2,,Unknown,DCHL,EILUN,Passenger,,5.0,25.0,GPS,1.0,AMRUM,,AIS,12.0,13.0,3.0,2.0
26/11/2024 08:34:10,Class A,211299300,54.632002,8.381998,Under way using engine,,0.0,117.2,,Unknown,DCHL,EILUN,Passenger,,5.0,25.0,GPS,1.0,AMRUM,,AIS,12.0,13.0,3.0,2.0
26/11/2024 08:35:10,Class A,211299300,54.632,8.381985,Under way using engine,,0.0,117.2,,Unknown,DCHL,EILUN,Passenger,,5.0,25.0,GPS,1.0,AMRUM,,AIS,12.0,13.0,3.0,2.0
26/11/2024 08:35:30,Class A,211299300,54.632007,8.381948,Under way using engine,,0.0,117.2,,Unknown,DCHL,EILUN,Passenger,,5.0,25.0,GPS,1.0,AMRUM,,AIS,12.0,13.0,3.0,2.0
26/11/2024 08:36:10,Class A,211299300,54.632,8.381968,Under way using engine,,0.0,117.2,,Unknown,DCHL,EILUN,Passenger,,5.0,25.0,GPS,1.0,AMRUM,,AIS,12.0,13.0,3.0,2.0
26/11/2024 08:36:30,Class A,211299300,54.631995,8.381995,Under way using engine,,0.0,117.2,,Unknown,DCHL,EILUN,Passenger,,5.0,25.0,GPS,1.0,AMRUM,,AIS,12.0,13.0,3.0,2.0
26/11/2024 08:39:50,Class A,211299300,54.631978,8.382018,Under way using engine,,0.0,117.2,,Unknown,DCHL,EILUN,Passenger,,5.0,25.0,GPS,1.0,AMRUM,,AIS,12.0,13.0,3.0,2.0
26/11/2024 08:40:09,Class A,211299300,54.631987,8.382005,Under way using engine,,0.0,117.2,,Unknown,DCHL,EILUN,Passenger,,5.0,25.0,GPS,1.0,AMRUM,,AIS,12.0,13.0,3.0,2.0
26/11/2024 08:43:10,Class A,211299300,54.63201,8.381992,Under way using engine,,0.0,117.2,,Unknown,DCHL,EILUN,Passenger,,5.0,25.0,GPS,1.0,AMRUM,,AIS,12.0,13.0,3.0,2.0
26/11/2024 08:44:29,Class A,211299300,54.632012,8.38199,Under way using engine,,0.0,117.2,,Unknown,DCHL,EILUN,Passenger,,5.0,25.0,GPS,1.0,AMRUM,,AIS,12.0,13.0,3.0,2.0
26/11/2024 08:44:50,Class A,211299300,54.63203,8.381985,Under way using engine,,0.0,117.2,,Unknown,DCHL,EILUN,Passenger,,5.0,25.0,GPS,1.0,AMRUM,,AIS,12.0,13.0,3.0,2.0
26/11/2024 08:45:10,Class A,211299300,54.631997,8.381967,Under way using engine,,0.0,117.2,,Unknown,DCHL,EILUN,Passenger,,5.0,25.0,GPS,1.0,AMRUM,,AIS,12.0,13.0,3.0,2.0
26/11/2024 08:45:50,Class A,211299300,54.631987,8.381967,Under way using engine,,0.0,117.2,,Unknown,DCHL,EILUN,Passenger,,5.0,25.0,GPS,1.0,AMRUM,,AIS,12.0,13.0,3.0,2.0
26/11/2024 08:46:29,Class A,211299300,54.632003,8.381985,Under way using engine,,0.0,117.2,,Unknown,DCHL,EILUN,Passenger,,5.0,25.0,GPS,1.0,AMRUM,,AIS,12.0,13.0,3.0,2.0
26/11/2024 08:46:50,Class A,211299300,54.631998,8.381995,Under way using engine,,0.0,117.2,,Unknown,DCHL,EILUN,Passenger,,5.0,25.0,GPS,1.0,AMRUM,,AIS,12.0,13.0,3.0,2.0
26/11/2024 08:47:10,Class A,211299300,54.632,8.381993,Under way using engine,,0.0,117.2,,Unknown,DCHL,EILUN,Passenger,,5.0,25.0,GPS,1.0,AMRUM,,AIS,12.0,13.0,3.0,2.0
26/11/2024 08:47:29,Class A,211299300,54.632,8.382005,Under way using engine,,0.0,117.2,,Unknown,DCHL,EILUN,Passenger,,5.0,25.0,GPS,1.0,AMRUM,,AIS,12.0,13.0,3.0,2.0
26/11/2024 08:49:10,Class A,211299300,54.63201,8.382025,Under way using engine,,0.0,117.2,,Unknown,DCHL,EILUN,Passenger,,5.0,25.0,GPS,1.0,AMRUM,,AIS,12.0,13.0,3.0,2.0
26/11/2024 08:50:50,Class A,211299300,54.631985,8.381973,Under way using engine,,0.0,117.2,,Unknown,DCHL,EILUN,Passenger,,5.0,25.0,GPS,1.0,AMRUM,,AIS,12.0,13.0,3.0,2.0
26/11/2024 08:51:50,Class A,211299300,54.631988,8.38199,Under way using engine,,0.0,117.2,,Unknown,DCHL,EILUN,Passenger,,5.0,25.0,GPS,1.0,AMRUM,,AIS,12.0,13.0,3.0,2.0
26/11/2024 08:52:10,Class A,211299300,54.632,8.38202,Under way using engine,,0.0,117.2,,Unknown,DCHL,EILUN,Passenger,,5.0,25.0,GPS,1.0,AMRUM,,AIS,12.0,13.0,3.0,2.0
26/11/2024 08:53:50,Class A,211299300,54.631975,8.382018,Under way using engine,,0.0,117.2,,Unknown,DCHL,EILUN,Passenger,,5.0,25.0,GPS,1.0,AMRUM,,AIS,12.0,13.0,3.0,2.0
26/11/2024 08:55:30,Class A,211299300,54.632033,8.38202,Under way using engine,,0.0,117.2,,Unknown,DCHL,EILUN,Passenger,,5.0,25.0,GPS,1.0,AMRUM,,AIS,12.0,13.0,3.0,2.0
26/11/2024 08:56:30,Class A,211299300,54.632022,8.382032,Under way using engine,,0.0,117.2,,Unknown,DCHL,EILUN,Passenger,,5.0,25.0,GPS,1.0,AMRUM,,AIS,12.0,13.0,3.0,2.0
26/11/2024 08:56:49,Class A,211299300,54.632028,8.382038,Under way using engine,,0.0,117.2,,Unknown,DCHL,EILUN,Passenger,,5.0,25.0,GPS,1.0,AMRUM,,AIS,12.0,13.0,3.0,2.0
26/11/2024 08:57:49,Class A,211299300,54.632037,8.382063,Under way using engine,,0.0,117.2,,Unknown,DCHL,EILUN,Passenger,,5.0,25.0,GPS,1.0,AMRUM,,AIS,12.0,13.0,3.0,2.0
26/11/2024 09:00:10,Class A,211299300,54.631972,8.38202,Under way using engine,,0.0,117.2,,Unknown,DCHL,EILUN,Passenger,,5.0,25.0,GPS,1.0,AMRUM,,AIS,12.0,13.0,3.0,2.0
26/11/2024 09:01:50,Class A,211299300,54.632038,8.382017,Under way using engine,,0.0,117.2,,Unknown,DCHL,EILUN,Passenger,,5.0,25.0,GPS,1.0,AMRUM,,AIS,12.0,13.0,3.0,2.0
26/11/2024 09:03:29,Class A,211299300,54.632018,8.381995,Under way using engine,,0.0,117.2,,Unknown,DCHL,EILUN,Passenger,,5.0,25.0,GPS,1.0,AMRUM,,AIS,12.0,13.0,3.0,2.0
26/11/2024 09:04:09,Class A,211299300,54.632035,8.381978,Under way using engine,,0.0,117.2,,Unknown,DCHL,EILUN,Passenger,,5.0,25.0,GPS,1.0,AMRUM,,AIS,12.0,13.0,3.0,2.0
26/11/2024 09:04:29,Class A,211299300,54.63203,8.381997,Under way using engine,,0.0,117.2,,Unknown,DCHL,EILUN,Passenger,,5.0,25.0,GPS,1.0,AMRUM,,AIS,12.0,13.0,3.0,2.0
26/11/2024 09:04:50,Class A,211299300,54.632027,8.382012,Under way using engine,,0.0,117.2,,Unknown,DCHL,EILUN,Passenger,,5.0,25.0,GPS,1.0,AMRUM,,AIS,12.0,13.0,3.0,2.0
26/11/2024 09:05:09,Class A,211299300,54.632013,8.382015,Under way using engine,,0.0,117.2,,Unknown,DCHL,EILUN,Passenger,,5.0,25.0,GPS,1.0,AMRUM,,AIS,12.0,13.0,3.0,2.0
26/11/2024 09:05:50,Class A,211299300,54.631983,8.381995,Under way using engine,,0.0,117.2,,Unknown,DCHL,EILUN,Passenger,,5.0,25.0,GPS,1.0,AMRUM,,AIS,12.0,13.0,3.0,2.0
26/11/2024 09:06:50,Class A,211299300,54.632052,8.381978,Under way using engine,,0.0,117.2,,Unknown,DCHL,EILUN,Passenger,,5.0,25.0,GPS,1.0,AMRUM,,AIS,12.0,13.0,3.0,2.0
26/11/2024 09:07:50,Class A,211299300,54.63203,8.38195,Under way using engine,,0.0,117.2,,Unknown,DCHL,EILUN,Passenger,,5.0,25.0,GPS,1.0,AMRUM,,AIS,12.0,13.0,3.0,2.0
26/11/2024 09:08:19,Class A,211299300,54.632035,8.382003,Under way using engine,,0.0,117.2,,Unknown,DCHL,EILUN,Passenger,,5.0,25.0,GPS,1.0,AMRUM,,AIS,12.0,13.0,3.0,2.0
26/11/2024 09:08:29,Class A,211299300,54.632033,8.382008,Under way using engine,,0.0,117.2,,Unknown,DCHL,EILUN,Passenger,,5.0,25.0,GPS,1.0,AMRUM,,AIS,12.0,13.0,3.0,2.0
26/11/2024 09:08:50,Class A,211299300,54.632027,8.38202,Under way using engine,,0.0,117.2,,Unknown,DCHL,EILUN,Passenger,,5.0,25.0,GPS,1.0,AMRUM,,AIS,12.0,13.0,3.0,2.0
26/11/2024 09:09:00,Class A,211299300,54.632028,8.382022,Under way using engine,,0.0,117.2,,Unknown,DCHL,EILUN,Passenger,,5.0,25.0,GPS,1.0,AMRUM,,AIS,12.0,13.0,3.0,2.0
26/11/2024 09:10:09,Class A,211299300,54.632018,8.381992,Under way using engine,,0.0,117.2,,Unknown,DCHL,EILUN,Passenger,,5.0,25.0,GPS,1.0,AMRUM,,AIS,12.0,13.0,3.0,2.0
26/11/2024 09:10:59,Class A,211299300,54.631965,8.381973,Under way using engine,,0.0,117.2,,Unknown,DCHL,EILUN,Passenger,,5.0,25.0,GPS,1.0,AMRUM,,AIS,12.0,13.0,3.0,2.0
26/11/2024 09:13:09,Class A,211299300,54.632022,8.381975,Under way using engine,,0.0,117.2,,Unknown,DCHL,EILUN,Passenger,,5.0,25.0,GPS,1.0,AMRUM,,AIS,12.0,13.0,3.0,2.0
26/11/2024 09:14:49,Class A,211299300,54.632003,8.382045,Under way using engine,,0.0,117.2,,Unknown,DCHL,EILUN,Passenger,,5.0,25.0,GPS,1.0,AMRUM,,AIS,12.0,13.0,3.0,2.0
26/11/2024 09:15:10,Class A,211299300,54.632023,8.382028,Under way using engine,,0.0,117.2,,Unknown,DCHL,EILUN,Passenger,,5.0,25.0,GPS,1.0,AMRUM,,AIS,12.0,13.0,3.0,2.0
26/11/2024 09:15:29,Class A,211299300,54.632007,8.382052,Under way using engine,,0.0,117.2,,Unknown,DCHL,EILUN,Passenger,,5.0,25.0,GPS,1.0,AMRUM,,AIS,12.0,13.0,3.0,2.0
26/11/2024 09:16:29,Class A,211299300,54.631977,8.382088,Under way using engine,,0.0,117.2,,Unknown,DCHL,EILUN,Passenger,,5.0,25.0,GPS,1.0,AMRUM,,AIS,12.0,13.0,3.0,2.0
26/11/2024 09:17:10,Class A,211299300,54.632005,8.382018,Under way using engine,,0.0,117.2,,Unknown,DCHL,EILUN,Passenger,,5.0,25.0,GPS,1.0,AMRUM,,AIS,12.0,13.0,3.0,2.0
26/11/2024 09:17:29,Class A,211299300,54.632022,8.381977,Under way using engine,,0.0,117.2,,Unknown,DCHL,EILUN,Passenger,,5.0,25.0,GPS,1.0,AMRUM,,AIS,12.0,13.0,3.0,2.0
26/11/2024 09:17:49,Class A,211299300,54.63202,8.381918,Under way using engine,,0.0,117.2,,Unknown,DCHL,EILUN,Passenger,,5.0,25.0,GPS,1.0,AMRUM,,AIS,12.0,13.0,3.0,2.0
26/11/2024 09:18:10,Class A,211299300,54.632015,8.381933,Under way using engine,,0.0,117.2,,Unknown,DCHL,EILUN,Passenger,,5.0,25.0,GPS,1.0,AMRUM,,AIS,12.0,13.0,3.0,2.0
26/11/2024 09:18:29,Class A,211299300,54.632022,8.381972,Under way using engine,,0.0,117.2,,Unknown,DCHL,EILUN,Passenger,,5.0,25.0,GPS,1.0,AMRUM,,AIS,12.0,13.0,3.0,2.0
26/11/2024 09:19:10,Class A,211299300,54.632005,8.381992,Under way using engine,,0.0,117.2,,Unknown,DCHL,EILUN,Passenger,,5.0,25.0,GPS,1.0,AMRUM,,AIS,12.0,13.0,3.0,2.0
26/11/2024 09:24:09,Class A,211299300,54.631972,8.382068,Under way using engine,,0.0,117.2,,Unknown,DCHL,EILUN,Passenger,,5.0,25.0,GPS,1.0,AMRUM,,AIS,12.0,13.0,3.0,2.0
26/11/2024 09:25:50,Class A,211299300,54.631997,8.382037,Under way using engine,,0.0,117.2,,Unknown,DCHL,EILUN,Passenger,,5.0,25.0,GPS,1.0,AMRUM,,AIS,12.0,13.0,3.0,2.0
26/11/2024 09:26:50,Class A,211299300,54.631963,8.382068,Under way using engine,,0.0,117.2,,Unknown,DCHL,EILUN,Passenger,,5.0,25.0,GPS,1.0,AMRUM,,AIS,12.0,13.0,3.0,2.0
26/11/2024 09:27:50,Class A,211299300,54.631993,8.382025,Under way using engine,,0.0,117.2,,Unknown,DCHL,EILUN,Passenger,,5.0,25.0,GPS,1.0,AMRUM,,AIS,12.0,13.0,3.0,2.0
26/11/2024 09:28:50,Class A,211299300,54.632007,8.382005,Under way using engine,,0.0,117.2,,Unknown,DCHL,EILUN,Passenger,,5.0,25.0,GPS,1.0,AMRUM,,AIS,12.0,13.0,3.0,2.0
26/11/2024 09:29:30,Class A,211299300,54.631997,8.382057,Under way using engine,,0.0,117.2,,Unknown,DCHL,EILUN,Passenger,,5.0,25.0,GPS,1.0,AMRUM,,AIS,12.0,13.0,3.0,2.0
26/11/2024 09:30:30,Class A,211299300,54.632015,8.382057,Under way using engine,,0.0,117.2,,Unknown,DCHL,EILUN,Passenger,,5.0,25.0,GPS,1.0,AMRUM,,AIS,12.0,13.0,3.0,2.0
26/11/2024 09:32:10,Class A,211299300,54.632027,8.382045,Under way using engine,,0.0,117.2,,Unknown,DCHL,EILUN,Passenger,,5.0,25.0,GPS,1.0,AMRUM,,AIS,12.0,13.0,3.0,2.0
26/11/2024 09:33:10,Class A,211299300,54.632025,8.382027,Under way using engine,,0.0,117.2,,Unknown,DCHL,EILUN,Passenger,,5.0,25.0,GPS,1.0,AMRUM,,AIS,12.0,13.0,3.0,2.0
26/11/2024 09:33:30,Class A,211299300,54.63203,8.38202,Under way using engine,,0.0,117.2,,Unknown,DCHL,EILUN,Passenger,,5.0,25.0,GPS,1.0,AMRUM,,AIS,12.0,13.0,3.0,2.0
26/11/2024 09:33:49,Class A,211299300,54.63203,8.382017,Under way using engine,,0.0,117.2,,Unknown,DCHL,EILUN,Passenger,,5.0,25.0,GPS,1.0,AMRUM,,AIS,12.0,13.0,3.0,2.0
26/11/2024 09:36:10,Class A,211299300,54.632023,8.381997,Under way using engine,,0.0,117.2,,Unknown,DCHL,EILUN,Passenger,,5.0,25.0,GPS,1.0,AMRUM,,AIS,12.0,13.0,3.0,2.0
26/11/2024 09:39:29,Class A,211299300,54.63201,8.381992,Under way using engine,,0.0,117.2,,Unknown,DCHL,EILUN,Passenger,,5.0,25.0,GPS,1.0,AMRUM,,AIS,12.0,13.0,3.0,2.0
26/11/2024 09:40:29,Class A,211299300,54.632018,8.382005,Under way using engine,,0.0,117.2,,Unknown,DCHL,EILUN,Passenger,,5.0,25.0,GPS,1.0,AMRUM,,AIS,12.0,13.0,3.0,2.0
26/11/2024 09:45:30,Class A,211299300,54.632007,8.381962,Under way using engine,,0.0,117.2,,Unknown,DCHL,EILUN,Passenger,,5.0,25.0,GPS,1.0,AMRUM,,AIS,12.0,13.0,3.0,2.0
26/11/2024 09:48:50,Class A,211299300,54.631988,8.381977,Under way using engine,,0.0,117.2,,Unknown,DCHL,EILUN,Passenger,,5.0,25.0,GPS,1.0,AMRUM,,AIS,12.0,13.0,3.0,2.0
26/11/2024 09:52:50,Class A,211299300,54.632,8.381955,Under way using engine,,0.0,117.2,,Unknown,DCHL,EILUN,Passenger,,5.0,25.0,GPS,1.0,AMRUM,,AIS,12.0,13.0,3.0,2.0
26/11/2024 09:54:49,Class A,211299300,54.63199,8.381962,Under way using engine,,0.0,117.2,,Unknown,DCHL,EILUN,Passenger,,5.0,25.0,GPS,1.0,AMRUM,,AIS,12.0,13.0,3.0,2.0
26/11/2024 09:56:09,Class A,211299300,54.631973,8.38202,Under way using engine,,0.0,117.2,,Unknown,DCHL,EILUN,Passenger,,5.0,25.0,GPS,1.0,AMRUM,,AIS,12.0,13.0,3.0,2.0
26/11/2024 10:03:10,Class A,211299300,54.631998,8.381955,Under way using engine,,0.0,117.2,,Unknown,DCHL,EILUN,Passenger,,5.0,25.0,GPS,1.0,AMRUM,,AIS,12.0,13.0,3.0,2.0
26/11/2024 10:04:30,Class A,211299300,54.631993,8.38198,Under way using engine,,0.0,117.2,,Unknown,DCHL,EILUN,Passenger,,5.0,25.0,GPS,1.0,AMRUM,,AIS,12.0,13.0,3.0,2.0
26/11/2024 10:05:30,Class A,211299300,54.631988,8.381992,Under way using engine,,0.0,117.2,,Unknown,DCHL,EILUN,Passenger,,5.0,25.0,GPS,1.0,AMRUM,,AIS,12.0,13.0,3.0,2.0
26/11/2024 10:09:49,Class A,211299300,54.631988,8.381985,Under way using engine,,0.0,117.2,,Unknown,DCHL,EILUN,Passenger,,5.0,25.0,GPS,1.0,AMRUM,,AIS,12.0,13.0,3.0,2.0
26/11/2024 10:14:09,Class A,211299300,54.631988,8.382015,Under way using engine,,0.0,117.2,,Unknown,DCHL,EILUN,Passenger,,5.0,25.0,GPS,1.0,AMRUM,,AIS,12.0,13.0,3.0,2.0
26/11/2024 10:15:09,Class A,211299300,54.632,8.382003,Under way using engine,,0.0,117.2,,Unknown,DCHL,EILUN,Passenger,,5.0,25.0,GPS,1.0,AMRUM,,AIS,12.0,13.0,3.0,2.0
26/11/2024 10:26:30,Class A,211299300,54.632008,8.381993,Under way using engine,,0.0,117.2,,Unknown,DCHL,EILUN,Passenger,,5.0,25.0,GPS,1.0,AMRUM,,AIS,12.0,13.0,3.0,2.0
26/11/2024 10:28:30,Class A,211299300,54.632005,8.381967,Under way using engine,,0.0,117.2,,Unknown,DCHL,EILUN,Passenger,,5.0,25.0,GPS,1.0,AMRUM,,AIS,12.0,13.0,3.0,2.0
26/11/2024 10:30:51,Class A,211299300,54.631993,8.381978,Under way using engine,,0.0,117.2,,Unknown,DCHL,EILUN,Passenger,,5.0,25.0,GPS,1.0,AMRUM,,AIS,12.0,13.0,3.0,2.0
26/11/2024 10:32:51,Class A,211299300,54.632018,8.381973,Under way using engine,,0.0,117.2,,Unknown,DCHL,EILUN,Passenger,,5.0,25.0,GPS,1.0,AMRUM,,AIS,12.0,13.0,3.0,2.0
26/11/2024 10:33:29,Class A,211299300,54.632023,8.38197,Under way using engine,,0.0,117.2,,Unknown,DCHL,EILUN,Passenger,,5.0,25.0,GPS,1.0,AMRUM,,AIS,12.0,13.0,3.0,2.0
26/11/2024 10:33:51,Class A,211299300,54.632023,8.381985,Under way using engine,,0.0,117.2,,Unknown,DCHL,EILUN,Passenger,,5.0,25.0,GPS,1.0,AMRUM,,AIS,12.0,13.0,3.0,2.0
26/11/2024 10:35:09,Class A,211299300,54.632012,8.38201,Under way using engine,,0.0,117.2,,Unknown,DCHL,EILUN,Passenger,,5.0,25.0,GPS,1.0,AMRUM,,AIS,12.0,13.0,3.0,2.0
26/11/2024 10:35:29,Class A,211299300,54.632022,8.381992,Under way using engine,,0.0,117.2,,Unknown,DCHL,EILUN,Passenger,,5.0,25.0,GPS,1.0,AMRUM,,AIS,12.0,13.0,3.0,2.0
26/11/2024 10:36:09,Class A,211299300,54.632022,8.381988,Under way using engine,,0.0,117.2,,Unknown,DCHL,EILUN,Passenger,,5.0,25.0,GPS,1.0,AMRUM,,AIS,12.0,13.0,3.0,2.0
26/11/2024 10:36:29,Class A,211299300,54.632015,8.381995,Under way using engine,,0.0,117.2,,Unknown,DCHL,EILUN,Passenger,,5.0,25.0,GPS,1.0,AMRUM,,AIS,12.0,13.0,3.0,2.0
26/11/2024 10:37:09,Class A,211299300,54.63202,8.381985,Under way using engine,,0.0,117.2,,Unknown,DCHL,EILUN,Passenger,,5.0,25.0,GPS,1.0,AMRUM,,AIS,12.0,13.0,3.0,2.0
26/11/2024 10:40:29,Class A,211299300,54.632042,8.382022,Under way using engine,,0.0,117.2,,Unknown,DCHL,EILUN,Passenger,,5.0,25.0,GPS,1.0,AMRUM,,AIS,12.0,13.0,3.0,2.0
26/11/2024 10:41:29,Class A,211299300,54.632018,8.38203,Under way using engine,,0.0,117.2,,Unknown,DCHL,EILUN,Passenger,,5.0,25.0,GPS,1.0,AMRUM,,AIS,12.0,13.0,3.0,2.0
26/11/2024 10:42:09,Class A,211299300,54.632022,8.382038,Under way using engine,,0.0,117.2,,Unknown,DCHL,EILUN,Passenger,,5.0,25.0,GPS,1.0,AMRUM,,AIS,12.0,13.0,3.0,2.0
26/11/2024 10:43:09,Class A,211299300,54.632022,8.382033,Under way using engine,,0.0,117.2,,Unknown,DCHL,EILUN,Passenger,,5.0,25.0,GPS,1.0,AMRUM,,AIS,12.0,13.0,3.0,2.0
26/11/2024 10:43:30,Class A,211299300,54.632012,8.382045,Under way using engine,,0.0,117.2,,Unknown,DCHL,EILUN,Passenger,,5.0,25.0,GPS,1.0,AMRUM,,AIS,12.0,13.0,3.0,2.0
26/11/2024 10:44:20,Class A,211299300,54.632012,8.382033,Under way using engine,,0.0,117.2,,Unknown,DCHL,EILUN,Passenger,,5.0,25.0,GPS,1.0,AMRUM,,AIS,12.0,13.0,3.0,2.0
26/11/2024 10:44:30,Class A,211299300,54.632007,8.38202,Under way using engine,,0.0,117.2,,Unknown,DCHL,EILUN,Passenger,,5.0,25.0,GPS,1.0,AMRUM,,AIS,12.0,13.0,3.0,2.0
26/11/2024 10:45:49,Class A,211299300,54.632025,8.382,Under way using engine,,0.0,117.2,,Unknown,DCHL,EILUN,Passenger,,5.0,25.0,GPS,1.0,AMRUM,,AIS,12.0,13.0,3.0,2.0
26/11/2024 10:46:09,Class A,211299300,54.632008,8.382003,Under way using engine,,0.0,117.2,,Unknown,DCHL,EILUN,Passenger,,5.0,25.0,GPS,1.0,AMRUM,,AIS,12.0,13.0,3.0,2.0
26/11/2024 10:46:30,Class A,211299300,54.631997,8.38201,Under way using engine,,0.0,117.2,,Unknown,DCHL,EILUN,Passenger,,5.0,25.0,GPS,1.0,AMRUM,,AIS,12.0,13.0,3.0,2.0
26/11/2024 10:46:40,Class A,211299300,54.632007,8.382008,Under way using engine,,0.0,117.2,,Unknown,DCHL,EILUN,Passenger,,5.0,25.0,GPS,1.0,AMRUM,,AIS,12.0,13.0,3.0,2.0
26/11/2024 10:46:49,Class A,211299300,54.632012,8.382013,Under way using engine,,0.0,117.2,,Unknown,DCHL,EILUN,Passenger,,5.0,25.0,GPS,1.0,AMRUM,,AIS,12.0,13.0,3.0,2.0
26/11/2024 10:47:30,Class A,211299300,54.632027,8.382017,Under way using engine,,0.0,117.2,,Unknown,DCHL,EILUN,Passenger,,5.0,25.0,GPS,1.0,AMRUM,,AIS,12.0,13.0,3.0,2.0
26/11/2024 10:47:49,Class A,211299300,54.63203,8.382018,Under way using engine,,0.0,117.2,,Unknown,DCHL,EILUN,Passenger,,5.0,25.0,GPS,1.0,AMRUM,,AIS,12.0,13.0,3.0,2.0
26/11/2024 10:48:19,Class A,211299300,54.632023,8.382028,Under way using engine,,0.0,117.2,,Unknown,DCHL,EILUN,Passenger,,5.0,25.0,GPS,1.0,AMRUM,,AIS,12.0,13.0,3.0,2.0
26/11/2024 10:48:29,Class A,211299300,54.632023,8.382028,Under way using engine,,0.0,117.2,,Unknown,DCHL,EILUN,Passenger,,5.0,25.0,GPS,1.0,AMRUM,,AIS,12.0,13.0,3.0,2.0
26/11/2024 10:49:19,Class A,211299300,54.632018,8.382023,Under way using engine,,0.0,117.2,,Unknown,DCHL,EILUN,Passenger,,5.0,25.0,GPS,1.0,AMRUM,,AIS,12.0,13.0,3.0,2.0
26/11/2024 10:49:29,Class A,211299300,54.632012,8.382027,Under way using engine,,0.0,117.2,,Unknown,DCHL,EILUN,Passenger,,5.0,25.0,GPS,1.0,AMRUM,,AIS,12.0,13.0,3.0,2.0
26/11/2024 10:51:10,Class A,211299300,54.63201,8.38202,Under way using engine,,0.0,117.2,,Unknown,DCHL,EILUN,Passenger,,5.0,25.0,GPS,1.0,AMRUM,,AIS,12.0,13.0,3.0,2.0
26/11/2024 10:51:20,Class A,211299300,54.632018,8.382012,Under way using engine,,0.0,117.2,,Unknown,DCHL,EILUN,Passenger,,5.0,25.0,GPS,1.0,AMRUM,,AIS,12.0,13.0,3.0,2.0
26/11/2024 10:51:29,Class A,211299300,54.632023,8.382007,Under way using engine,,0.0,117.2,,Unknown,DCHL,EILUN,Passenger,,5.0,25.0,GPS,1.0,AMRUM,,AIS,12.0,13.0,3.0,2.0
26/11/2024 10:52:10,Class A,211299300,54.632012,8.382007,Under way using engine,,0.0,117.2,,Unknown,DCHL,EILUN,Passenger,,5.0,25.0,GPS,1.0,AMRUM,,AIS,12.0,13.0,3.0,2.0
26/11/2024 10:52:29,Class A,211299300,54.632007,8.381993,Under way using engine,,0.0,117.2,,Unknown,DCHL,EILUN,Passenger,,5.0,25.0,GPS,1.0,AMRUM,,AIS,12.0,13.0,3.0,2.0
26/11/2024 10:53:29,Class A,211299300,54.632065,8.381973,Under way using engine,,0.0,117.2,,Unknown,DCHL,EILUN,Passenger,,5.0,25.0,GPS,1.0,AMRUM,,AIS,12.0,13.0,3.0,2.0
26/11/2024 10:53:59,Class A,211299300,54.632035,8.381993,Under way using engine,,0.0,117.2,,Unknown,DCHL,EILUN,Passenger,,5.0,25.0,GPS,1.0,AMRUM,,AIS,12.0,13.0,3.0,2.0
26/11/2024 10:54:10,Class A,211299300,54.632,8.382008,Under way using engine,,0.0,117.2,,Unknown,DCHL,EILUN,Passenger,,5.0,25.0,GPS,1.0,AMRUM,,AIS,12.0,13.0,3.0,2.0
26/11/2024 10:54:49,Class A,211299300,54.631995,8.382012,Under way using engine,,0.0,117.2,,Unknown,DCHL,EILUN,Passenger,,5.0,25.0,GPS,1.0,AMRUM,,AIS,12.0,13.0,3.0,2.0
26/11/2024 10:55:49,Class A,211299300,54.63203,8.38203,Under way using engine,,0.0,117.2,,Unknown,DCHL,EILUN,Passenger,,5.0,25.0,GPS,1.0,AMRUM,,AIS,12.0,13.0,3.0,2.0
26/11/2024 10:58:10,Class A,211299300,54.631965,8.382038,Under way using engine,,0.0,117.2,,Unknown,DCHL,EILUN,Passenger,,5.0,25.0,GPS,1.0,AMRUM,,AIS,12.0,13.0,3.0,2.0
26/11/2024 10:59:30,Class A,211299300,54.631992,8.382007,Under way using engine,,0.0,117.2,,Unknown,DCHL,EILUN,Passenger,,5.0,25.0,GPS,1.0,AMRUM,,AIS,12.0,13.0,3.0,2.0
26/11/2024 11:00:30,Class A,211299300,54.632,8.382005,Under way using engine,,0.0,117.2,,Unknown,DCHL,EILUN,Passenger,,5.0,25.0,GPS,1.0,AMRUM,,AIS,12.0,13.0,3.0,2.0
26/11/2024 11:01:30,Class A,211299300,54.632005,8.382015,Under way using engine,,0.0,117.2,,Unknown,DCHL,EILUN,Passenger,,5.0,25.0,GPS,1.0,AMRUM,,AIS,12.0,13.0,3.0,2.0
26/11/2024 11:01:49,Class A,211299300,54.632,8.382007,Under way using engine,,0.0,117.2,,Unknown,DCHL,EILUN,Passenger,,5.0,25.0,GPS,1.0,AMRUM,,AIS,12.0,13.0,3.0,2.0
26/11/2024 11:02:09,Class A,211299300,54.632017,8.382015,Under way using engine,,0.0,117.2,,Unknown,DCHL,EILUN,Passenger,,5.0,25.0,GPS,1.0,AMRUM,,AIS,12.0,13.0,3.0,2.0
26/11/2024 11:02:30,Class A,211299300,54.63203,8.382013,Under way using engine,,0.0,117.2,,Unknown,DCHL,EILUN,Passenger,,5.0,25.0,GPS,1.0,AMRUM,,AIS,12.0,13.0,3.0,2.0
26/11/2024 11:02:50,Class A,211299300,54.632012,8.382015,Under way using engine,,0.0,117.2,,Unknown,DCHL,EILUN,Passenger,,5.0,25.0,GPS,1.0,AMRUM,,AIS,12.0,13.0,3.0,2.0
26/11/2024 11:03:00,Class A,211299300,54.632012,8.382013,Under way using engine,,0.0,117.2,,Unknown,DCHL,EILUN,Passenger,,5.0,25.0,GPS,1.0,AMRUM,,AIS,12.0,13.0,3.0,2.0
26/11/2024 11:03:09,Class A,211299300,54.632012,8.382008,Under way using engine,,0.0,117.2,,Unknown,DCHL,EILUN,Passenger,,5.0,25.0,GPS,1.0,AMRUM,,AIS,12.0,13.0,3.0,2.0
26/11/2024 11:03:29,Class A,211299300,54.632018,8.382015,Under way using engine,,0.0,117.2,,Unknown,DCHL,EILUN,Passenger,,5.0,25.0,GPS,1.0,AMRUM,,AIS,12.0,13.0,3.0,2.0
26/11/2024 11:03:50,Class A,211299300,54.632005,8.382012,Under way using engine,,0.0,117.2,,Unknown,DCHL,EILUN,Passenger,,5.0,25.0,GPS,1.0,AMRUM,,AIS,12.0,13.0,3.0,2.0
26/11/2024 11:04:00,Class A,211299300,54.632007,8.382015,Under way using engine,,0.0,117.2,,Unknown,DCHL,EILUN,Passenger,,5.0,25.0,GPS,1.0,AMRUM,,AIS,12.0,13.0,3.0,2.0
26/11/2024 11:04:09,Class A,211299300,54.632,8.382015,Under way using engine,,0.0,117.2,,Unknown,DCHL,EILUN,Passenger,,5.0,25.0,GPS,1.0,AMRUM,,AIS,12.0,13.0,3.0,2.0
26/11/2024 11:04:29,Class A,211299300,54.631988,8.382017,Under way using engine,,0.0,117.2,,Unknown,DCHL,EILUN,Passenger,,5.0,25.0,GPS,1.0,AMRUM,,AIS,12.0,13.0,3.0,2.0
26/11/2024 11:05:09,Class A,211299300,54.631965,8.382,Under way using engine,,0.0,117.2,,Unknown,DCHL,EILUN,Passenger,,5.0,25.0,GPS,1.0,AMRUM,,AIS,12.0,13.0,3.0,2.0
26/11/2024 11:05:29,Class A,211299300,54.63198,8.382002,Under way using engine,,0.0,117.2,,Unknown,DCHL,EILUN,Passenger,,5.0,25.0,GPS,1.0,AMRUM,,AIS,12.0,13.0,3.0,2.0
26/11/2024 11:06:29,Class A,211299300,54.632008,8.38202,Under way using engine,,0.0,117.2,,Unknown,DCHL,EILUN,Passenger,,5.0,25.0,GPS,1.0,AMRUM,,AIS,12.0,13.0,3.0,2.0
26/11/2024 11:07:20,Class A,211299300,54.631997,8.382008,Under way using engine,,0.0,117.2,,Unknown,DCHL,EILUN,Passenger,,5.0,25.0,GPS,1.0,AMRUM,,AIS,12.0,13.0,3.0,2.0
26/11/2024 11:07:29,Class A,211299300,54.631997,8.382008,Under way using engine,,0.0,117.2,,Unknown,DCHL,EILUN,Passenger,,5.0,25.0,GPS,1.0,AMRUM,,AIS,12.0,13.0,3.0,2.0
26/11/2024 11:07:50,Class A,211299300,54.632,8.382003,Under way using engine,,0.0,117.2,,Unknown,DCHL,EILUN,Passenger,,5.0,25.0,GPS,1.0,AMRUM,,AIS,12.0,13.0,3.0,2.0
26/11/2024 11:08:29,Class A,211299300,54.632,8.382,Under way using engine,,0.0,117.2,,Unknown,DCHL,EILUN,Passenger,,5.0,25.0,GPS,1.0,AMRUM,,AIS,12.0,13.0,3.0,2.0
26/11/2024 11:08:49,Class A,211299300,54.632,8.382003,Under way using engine,,0.0,117.2,,Unknown,DCHL,EILUN,Passenger,,5.0,25.0,GPS,1.0,AMRUM,,AIS,12.0,13.0,3.0,2.0
26/11/2024 11:09:09,Class A,211299300,54.631988,8.381997,Under way using engine,,0.0,117.2,,Unknown,DCHL,EILUN,Passenger,,5.0,25.0,GPS,1.0,AMRUM,,AIS,12.0,13.0,3.0,2.0
26/11/2024 11:09:19,Class A,211299300,54.631987,8.381997,Under way using engine,,0.0,117.2,,Unknown,DCHL,EILUN,Passenger,,5.0,25.0,GPS,1.0,AMRUM,,AIS,12.0,13.0,3.0,2.0
26/11/2024 11:09:29,Class A,211299300,54.631993,8.382003,Under way using engine,,0.0,117.2,,Unknown,DCHL,EILUN,Passenger,,5.0,25.0,GPS,1.0,AMRUM,,AIS,12.0,13.0,3.0,2.0
26/11/2024 11:09:49,Class A,211299300,54.631997,8.382008,Under way using engine,,0.0,117.2,,Unknown,DCHL,EILUN,Passenger,,5.0,25.0,GPS,1.0,AMRUM,,AIS,12.0,13.0,3.0,2.0
26/11/2024 11:09:59,Class A,211299300,54.632,8.382008,Under way using engine,,0.0,117.2,,Unknown,DCHL,EILUN,Passenger,,5.0,25.0,GPS,1.0,AMRUM,,AIS,12.0,13.0,3.0,2.0
26/11/2024 11:10:19,Class A,211299300,54.632,8.382,Under way using engine,,0.0,117.2,,Unknown,DCHL,EILUN,Passenger,,5.0,25.0,GPS,1.0,AMRUM,,AIS,12.0,13.0,3.0,2.0
26/11/2024 11:10:29,Class A,211299300,54.631997,8.381997,Under way using engine,,0.0,117.2,,Unknown,DCHL,EILUN,Passenger,,5.0,25.0,GPS,1.0,AMRUM,,AIS,12.0,13.0,3.0,2.0
26/11/2024 11:10:49,Class A,211299300,54.632007,8.382003,Under way using engine,,0.0,117.2,,Unknown,DCHL,EILUN,Passenger,,5.0,25.0,GPS,1.0,AMRUM,,AIS,12.0,13.0,3.0,2.0
26/11/2024 11:10:59,Class A,211299300,54.632,8.382003,Under way using engine,,0.0,117.2,,Unknown,DCHL,EILUN,Passenger,,5.0,25.0,GPS,1.0,AMRUM,,AIS,12.0,13.0,3.0,2.0
26/11/2024 11:11:29,Class A,211299300,54.632007,8.382015,Under way using engine,,0.0,117.2,,Unknown,DCHL,EILUN,Passenger,,5.0,25.0,GPS,1.0,AMRUM,,AIS,12.0,13.0,3.0,2.0
26/11/2024 11:11:49,Class A,211299300,54.632,8.382003,Under way using engine,,0.0,117.2,,Unknown,DCHL,EILUN,Passenger,,5.0,25.0,GPS,1.0,AMRUM,,AIS,12.0,13.0,3.0,2.0
26/11/2024 11:11:59,Class A,211299300,54.631985,8.38196,Under way using engine,,0.0,117.2,,Unknown,DCHL,EILUN,Passenger,,5.0,25.0,GPS,1.0,AMRUM,,AIS,12.0,13.0,3.0,2.0
26/11/2024 11:12:49,Class A,211299300,54.631972,8.381938,Under way using engine,,0.0,117.2,,Unknown,DCHL,EILUN,Passenger,,5.0,25.0,GPS,1.0,AMRUM,,AIS,12.0,13.0,3.0,2.0
26/11/2024 11:13:00,Class A,211299300,54.631982,8.381955,Under way using engine,,0.0,117.2,,Unknown,DCHL,EILUN,Passenger,,5.0,25.0,GPS,1.0,AMRUM,,AIS,12.0,13.0,3.0,2.0
26/11/2024 11:13:09,Class A,211299300,54.631988,8.381963,Under way using engine,,0.0,117.2,,Unknown,DCHL,EILUN,Passenger,,5.0,25.0,GPS,1.0,AMRUM,,AIS,12.0,13.0,3.0,2.0
26/11/2024 11:13:30,Class A,211299300,54.631992,8.381957,Under way using engine,,0.0,117.2,,Unknown,DCHL,EILUN,Passenger,,5.0,25.0,GPS,1.0,AMRUM,,AIS,12.0,13.0,3.0,2.0
26/11/2024 11:13:50,Class A,211299300,54.631982,8.381917,Under way using engine,,0.0,117.2,,Unknown,DCHL,EILUN,Passenger,,5.0,25.0,GPS,1.0,AMRUM,,AIS,12.0,13.0,3.0,2.0
26/11/2024 11:14:09,Class A,211299300,54.632007,8.381948,Under way using engine,,0.0,117.2,,Unknown,DCHL,EILUN,Passenger,,5.0,25.0,GPS,1.0,AMRUM,,AIS,12.0,13.0,3.0,2.0
26/11/2024 11:14:21,Class A,211299300,54.632017,8.381958,Under way using engine,,0.0,117.2,,Unknown,DCHL,EILUN,Passenger,,5.0,25.0,GPS,1.0,AMRUM,,AIS,12.0,13.0,3.0,2.0
26/11/2024 11:14:30,Class A,211299300,54.63202,8.381972,Under way using engine,,0.0,117.2,,Unknown,DCHL,EILUN,Passenger,,5.0,25.0,GPS,1.0,AMRUM,,AIS,12.0,13.0,3.0,2.0
26/11/2024 11:14:50,Class A,211299300,54.632015,8.381982,Under way using engine,,0.0,117.2,,Unknown,DCHL,EILUN,Passenger,,5.0,25.0,GPS,1.0,AMRUM,,AIS,12.0,13.0,3.0,2.0
26/11/2024 11:15:09,Class A,211299300,54.632,8.381992,Under way using engine,,0.0,117.2,,Unknown,DCHL,EILUN,Passenger,,5.0,25.0,GPS,1.0,AMRUM,,AIS,12.0,13.0,3.0,2.0
26/11/2024 11:15:30,Class A,211299300,54.632,8.381993,Under way using engine,,0.0,117.2,,Unknown,DCHL,EILUN,Passenger,,5.0,25.0,GPS,1.0,AMRUM,,AIS,12.0,13.0,3.0,2.0
26/11/2024 11:16:30,Class A,211299300,54.631998,8.381973,Under way using engine,,0.0,117.2,,Unknown,DCHL,EILUN,Passenger,,5.0,25.0,GPS,1.0,AMRUM,,AIS,12.0,13.0,3.0,2.0
26/11/2024 11:16:50,Class A,211299300,54.632012,8.382013,Under way using engine,,0.0,117.2,,Unknown,DCHL,EILUN,Passenger,,5.0,25.0,GPS,1.0,AMRUM,,AIS,12.0,13.0,3.0,2.0
26/11/2024 11:17:30,Class A,211299300,54.632048,8.382017,Under way using engine,,0.0,117.2,,Unknown,DCHL,EILUN,Passenger,,5.0,25.0,GPS,1.0,AMRUM,,AIS,12.0,13.0,3.0,2.0
26/11/2024 11:18:09,Class A,211299300,54.632023,8.382015,Under way using engine,,0.0,117.2,,Unknown,DCHL,EILUN,Passenger,,5.0,25.0,GPS,1.0,AMRUM,,AIS,12.0,13.0,3.0,2.0
26/11/2024 11:18:30,Class A,211299300,54.63202,8.382027,Under way using engine,,0.0,117.2,,Unknown,DCHL,EILUN,Passenger,,5.0,25.0,GPS,1.0,AMRUM,,AIS,12.0,13.0,3.0,2.0
26/11/2024 11:18:49,Class A,211299300,54.632022,8.382033,Under way using engine,,0.0,117.2,,Unknown,DCHL,EILUN,Passenger,,5.0,25.0,GPS,1.0,AMRUM,,AIS,12.0,13.0,3.0,2.0
26/11/2024 11:19:34,Class A,211299300,54.632022,8.382033,Under way using engine,,0.0,117.2,,Unknown,DCHL,EILUN,Passenger,,5.0,25.0,GPS,1.0,AMRUM,,AIS,12.0,13.0,3.0,2.0
26/11/2024 11:19:40,Class A,211299300,54.632012,8.382033,Under way using engine,,0.0,117.2,,Unknown,DCHL,EILUN,Passenger,,5.0,25.0,GPS,1.0,AMRUM,,AIS,12.0,13.0,3.0,2.0
26/11/2024 11:19:49,Class A,211299300,54.632005,8.38203,Under way using engine,,0.0,117.2,,Unknown,DCHL,EILUN,Passenger,,5.0,25.0,GPS,1.0,AMRUM,,AIS,12.0,13.0,3.0,2.0
26/11/2024 11:20:09,Class A,211299300,54.631995,8.381998,Under way using engine,,0.0,117.2,,Unknown,DCHL,EILUN,Passenger,,5.0,25.0,GPS,1.0,AMRUM,,AIS,12.0,13.0,3.0,2.0
26/11/2024 11:20:29,Class A,211299300,54.631973,8.381943,Under way using engine,,0.0,117.2,,Unknown,DCHL,EILUN,Passenger,,5.0,25.0,GPS,1.0,AMRUM,,AIS,12.0,13.0,3.0,2.0
26/11/2024 11:20:49,Class A,211299300,54.631977,8.381973,Under way using engine,,0.0,117.2,,Unknown,DCHL,EILUN,Passenger,,5.0,25.0,GPS,1.0,AMRUM,,AIS,12.0,13.0,3.0,2.0
26/11/2024 11:21:29,Class A,211299300,54.631982,8.38199,Under way using engine,,0.0,117.2,,Unknown,DCHL,EILUN,Passenger,,5.0,25.0,GPS,1.0,AMRUM,,AIS,12.0,13.0,3.0,2.0
26/11/2024 11:21:40,Class A,211299300,54.631982,8.381988,Under way using engine,,0.0,117.2,,Unknown,DCHL,EILUN,Passenger,,5.0,25.0,GPS,1.0,AMRUM,,AIS,12.0,13.0,3.0,2.0
26/11/2024 11:21:49,Class A,211299300,54.631982,8.38199,Under way using engine,,0.0,117.2,,Unknown,DCHL,EILUN,Passenger,,5.0,25.0,GPS,1.0,AMRUM,,AIS,12.0,13.0,3.0,2.0
26/11/2024 11:22:00,Class A,211299300,54.631982,8.38199,Under way using engine,,0.0,117.2,,Unknown,DCHL,EILUN,Passenger,,5.0,25.0,GPS,1.0,AMRUM,,AIS,12.0,13.0,3.0,2.0
26/11/2024 11:22:09,Class A,211299300,54.631975,8.381992,Under way using engine,,0.0,117.2,,Unknown,DCHL,EILUN,Passenger,,5.0,25.0,GPS,1.0,AMRUM,,AIS,12.0,13.0,3.0,2.0
26/11/2024 11:22:29,Class A,211299300,54.63196,8.381985,Under way using engine,,0.0,117.2,,Unknown,DCHL,EILUN,Passenger,,5.0,25.0,GPS,1.0,AMRUM,,AIS,12.0,13.0,3.0,2.0
26/11/2024 11:23:09,Class A,211299300,54.631972,8.38199,Under way using engine,,0.0,117.2,,Unknown,DCHL,EILUN,Passenger,,5.0,25.0,GPS,1.0,AMRUM,,AIS,12.0,13.0,3.0,2.0
26/11/2024 11:23:29,Class A,211299300,54.631983,8.382015,Under way using engine,,0.0,117.2,,Unknown,DCHL,EILUN,Passenger,,5.0,25.0,GPS,1.0,AMRUM,,AIS,12.0,13.0,3.0,2.0
26/11/2024 11:23:40,Class A,211299300,54.631988,8.382015,Under way using engine,,0.0,117.2,,Unknown,DCHL,EILUN,Passenger,,5.0,25.0,GPS,1.0,AMRUM,,AIS,12.0,13.0,3.0,2.0
26/11/2024 11:23:49,Class A,211299300,54.631995,8.382008,Under way using engine,,0.0,117.2,,Unknown,DCHL,EILUN,Passenger,,5.0,25.0,GPS,1.0,AMRUM,,AIS,12.0,13.0,3.0,2.0
26/11/2024 11:24:09,Class A,211299300,54.632007,8.382005,Under way using engine,,0.0,117.2,,Unknown,DCHL,EILUN,Passenger,,5.0,25.0,GPS,1.0,AMRUM,,AIS,12.0,13.0,3.0,2.0
26/11/2024 11:24:30,Class A,211299300,54.632012,8.382007,Under way using engine,,0.0,117.2,,Unknown,DCHL,EILUN,Passenger,,5.0,25.0,GPS,1.0,AMRUM,,AIS,12.0,13.0,3.0,2.0
26/11/2024 11:24:49,Class A,211299300,54.632007,8.382008,Under way using engine,,0.0,117.2,,Unknown,DCHL,EILUN,Passenger,,5.0,25.0,GPS,1.0,AMRUM,,AIS,12.0,13.0,3.0,2.0
26/11/2024 11:25:09,Class A,211299300,54.632007,8.381997,Under way using engine,,0.0,117.2,,Unknown,DCHL,EILUN,Passenger,,5.0,25.0,GPS,1.0,AMRUM,,AIS,12.0,13.0,3.0,2.0
26/11/2024 11:25:30,Class A,211299300,54.632005,8.382007,Under way using engine,,0.0,117.2,,Unknown,DCHL,EILUN,Passenger,,5.0,25.0,GPS,1.0,AMRUM,,AIS,12.0,13.0,3.0,2.0
26/11/2024 11:25:49,Class A,211299300,54.632,8.382043,Under way using engine,,0.0,117.2,,Unknown,DCHL,EILUN,Passenger,,5.0,25.0,GPS,1.0,AMRUM,,AIS,12.0,13.0,3.0,2.0
26/11/2024 11:26:00,Class A,211299300,54.631997,8.382027,Under way using engine,,0.0,117.2,,Unknown,DCHL,EILUN,Passenger,,5.0,25.0,GPS,1.0,AMRUM,,AIS,12.0,13.0,3.0,2.0
26/11/2024 11:26:30,Class A,211299300,54.632,8.382012,Under way using engine,,0.0,117.2,,Unknown,DCHL,EILUN,Passenger,,5.0,25.0,GPS,1.0,AMRUM,,AIS,12.0,13.0,3.0,2.0
26/11/2024 11:26:50,Class A,211299300,54.632023,8.38199,Under way using engine,,0.0,117.2,,Unknown,DCHL,EILUN,Passenger,,5.0,25.0,GPS,1.0,AMRUM,,AIS,12.0,13.0,3.0,2.0
26/11/2024 11:27:30,Class A,211299300,54.632035,8.38196,Under way using engine,,0.0,117.2,,Unknown,DCHL,EILUN,Passenger,,5.0,25.0,GPS,1.0,AMRUM,,AIS,12.0,13.0,3.0,2.0
26/11/2024 11:27:50,Class A,211299300,54.632032,8.381973,Under way using engine,,0.0,117.2,,Unknown,DCHL,EILUN,Passenger,,5.0,25.0,GPS,1.0,AMRUM,,AIS,12.0,13.0,3.0,2.0
26/11/2024 11:28:00,Class A,211299300,54.63203,8.381978,Under way using engine,,0.0,117.2,,Unknown,DCHL,EILUN,Passenger,,5.0,25.0,GPS,1.0,AMRUM,,AIS,12.0,13.0,3.0,2.0
26/11/2024 11:28:30,Class A,211299300,54.632007,8.381998,Under way using engine,,0.0,117.2,,Unknown,DCHL,EILUN,Passenger,,5.0,25.0,GPS,1.0,AMRUM,,AIS,12.0,13.0,3.0,2.0
26/11/2024 11:29:29,Class A,211299300,54.631982,8.382008,Under way using engine,,0.0,117.2,,Unknown,DCHL,EILUN,Passenger,,5.0,25.0,GPS,1.0,AMRUM,,AIS,12.0,13.0,3.0,2.0
26/11/2024 11:31:29,Class A,211299300,54.631982,8.381973,Under way using engine,,0.0,117.2,,Unknown,DCHL,EILUN,Passenger,,5.0,25.0,GPS,1.0,AMRUM,,AIS,12.0,13.0,3.0,2.0
26/11/2024 11:31:34,Class A,211299300,54.631982,8.381973,Under way using engine,,0.0,117.2,,Unknown,DCHL,EILUN,Passenger,,5.0,25.0,GPS,1.0,AMRUM,,AIS,12.0,13.0,3.0,2.0
26/11/2024 11:32:29,Class A,211299300,54.632012,8.382045,Under way using engine,,0.0,117.2,,Unknown,DCHL,EILUN,Passenger,,5.0,25.0,GPS,1.0,AMRUM,,AIS,12.0,13.0,3.0,2.0
26/11/2024 11:33:29,Class A,211299300,54.632007,8.382008,Under way using engine,,0.0,117.2,,Unknown,DCHL,EILUN,Passenger,,5.0,25.0,GPS,1.0,AMRUM,,AIS,12.0,13.0,3.0,2.0
26/11/2024 11:33:40,Class A,211299300,54.63201,8.382,Under way using engine,,0.0,117.2,,Unknown,DCHL,EILUN,Passenger,,5.0,25.0,GPS,1.0,AMRUM,,AIS,12.0,13.0,3.0,2.0
26/11/2024 11:34:29,Class A,211299300,54.632012,8.381958,Under way using engine,,0.0,117.2,,Unknown,DCHL,EILUN,Passenger,,5.0,25.0,GPS,1.0,AMRUM,,AIS,12.0,13.0,3.0,2.0
26/11/2024 11:37:30,Class A,211299300,54.631945,8.381948,Under way using engine,,0.0,117.2,,Unknown,DCHL,EILUN,Passenger,,5.0,25.0,GPS,1.0,AMRUM,,AIS,12.0,13.0,3.0,2.0
26/11/2024 11:37:59,Class A,211299300,54.631967,8.381963,Under way using engine,,0.0,117.2,,Unknown,DCHL,EILUN,Passenger,,5.0,25.0,GPS,1.0,AMRUM,,AIS,12.0,13.0,3.0,2.0
26/11/2024 11:38:39,Class A,211299300,54.631985,8.381982,Under way using engine,,0.0,117.2,,Unknown,DCHL,EILUN,Passenger,,5.0,25.0,GPS,1.0,AMRUM,,AIS,12.0,13.0,3.0,2.0
26/11/2024 11:38:49,Class A,211299300,54.631988,8.381978,Under way using engine,,0.0,117.2,,Unknown,DCHL,EILUN,Passenger,,5.0,25.0,GPS,1.0,AMRUM,,AIS,12.0,13.0,3.0,2.0
26/11/2024 11:39:30,Class A,211299300,54.63198,8.381962,Under way using engine,,0.0,117.2,,Unknown,DCHL,EILUN,Passenger,,5.0,25.0,GPS,1.0,AMRUM,,AIS,12.0,13.0,3.0,2.0
26/11/2024 11:39:49,Class A,211299300,54.63198,8.381967,Under way using engine,,0.0,117.2,,Unknown,DCHL,EILUN,Passenger,,5.0,25.0,GPS,1.0,AMRUM,,AIS,12.0,13.0,3.0,2.0
26/11/2024 11:40:30,Class A,211299300,54.631982,8.38199,Under way using engine,,0.0,117.2,,Unknown,DCHL,EILUN,Passenger,,5.0,25.0,GPS,1.0,AMRUM,,AIS,12.0,13.0,3.0,2.0
26/11/2024 11:41:09,Class A,211299300,54.632,8.382015,Under way using engine,,0.0,117.2,,Unknown,DCHL,EILUN,Passenger,,5.0,25.0,GPS,1.0,AMRUM,,AIS,12.0,13.0,3.0,2.0
26/11/2024 11:41:30,Class A,211299300,54.632002,8.382005,Under way using engine,,0.0,117.2,,Unknown,DCHL,EILUN,Passenger,,5.0,25.0,GPS,1.0,AMRUM,,AIS,12.0,13.0,3.0,2.0
26/11/2024 11:41:49,Class A,211299300,54.631998,8.381988,Under way using engine,,0.0,117.2,,Unknown,DCHL,EILUN,Passenger,,5.0,25.0,GPS,1.0,AMRUM,,AIS,12.0,13.0,3.0,2.0
26/11/2024 11:42:49,Class A,211299300,54.631982,8.381988,Under way using engine,,0.0,117.2,,Unknown,DCHL,EILUN,Passenger,,5.0,25.0,GPS,1.0,AMRUM,,AIS,12.0,13.0,3.0,2.0
26/11/2024 11:43:30,Class A,211299300,54.631993,8.38201,Under way using engine,,0.0,117.2,,Unknown,DCHL,EILUN,Passenger,,5.0,25.0,GPS,1.0,AMRUM,,AIS,12.0,13.0,3.0,2.0
26/11/2024 11:43:49,Class A,211299300,54.631988,8.382,Under way using engine,,0.0,117.2,,Unknown,DCHL,EILUN,Passenger,,5.0,25.0,GPS,1.0,AMRUM,,AIS,12.0,13.0,3.0,2.0
26/11/2024 11:44:09,Class A,211299300,54.63199,8.381985,Under way using engine,,0.0,117.2,,Unknown,DCHL,EILUN,Passenger,,5.0,25.0,GPS,1.0,AMRUM,,AIS,12.0,13.0,3.0,2.0
26/11/2024 11:44:49,Class A,211299300,54.632013,8.381978,Under way using engine,,0.0,117.2,,Unknown,DCHL,EILUN,Passenger,,5.0,25.0,GPS,1.0,AMRUM,,AIS,12.0,13.0,3.0,2.0
26/11/2024 11:45:09,Class A,211299300,54.632012,8.381988,Under way using engine,,0.0,117.2,,Unknown,DCHL,EILUN,Passenger,,5.0,25.0,GPS,1.0,AMRUM,,AIS,12.0,13.0,3.0,2.0
26/11/2024 11:45:30,Class A,211299300,54.632005,8.381997,Under way using engine,,0.0,117.2,,Unknown,DCHL,EILUN,Passenger,,5.0,25.0,GPS,1.0,AMRUM,,AIS,12.0,13.0,3.0,2.0
26/11/2024 11:45:49,Class A,211299300,54.632003,8.381997,Under way using engine,,0.0,117.2,,Unknown,DCHL,EILUN,Passenger,,5.0,25.0,GPS,1.0,AMRUM,,AIS,12.0,13.0,3.0,2.0
26/11/2024 11:46:09,Class A,211299300,54.632003,8.381978,Under way using engine,,0.0,117.2,,Unknown,DCHL,EILUN,Passenger,,5.0,25.0,GPS,1.0,AMRUM,,AIS,12.0,13.0,3.0,2.0
26/11/2024 11:46:49,Class A,211299300,54.632012,8.381967,Under way using engine,,0.0,117.2,,Unknown,DCHL,EILUN,Passenger,,5.0,25.0,GPS,1.0,AMRUM,,AIS,12.0,13.0,3.0,2.0
26/11/2024 11:49:30,Class A,211299300,54.632005,8.381963,Under way using engine,,0.0,117.2,,Unknown,DCHL,EILUN,Passenger,,5.0,25.0,GPS,1.0,AMRUM,,AIS,12.0,13.0,3.0,2.0
26/11/2024 11:50:30,Class A,211299300,54.631993,8.382,Under way using engine,,0.0,117.2,,Unknown,DCHL,EILUN,Passenger,,5.0,25.0,GPS,1.0,AMRUM,,AIS,12.0,13.0,3.0,2.0
26/11/2024 11:51:29,Class A,211299300,54.63199,8.382012,Under way using engine,,0.0,117.2,,Unknown,DCHL,EILUN,Passenger,,5.0,25.0,GPS,1.0,AMRUM,,AIS,12.0,13.0,3.0,2.0
26/11/2024 11:52:09,Class A,211299300,54.631983,8.381997,Under way using engine,,0.0,117.2,,Unknown,DCHL,EILUN,Passenger,,5.0,25.0,GPS,1.0,AMRUM,,AIS,12.0,13.0,3.0,2.0
26/11/2024 11:52:29,Class A,211299300,54.63198,8.381985,Under way using engine,,0.0,117.2,,Unknown,DCHL,EILUN,Passenger,,5.0,25.0,GPS,1.0,AMRUM,,AIS,12.0,13.0,3.0,2.0
26/11/2024 11:53:29,Class A,211299300,54.631978,8.381997,Under way using engine,,0.0,117.2,,Unknown,DCHL,EILUN,Passenger,,5.0,25.0,GPS,1.0,AMRUM,,AIS,12.0,13.0,3.0,2.0
26/11/2024 11:55:09,Class A,211299300,54.632,8.382007,Under way using engine,,0.0,117.2,,Unknown,DCHL,EILUN,Passenger,,5.0,25.0,GPS,1.0,AMRUM,,AIS,12.0,13.0,3.0,2.0
26/11/2024 11:55:29,Class A,211299300,54.63199,8.382015,Under way using engine,,0.0,117.2,,Unknown,DCHL,EILUN,Passenger,,5.0,25.0,GPS,1.0,AMRUM,,AIS,12.0,13.0,3.0,2.0
26/11/2024 11:56:09,Class A,211299300,54.631992,8.38202,Under way using engine,,0.0,117.2,,Unknown,DCHL,EILUN,Passenger,,5.0,25.0,GPS,1.0,AMRUM,,AIS,12.0,13.0,3.0,2.0
26/11/2024 11:56:29,Class A,211299300,54.632003,8.382017,Under way using engine,,0.0,117.2,,Unknown,DCHL,EILUN,Passenger,,5.0,25.0,GPS,1.0,AMRUM,,AIS,12.0,13.0,3.0,2.0
26/11/2024 11:57:09,Class A,211299300,54.632022,8.38202,Under way using engine,,0.0,117.2,,Unknown,DCHL,EILUN,Passenger,,5.0,25.0,GPS,1.0,AMRUM,,AIS,12.0,13.0,3.0,2.0
26/11/2024 11:58:29,Class A,211299300,54.632015,8.381967,Under way using engine,,0.0,117.2,,Unknown,DCHL,EILUN,Passenger,,5.0,25.0,GPS,1.0,AMRUM,,AIS,12.0,13.0,3.0,2.0
26/11/2024 11:58:39,Class A,211299300,54.632003,8.38196,Under way using engine,,0.0,117.2,,Unknown,DCHL,EILUN,Passenger,,5.0,25.0,GPS,1.0,AMRUM,,AIS,12.0,13.0,3.0,2.0
26/11/2024 11:58:50,Class A,211299300,54.632005,8.381965,Under way using engine,,0.0,117.2,,Unknown,DCHL,EILUN,Passenger,,5.0,25.0,GPS,1.0,AMRUM,,AIS,12.0,13.0,3.0,2.0
26/11/2024 11:59:50,Class A,211299300,54.632007,8.381978,Under way using engine,,0.0,117.2,,Unknown,DCHL,EILUN,Passenger,,5.0,25.0,GPS,1.0,AMRUM,,AIS,12.0,13.0,3.0,2.0
26/11/2024 12:00:09,Class A,211299300,54.632005,8.38199,Under way using engine,,0.0,117.2,,Unknown,DCHL,EILUN,Passenger,,5.0,25.0,GPS,1.0,AMRUM,,AIS,12.0,13.0,3.0,2.0
26/11/2024 12:02:09,Class A,211299300,54.632017,8.382002,Under way using engine,,0.0,117.2,,Unknown,DCHL,EILUN,Passenger,,5.0,25.0,GPS,1.0,AMRUM,,AIS,12.0,13.0,3.0,2.0
26/11/2024 12:03:09,Class A,211299300,54.63203,8.38199,Under way using engine,,0.0,117.2,,Unknown,DCHL,EILUN,Passenger,,5.0,25.0,GPS,1.0,AMRUM,,AIS,12.0,13.0,3.0,2.0
26/11/2024 12:03:49,Class A,211299300,54.632042,8.381983,Under way using engine,,0.0,117.2,,Unknown,DCHL,EILUN,Passenger,,5.0,25.0,GPS,1.0,AMRUM,,AIS,12.0,13.0,3.0,2.0
26/11/2024 12:05:10,Class A,211299300,54.632047,8.381972,Under way using engine,,0.0,117.2,,Unknown,DCHL,EILUN,Passenger,,5.0,25.0,GPS,1.0,AMRUM,,AIS,12.0,13.0,3.0,2.0
26/11/2024 12:07:49,Class A,211299300,54.632015,8.381985,Under way using engine,,0.0,117.2,,Unknown,DCHL,EILUN,Passenger,,5.0,25.0,GPS,1.0,AMRUM,,AIS,12.0,13.0,3.0,2.0
26/11/2024 12:08:29,Class A,211299300,54.632,8.381993,Under way using engine,,0.0,117.2,,Unknown,DCHL,EILUN,Passenger,,5.0,25.0,GPS,1.0,AMRUM,,AIS,12.0,13.0,3.0,2.0
26/11/2024 12:09:30,Class A,211299300,54.63196,8.381997,Under way using engine,,0.0,117.2,,Unknown,DCHL,EILUN,Passenger,,5.0,25.0,GPS,1.0,AMRUM,,AIS,12.0,13.0,3.0,2.0
26/11/2024 12:11:30,Class A,211299300,54.631985,8.381997,Under way using engine,,0.0,117.2,,Unknown,DCHL,EILUN,Passenger,,5.0,25.0,GPS,1.0,AMRUM,,AIS,12.0,13.0,3.0,2.0
26/11/2024 12:12:10,Class A,211299300,54.631993,8.382012,Under way using engine,,0.0,117.2,,Unknown,DCHL,EILUN,Passenger,,5.0,25.0,GPS,1.0,AMRUM,,AIS,12.0,13.0,3.0,2.0
26/11/2024 12:13:49,Class A,211299300,54.632012,8.382038,Under way using engine,,0.0,117.2,,Unknown,DCHL,EILUN,Passenger,,5.0,25.0,GPS,1.0,AMRUM,,AIS,12.0,13.0,3.0,2.0
26/11/2024 12:14:30,Class A,211299300,54.632002,8.382025,Under way using engine,,0.0,117.2,,Unknown,DCHL,EILUN,Passenger,,5.0,25.0,GPS,1.0,AMRUM,,AIS,12.0,13.0,3.0,2.0
26/11/2024 12:15:30,Class A,211299300,54.632003,8.38205,Under way using engine,,0.0,117.2,,Unknown,DCHL,EILUN,Passenger,,5.0,25.0,GPS,1.0,AMRUM,,AIS,12.0,13.0,3.0,2.0
26/11/2024 12:16:30,Class A,211299300,54.632033,8.382045,Under way using engine,,0.0,117.2,,Unknown,DCHL,EILUN,Passenger,,5.0,25.0,GPS,1.0,AMRUM,,AIS,12.0,13.0,3.0,2.0
26/11/2024 12:17:10,Class A,211299300,54.632012,8.382015,Under way using engine,,0.0,117.2,,Unknown,DCHL,EILUN,Passenger,,5.0,25.0,GPS,1.0,AMRUM,,AIS,12.0,13.0,3.0,2.0
26/11/2024 12:20:09,Class A,211299300,54.632018,8.382007,Under way using engine,,0.0,117.2,,Unknown,DCHL,EILUN,Passenger,,5.0,25.0,GPS,1.0,AMRUM,,AIS,12.0,13.0,3.0,2.0
26/11/2024 12:20:29,Class A,211299300,54.632025,8.382003,Under way using engine,,0.0,117.2,,Unknown,DCHL,EILUN,Passenger,,5.0,25.0,GPS,1.0,AMRUM,,AIS,12.0,13.0,3.0,2.0
26/11/2024 12:21:09,Class A,211299300,54.63201,8.382003,Under way using engine,,0.0,117.2,,Unknown,DCHL,EILUN,Passenger,,5.0,25.0,GPS,1.0,AMRUM,,AIS,12.0,13.0,3.0,2.0
26/11/2024 12:23:29,Class A,211299300,54.63197,8.38197,Under way using engine,,0.0,117.2,,Unknown,DCHL,EILUN,Passenger,,5.0,25.0,GPS,1.0,AMRUM,,AIS,12.0,13.0,3.0,2.0
26/11/2024 12:24:29,Class A,211299300,54.631993,8.381978,Under way using engine,,0.0,117.2,,Unknown,DCHL,EILUN,Passenger,,5.0,25.0,GPS,1.0,AMRUM,,AIS,12.0,13.0,3.0,2.0
26/11/2024 12:29:29,Class A,211299300,54.631963,8.38196,Under way using engine,,0.0,117.2,,Unknown,DCHL,EILUN,Passenger,,5.0,25.0,GPS,1.0,AMRUM,,AIS,12.0,13.0,3.0,2.0
26/11/2024 12:31:30,Class A,211299300,54.631975,8.38199,Under way using engine,,0.0,117.2,,Unknown,DCHL,EILUN,Passenger,,5.0,25.0,GPS,1.0,AMRUM,,AIS,12.0,13.0,3.0,2.0
26/11/2024 12:31:50,Class A,211299300,54.631977,8.38199,Under way using engine,,0.0,117.2,,Unknown,DCHL,EILUN,Passenger,,5.0,25.0,GPS,1.0,AMRUM,,AIS,12.0,13.0,3.0,2.0
26/11/2024 12:33:30,Class A,211299300,54.632,8.381967,Under way using engine,,0.0,117.2,,Unknown,DCHL,EILUN,Passenger,,5.0,25.0,GPS,1.0,AMRUM,,AIS,12.0,13.0,3.0,2.0
26/11/2024 12:44:50,Class A,211299300,54.632012,8.381975,Under way using engine,,0.0,117.2,,Unknown,DCHL,EILUN,Passenger,,5.0,25.0,GPS,1.0,AMRUM,,AIS,12.0,13.0,3.0,2.0
26/11/2024 12:45:29,Class A,211299300,54.632007,8.38199,Under way using engine,,0.0,117.2,,Unknown,DCHL,EILUN,Passenger,,5.0,25.0,GPS,1.0,AMRUM,,AIS,12.0,13.0,3.0,2.0
26/11/2024 12:45:50,Class A,211299300,54.632012,8.381992,Under way using engine,,0.0,117.2,,Unknown,DCHL,EILUN,Passenger,,5.0,25.0,GPS,1.0,AMRUM,,AIS,12.0,13.0,3.0,2.0
26/11/2024 12:48:50,Class A,211299300,54.631992,8.381998,Under way using engine,,0.0,117.2,,Unknown,DCHL,EILUN,Passenger,,5.0,25.0,GPS,1.0,AMRUM,,AIS,12.0,13.0,3.0,2.0
26/11/2024 12:49:29,Class A,211299300,54.631993,8.38199,Under way using engine,,0.0,117.2,,Unknown,DCHL,EILUN,Passenger,,5.0,25.0,GPS,1.0,AMRUM,,AIS,12.0,13.0,3.0,2.0
26/11/2024 12:49:49,Class A,211299300,54.63199,8.38199,Under way using engine,,0.0,117.2,,Unknown,DCHL,EILUN,Passenger,,5.0,25.0,GPS,1.0,AMRUM,,AIS,12.0,13.0,3.0,2.0
26/11/2024 12:51:49,Class A,211299300,54.632008,8.381985,Under way using engine,,0.0,117.2,,Unknown,DCHL,EILUN,Passenger,,5.0,25.0,GPS,1.0,AMRUM,,AIS,12.0,13.0,3.0,2.0
26/11/2024 12:52:29,Class A,211299300,54.632007,8.381982,Under way using engine,,0.0,117.2,,Unknown,DCHL,EILUN,Passenger,,5.0,25.0,GPS,1.0,AMRUM,,AIS,12.0,13.0,3.0,2.0
26/11/2024 12:55:10,Class A,211299300,54.632012,8.382005,Under way using engine,,0.0,117.2,,Unknown,DCHL,EILUN,Passenger,,5.0,25.0,GPS,1.0,AMRUM,,AIS,12.0,13.0,3.0,2.0
26/11/2024 12:55:30,Class A,211299300,54.632015,8.382012,Under way using engine,,0.0,117.2,,Unknown,DCHL,EILUN,Passenger,,5.0,25.0,GPS,1.0,AMRUM,,AIS,12.0,13.0,3.0,2.0
26/11/2024 12:57:49,Class A,211299300,54.632012,8.381992,Under way using engine,,0.0,117.2,,Unknown,DCHL,EILUN,Passenger,,5.0,25.0,GPS,1.0,AMRUM,,AIS,12.0,13.0,3.0,2.0
26/11/2024 12:59:29,Class A,211299300,54.632018,8.382003,Under way using engine,,0.0,117.2,,Unknown,DCHL,EILUN,Passenger,,5.0,25.0,GPS,1.0,AMRUM,,AIS,12.0,13.0,3.0,2.0
26/11/2024 12:59:49,Class A,211299300,54.632018,8.382003,Under way using engine,,0.0,117.2,,Unknown,DCHL,EILUN,Passenger,,5.0,25.0,GPS,1.0,AMRUM,,AIS,12.0,13.0,3.0,2.0
26/11/2024 13:00:00,Class A,211299300,54.632005,8.382007,Under way using engine,,0.0,117.2,,Unknown,DCHL,EILUN,Passenger,,5.0,25.0,GPS,1.0,AMRUM,,AIS,12.0,13.0,3.0,2.0
26/11/2024 13:01:29,Class A,211299300,54.632015,8.381945,Under way using engine,,0.0,117.2,,Unknown,DCHL,EILUN,Passenger,,5.0,25.0,GPS,1.0,AMRUM,,AIS,12.0,13.0,3.0,2.0
26/11/2024 13:02:29,Class A,211299300,54.632025,8.381953,Under way using engine,,0.0,117.2,,Unknown,DCHL,EILUN,Passenger,,5.0,25.0,GPS,1.0,AMRUM,,AIS,12.0,13.0,3.0,2.0
26/11/2024 13:03:29,Class A,211299300,54.632018,8.38197,Under way using engine,,0.0,117.2,,Unknown,DCHL,EILUN,Passenger,,5.0,25.0,GPS,1.0,AMRUM,,AIS,12.0,13.0,3.0,2.0
26/11/2024 13:04:29,Class A,211299300,54.632025,8.381955,Under way using engine,,0.0,117.2,,Unknown,DCHL,EILUN,Passenger,,5.0,25.0,GPS,1.0,AMRUM,,AIS,12.0,13.0,3.0,2.0
26/11/2024 13:05:09,Class A,211299300,54.632025,8.381955,Under way using engine,,0.0,117.2,,Unknown,DCHL,EILUN,Passenger,,5.0,25.0,GPS,1.0,AMRUM,,AIS,12.0,13.0,3.0,2.0
26/11/2024 13:08:09,Class A,211299300,54.632018,8.382,Under way using engine,,0.0,117.2,,Unknown,DCHL,EILUN,Passenger,,5.0,25.0,GPS,1.0,AMRUM,,AIS,12.0,13.0,3.0,2.0
26/11/2024 13:19:30,Class A,211299300,54.632023,8.381997,Under way using engine,,0.0,117.2,,Unknown,DCHL,EILUN,Passenger,,5.0,25.0,GPS,1.0,AMRUM,,AIS,12.0,13.0,3.0,2.0
26/11/2024 13:21:30,Class A,211299300,54.63203,8.381982,Under way using engine,,0.0,117.2,,Unknown,DCHL,EILUN,Passenger,,5.0,25.0,GPS,1.0,AMRUM,,AIS,12.0,13.0,3.0,2.0
26/11/2024 13:25:59,Class A,211299300,54.632018,8.381963,Under way using engine,,0.0,117.2,,Unknown,DCHL,EILUN,Passenger,,5.0,25.0,GPS,1.0,AMRUM,,AIS,12.0,13.0,3.0,2.0
26/11/2024 13:29:29,Class A,211299300,54.632018,8.381987,Under way using engine,,0.0,117.2,,Unknown,DCHL,EILUN,Passenger,,5.0,25.0,GPS,1.0,AMRUM,,AIS,12.0,13.0,3.0,2.0
26/11/2024 13:30:29,Class A,211299300,54.632005,8.382007,Under way using engine,,0.0,117.2,,Unknown,DCHL,EILUN,Passenger,,5.0,25.0,GPS,1.0,AMRUM,,AIS,12.0,13.0,3.0,2.0
26/11/2024 13:31:50,Class A,211299300,54.632012,8.382012,Under way using engine,,0.0,117.2,,Unknown,DCHL,EILUN,Passenger,,5.0,25.0,GPS,1.0,AMRUM,,AIS,12.0,13.0,3.0,2.0
26/11/2024 13:32:29,Class A,211299300,54.632007,8.38202,Under way using engine,,0.0,117.2,,Unknown,DCHL,EILUN,Passenger,,5.0,25.0,GPS,1.0,AMRUM,,AIS,12.0,13.0,3.0,2.0
26/11/2024 13:35:10,Class A,211299300,54.632003,8.382037,Under way using engine,,0.0,117.2,,Unknown,DCHL,EILUN,Passenger,,5.0,25.0,GPS,1.0,AMRUM,,AIS,12.0,13.0,3.0,2.0
26/11/2024 13:36:10,Class A,211299300,54.63202,8.381982,Under way using engine,,0.0,117.2,,Unknown,DCHL,EILUN,Passenger,,5.0,25.0,GPS,1.0,AMRUM,,AIS,12.0,13.0,3.0,2.0
26/11/2024 13:36:59,Class A,211299300,54.632022,8.38197,Under way using engine,,0.0,117.2,,Unknown,DCHL,EILUN,Passenger,,5.0,25.0,GPS,1.0,AMRUM,,AIS,12.0,13.0,3.0,2.0
26/11/2024 13:40:29,Class A,211299300,54.632,8.381988,Under way using engine,,0.0,117.2,,Unknown,DCHL,EILUN,Passenger,,5.0,25.0,GPS,1.0,AMRUM,,AIS,12.0,13.0,3.0,2.0
26/11/2024 13:46:10,Class A,211299300,54.632,8.382,Under way using engine,,0.0,117.2,,Unknown,DCHL,EILUN,Passenger,,5.0,25.0,GPS,1.0,AMRUM,,AIS,12.0,13.0,3.0,2.0
26/11/2024 13:47:30,Class A,211299300,54.631977,8.38202,Under way using engine,,0.0,117.2,,Unknown,DCHL,EILUN,Passenger,,5.0,25.0,GPS,1.0,AMRUM,,AIS,12.0,13.0,3.0,2.0
26/11/2024 13:52:29,Class A,211299300,54.63199,8.381982,Under way using engine,,0.0,117.2,,Unknown,DCHL,EILUN,Passenger,,5.0,25.0,GPS,1.0,AMRUM,,AIS,12.0,13.0,3.0,2.0
26/11/2024 13:53:09,Class A,211299300,54.631992,8.381988,Under way using engine,,0.0,117.2,,Unknown,DCHL,EILUN,Passenger,,5.0,25.0,GPS,1.0,AMRUM,,AIS,12.0,13.0,3.0,2.0
26/11/2024 13:54:49,Class A,211299300,54.631992,8.382003,Under way using engine,,0.0,117.2,,Unknown,DCHL,EILUN,Passenger,,5.0,25.0,GPS,1.0,AMRUM,,AIS,12.0,13.0,3.0,2.0
26/11/2024 13:55:09,Class A,211299300,54.631988,8.382,Under way using engine,,0.0,117.2,,Unknown,DCHL,EILUN,Passenger,,5.0,25.0,GPS,1.0,AMRUM,,AIS,12.0,13.0,3.0,2.0
26/11/2024 13:56:49,Class A,211299300,54.631992,8.38201,Under way using engine,,0.0,117.2,,Unknown,DCHL,EILUN,Passenger,,5.0,25.0,GPS,1.0,AMRUM,,AIS,12.0,13.0,3.0,2.0
26/11/2024 13:58:50,Class A,211299300,54.631982,8.381985,Under way using engine,,0.0,117.2,,Unknown,DCHL,EILUN,Passenger,,5.0,25.0,GPS,1.0,AMRUM,,AIS,12.0,13.0,3.0,2.0
26/11/2024 14:00:50,Class A,211299300,54.631998,8.382022,Under way using engine,,0.0,117.2,,Unknown,DCHL,EILUN,Passenger,,5.0,25.0,GPS,1.0,AMRUM,,AIS,12.0,13.0,3.0,2.0
26/11/2024 14:01:10,Class A,211299300,54.631995,8.382012,Under way using engine,,0.0,117.2,,Unknown,DCHL,EILUN,Passenger,,5.0,25.0,GPS,1.0,AMRUM,,AIS,12.0,13.0,3.0,2.0
26/11/2024 14:04:10,Class A,211299300,54.631982,8.381988,Under way using engine,,0.0,117.2,,Unknown,DCHL,EILUN,Passenger,,5.0,25.0,GPS,1.0,AMRUM,,AIS,12.0,13.0,3.0,2.0
26/11/2024 14:04:30,Class A,211299300,54.631983,8.381985,Under way using engine,,0.0,117.2,,Unknown,DCHL,EILUN,Passenger,,5.0,25.0,GPS,1.0,AMRUM,,AIS,12.0,13.0,3.0,2.0
26/11/2024 14:16:29,Class A,211299300,54.632005,8.382015,Under way using engine,,0.0,117.2,,Unknown,DCHL,EILUN,Passenger,,5.0,25.0,GPS,1.0,AMRUM,,AIS,12.0,13.0,3.0,2.0
26/11/2024 14:18:29,Class A,211299300,54.631988,8.38199,Under way using engine,,0.0,117.2,,Unknown,DCHL,EILUN,Passenger,,5.0,25.0,GPS,1.0,AMRUM,,AIS,12.0,13.0,3.0,2.0
26/11/2024 14:19:50,Class A,211299300,54.632013,8.38196,Under way using engine,,0.0,117.2,,Unknown,DCHL,EILUN,Passenger,,5.0,25.0,GPS,1.0,AMRUM,,AIS,12.0,13.0,3.0,2.0
26/11/2024 14:20:50,Class A,211299300,54.632012,8.38196,Under way using engine,,0.0,117.2,,Unknown,DCHL,EILUN,Passenger,,5.0,25.0,GPS,1.0,AMRUM,,AIS,12.0,13.0,3.0,2.0
26/11/2024 14:23:29,Class A,211299300,54.632027,8.381973,Under way using engine,,0.0,117.2,,Unknown,DCHL,EILUN,Passenger,,5.0,25.0,GPS,1.0,AMRUM,,AIS,12.0,13.0,3.0,2.0
26/11/2024 14:25:50,Class A,211299300,54.63203,8.381988,Under way using engine,,0.0,117.2,,Unknown,DCHL,EILUN,Passenger,,5.0,25.0,GPS,1.0,AMRUM,,AIS,12.0,13.0,3.0,2.0
26/11/2024 14:28:29,Class A,211299300,54.632025,8.381985,Under way using engine,,0.0,117.2,,Unknown,DCHL,EILUN,Passenger,,5.0,25.0,GPS,1.0,AMRUM,,AIS,12.0,13.0,3.0,2.0
26/11/2024 14:30:39,Class A,211299300,54.632007,8.381968,Under way using engine,,0.0,117.2,,Unknown,DCHL,EILUN,Passenger,,5.0,25.0,GPS,1.0,AMRUM,,AIS,12.0,13.0,3.0,2.0
26/11/2024 14:35:29,Class A,211299300,54.631973,8.382038,Under way using engine,,0.0,117.2,,Unknown,DCHL,EILUN,Passenger,,5.0,25.0,GPS,1.0,AMRUM,,AIS,12.0,13.0,3.0,2.0
26/11/2024 14:36:29,Class A,211299300,54.631995,8.382047,Under way using engine,,0.0,117.2,,Unknown,DCHL,EILUN,Passenger,,5.0,25.0,GPS,1.0,AMRUM,,AIS,12.0,13.0,3.0,2.0
26/11/2024 14:37:29,Class A,211299300,54.632012,8.382025,Under way using engine,,0.0,117.2,,Unknown,DCHL,EILUN,Passenger,,5.0,25.0,GPS,1.0,AMRUM,,AIS,12.0,13.0,3.0,2.0
26/11/2024 14:40:29,Class A,211299300,54.632007,8.381965,Under way using engine,,0.0,117.2,,Unknown,DCHL,EILUN,Passenger,,5.0,25.0,GPS,1.0,AMRUM,,AIS,12.0,13.0,3.0,2.0
26/11/2024 14:41:09,Class A,211299300,54.632012,8.38196,Under way using engine,,0.0,117.2,,Unknown,DCHL,EILUN,Passenger,,5.0,25.0,GPS,1.0,AMRUM,,AIS,12.0,13.0,3.0,2.0
26/11/2024 14:42:09,Class A,211299300,54.632022,8.381973,Under way using engine,,0.0,117.2,,Unknown,DCHL,EILUN,Passenger,,5.0,25.0,GPS,1.0,AMRUM,,AIS,12.0,13.0,3.0,2.0
26/11/2024 14:47:50,Class A,211299300,54.631925,8.381982,Under way using engine,,0.0,117.2,,Unknown,DCHL,EILUN,Passenger,,5.0,25.0,GPS,1.0,AMRUM,,AIS,12.0,13.0,3.0,2.0
26/11/2024 14:50:39,Class A,211299300,54.631943,8.382003,Under way using engine,,0.0,117.2,,Unknown,DCHL,EILUN,Passenger,,5.0,25.0,GPS,1.0,AMRUM,,AIS,12.0,13.0,3.0,2.0
26/11/2024 14:56:41,Class A,211299300,54.632015,8.381988,Under way using engine,,0.0,117.2,,Unknown,DCHL,EILUN,Passenger,,5.0,25.0,GPS,1.0,AMRUM,,AIS,12.0,13.0,3.0,2.0
26/11/2024 14:59:00,Class A,211299300,54.632005,8.381965,Under way using engine,,0.0,117.2,,Unknown,DCHL,EILUN,Passenger,,5.0,25.0,GPS,1.0,AMRUM,,AIS,12.0,13.0,3.0,2.0
26/11/2024 15:00:20,Class A,211299300,54.632018,8.381992,Under way using engine,,0.0,117.2,,Unknown,DCHL,EILUN,Passenger,,5.0,25.0,GPS,1.0,AMRUM,,AIS,12.0,13.0,3.0,2.0
26/11/2024 15:01:50,Class A,211299300,54.632032,8.381838,Under way using engine,,0.0,117.2,,Unknown,DCHL,EILUN,Passenger,,5.0,25.0,GPS,1.0,AMRUM,,AIS,12.0,13.0,3.0,2.0
26/11/2024 15:02:40,Class A,211299300,54.632082,8.381973,Under way using engine,,0.0,117.2,,Unknown,DCHL,EILUN,Passenger,,5.0,25.0,GPS,1.0,AMRUM,,AIS,12.0,13.0,3.0,2.0
26/11/2024 15:03:30,Class A,211299300,54.632102,8.381952,Under way using engine,,0.0,117.2,,Unknown,DCHL,EILUN,Passenger,,5.0,25.0,GPS,1.0,AMRUM,,AIS,12.0,13.0,3.0,2.0
26/11/2024 15:06:30,Class A,211299300,54.632053,8.381915,Under way using engine,,0.0,117.2,,Unknown,DCHL,EILUN,Passenger,,5.0,25.0,GPS,1.0,AMRUM,,AIS,12.0,13.0,3.0,2.0
26/11/2024 15:07:30,Class A,211299300,54.63203,8.381942,Under way using engine,,0.0,117.2,,Unknown,DCHL,EILUN,Passenger,,5.0,25.0,GPS,1.0,AMRUM,,AIS,12.0,13.0,3.0,2.0
26/11/2024 15:08:10,Class A,211299300,54.632,8.381967,Under way using engine,,0.0,117.2,,Unknown,DCHL,EILUN,Passenger,,5.0,25.0,GPS,1.0,AMRUM,,AIS,12.0,13.0,3.0,2.0
26/11/2024 15:10:19,Class A,211299300,54.632005,8.381967,Under way using engine,,0.0,117.2,,Unknown,DCHL,EILUN,Passenger,,5.0,25.0,GPS,1.0,AMRUM,,AIS,12.0,13.0,3.0,2.0
26/11/2024 15:11:00,Class A,211299300,54.632005,8.381967,Under way using engine,,0.0,117.2,,Unknown,DCHL,EILUN,Passenger,,5.0,25.0,GPS,1.0,AMRUM,,AIS,12.0,13.0,3.0,2.0
26/11/2024 15:14:10,Class A,211299300,54.632003,8.381985,Under way using engine,,0.0,117.2,,Unknown,DCHL,EILUN,Passenger,,5.0,25.0,GPS,1.0,AMRUM,,AIS,12.0,13.0,3.0,2.0
26/11/2024 15:15:10,Class A,211299300,54.632005,8.382062,Under way using engine,,0.0,117.2,,Unknown,DCHL,EILUN,Passenger,,5.0,25.0,GPS,1.0,AMRUM,,AIS,12.0,13.0,3.0,2.0
26/11/2024 15:16:19,Class A,211299300,54.632048,8.382073,Under way using engine,,0.0,117.2,,Unknown,DCHL,EILUN,Passenger,,5.0,25.0,GPS,1.0,AMRUM,,AIS,12.0,13.0,3.0,2.0
26/11/2024 15:20:10,Class A,211299300,54.632015,8.382015,Under way using engine,,0.0,117.2,,Unknown,DCHL,EILUN,Passenger,,5.0,25.0,GPS,1.0,AMRUM,,AIS,12.0,13.0,3.0,2.0
26/11/2024 15:20:19,Class A,211299300,54.632012,8.38201,Under way using engine,,0.0,117.2,,Unknown,DCHL,EILUN,Passenger,,5.0,25.0,GPS,1.0,AMRUM,,AIS,12.0,13.0,3.0,2.0
26/11/2024 15:20:30,Class A,211299300,54.632017,8.382007,Under way using engine,,0.0,117.2,,Unknown,DCHL,EILUN,Passenger,,5.0,25.0,GPS,1.0,AMRUM,,AIS,12.0,13.0,3.0,2.0
26/11/2024 15:21:20,Class A,211299300,54.632018,8.381992,Under way using engine,,0.0,117.2,,Unknown,DCHL,EILUN,Passenger,,5.0,25.0,GPS,1.0,AMRUM,,AIS,12.0,13.0,3.0,2.0
26/11/2024 15:21:39,Class A,211299300,54.63201,8.381988,Under way using engine,,0.0,117.2,,Unknown,DCHL,EILUN,Passenger,,5.0,25.0,GPS,1.0,AMRUM,,AIS,12.0,13.0,3.0,2.0
26/11/2024 15:21:50,Class A,211299300,54.632005,8.381988,Under way using engine,,0.0,117.2,,Unknown,DCHL,EILUN,Passenger,,5.0,25.0,GPS,1.0,AMRUM,,AIS,12.0,13.0,3.0,2.0
26/11/2024 15:22:30,Class A,211299300,54.631997,8.381985,Under way using engine,,0.0,117.2,,Unknown,DCHL,EILUN,Passenger,,5.0,25.0,GPS,1.0,AMRUM,,AIS,12.0,13.0,3.0,2.0
26/11/2024 15:22:50,Class A,211299300,54.631993,8.381982,Under way using engine,,0.0,117.2,,Unknown,DCHL,EILUN,Passenger,,5.0,25.0,GPS,1.0,AMRUM,,AIS,12.0,13.0,3.0,2.0
26/11/2024 15:23:10,Class A,211299300,54.632,8.381973,Under way using engine,,0.0,117.2,,Unknown,DCHL,EILUN,Passenger,,5.0,25.0,GPS,1.0,AMRUM,,AIS,12.0,13.0,3.0,2.0
26/11/2024 15:23:30,Class A,211299300,54.632005,8.381973,Under way using engine,,0.0,117.2,,Unknown,DCHL,EILUN,Passenger,,5.0,25.0,GPS,1.0,AMRUM,,AIS,12.0,13.0,3.0,2.0
26/11/2024 15:23:50,Class A,211299300,54.632017,8.381985,Under way using engine,,0.0,117.2,,Unknown,DCHL,EILUN,Passenger,,5.0,25.0,GPS,1.0,AMRUM,,AIS,12.0,13.0,3.0,2.0
26/11/2024 15:24:10,Class A,211299300,54.63203,8.382007,Under way using engine,,0.0,117.2,,Unknown,DCHL,EILUN,Passenger,,5.0,25.0,GPS,1.0,AMRUM,,AIS,12.0,13.0,3.0,2.0
26/11/2024 15:24:30,Class A,211299300,54.63203,8.382022,Under way using engine,,0.0,117.2,,Unknown,DCHL,EILUN,Passenger,,5.0,25.0,GPS,1.0,AMRUM,,AIS,12.0,13.0,3.0,2.0
26/11/2024 15:24:50,Class A,211299300,54.63203,8.382018,Under way using engine,,0.0,117.2,,Unknown,DCHL,EILUN,Passenger,,5.0,25.0,GPS,1.0,AMRUM,,AIS,12.0,13.0,3.0,2.0
26/11/2024 15:25:10,Class A,211299300,54.632018,8.381997,Under way using engine,,0.0,117.2,,Unknown,DCHL,EILUN,Passenger,,5.0,25.0,GPS,1.0,AMRUM,,AIS,12.0,13.0,3.0,2.0
26/11/2024 15:25:50,Class A,211299300,54.632015,8.382015,Under way using engine,,0.0,117.2,,Unknown,DCHL,EILUN,Passenger,,5.0,25.0,GPS,1.0,AMRUM,,AIS,12.0,13.0,3.0,2.0
26/11/2024 15:26:10,Class A,211299300,54.63201,8.382012,Under way using engine,,0.0,117.2,,Unknown,DCHL,EILUN,Passenger,,5.0,25.0,GPS,1.0,AMRUM,,AIS,12.0,13.0,3.0,2.0
26/11/2024 15:26:50,Class A,211299300,54.631993,8.381985,Under way using engine,,0.0,117.2,,Unknown,DCHL,EILUN,Passenger,,5.0,25.0,GPS,1.0,AMRUM,,AIS,12.0,13.0,3.0,2.0
26/11/2024 15:27:50,Class A,211299300,54.63198,8.382003,Under way using engine,,0.0,117.2,,Unknown,DCHL,EILUN,Passenger,,5.0,25.0,GPS,1.0,AMRUM,,AIS,12.0,13.0,3.0,2.0
26/11/2024 15:28:10,Class A,211299300,54.631982,8.381978,Under way using engine,,0.0,117.2,,Unknown,DCHL,EILUN,Passenger,,5.0,25.0,GPS,1.0,AMRUM,,AIS,12.0,13.0,3.0,2.0
26/11/2024 15:28:40,Class A,211299300,54.631985,8.381967,Under way using engine,,0.0,117.2,,Unknown,DCHL,EILUN,Passenger,,5.0,25.0,GPS,1.0,AMRUM,,AIS,12.0,13.0,3.0,2.0
26/11/2024 15:29:10,Class A,211299300,54.632012,8.38192,Under way using engine,,0.0,117.2,,Unknown,DCHL,EILUN,Passenger,,5.0,25.0,GPS,1.0,AMRUM,,AIS,12.0,13.0,3.0,2.0
26/11/2024 15:29:20,Class A,211299300,54.632022,8.381912,Under way using engine,,0.0,117.2,,Unknown,DCHL,EILUN,Passenger,,5.0,25.0,GPS,1.0,AMRUM,,AIS,12.0,13.0,3.0,2.0
26/11/2024 15:29:50,Class A,211299300,54.632017,8.381908,Under way using engine,,0.0,117.2,,Unknown,DCHL,EILUN,Passenger,,5.0,25.0,GPS,1.0,AMRUM,,AIS,12.0,13.0,3.0,2.0
26/11/2024 15:30:50,Class A,211299300,54.632007,8.381945,Under way using engine,,0.0,117.2,,Unknown,DCHL,EILUN,Passenger,,5.0,25.0,GPS,1.0,AMRUM,,AIS,12.0,13.0,3.0,2.0
26/11/2024 15:31:09,Class A,211299300,54.632022,8.381952,Under way using engine,,0.0,117.2,,Unknown,DCHL,EILUN,Passenger,,5.0,25.0,GPS,1.0,AMRUM,,AIS,12.0,13.0,3.0,2.0
26/11/2024 15:31:40,Class A,211299300,54.631998,8.381978,Under way using engine,,0.0,117.2,,Unknown,DCHL,EILUN,Passenger,,5.0,25.0,GPS,1.0,AMRUM,,AIS,12.0,13.0,3.0,2.0
26/11/2024 15:32:09,Class A,211299300,54.631982,8.381968,Under way using engine,,0.0,117.2,,Unknown,DCHL,EILUN,Passenger,,5.0,25.0,GPS,1.0,AMRUM,,AIS,12.0,13.0,3.0,2.0
26/11/2024 15:33:50,Class A,211299300,54.632037,8.381918,Under way using engine,,0.0,117.2,,Unknown,DCHL,EILUN,Passenger,,5.0,25.0,GPS,1.0,AMRUM,,AIS,12.0,13.0,3.0,2.0
26/11/2024 15:34:59,Class A,211299300,54.632002,8.381963,Under way using engine,,0.0,117.2,,Unknown,DCHL,EILUN,Passenger,,5.0,25.0,GPS,1.0,AMRUM,,AIS,12.0,13.0,3.0,2.0
26/11/2024 15:35:09,Class A,211299300,54.631993,8.381978,Under way using engine,,0.0,117.2,,Unknown,DCHL,EILUN,Passenger,,5.0,25.0,GPS,1.0,AMRUM,,AIS,12.0,13.0,3.0,2.0
26/11/2024 15:35:30,Class A,211299300,54.631993,8.38199,Under way using engine,,0.0,117.2,,Unknown,DCHL,EILUN,Passenger,,5.0,25.0,GPS,1.0,AMRUM,,AIS,12.0,13.0,3.0,2.0
26/11/2024 15:36:09,Class A,211299300,54.631993,8.382007,Under way using engine,,0.0,117.2,,Unknown,DCHL,EILUN,Passenger,,5.0,25.0,GPS,1.0,AMRUM,,AIS,12.0,13.0,3.0,2.0
26/11/2024 15:36:30,Class A,211299300,54.632013,8.382005,Under way using engine,,0.0,117.2,,Unknown,DCHL,EILUN,Passenger,,5.0,25.0,GPS,1.0,AMRUM,,AIS,12.0,13.0,3.0,2.0
26/11/2024 15:36:50,Class A,211299300,54.63202,8.38199,Under way using engine,,0.0,117.2,,Unknown,DCHL,EILUN,Passenger,,5.0,25.0,GPS,1.0,AMRUM,,AIS,12.0,13.0,3.0,2.0
26/11/2024 15:36:59,Class A,211299300,54.632023,8.381987,Under way using engine,,0.0,117.2,,Unknown,DCHL,EILUN,Passenger,,5.0,25.0,GPS,1.0,AMRUM,,AIS,12.0,13.0,3.0,2.0
26/11/2024 15:37:59,Class A,211299300,54.632027,8.381978,Under way using engine,,0.0,117.2,,Unknown,DCHL,EILUN,Passenger,,5.0,25.0,GPS,1.0,AMRUM,,AIS,12.0,13.0,3.0,2.0
26/11/2024 15:40:30,Class A,211299300,54.632007,8.381967,Under way using engine,,0.0,117.2,,Unknown,DCHL,EILUN,Passenger,,5.0,25.0,GPS,1.0,AMRUM,,AIS,12.0,13.0,3.0,2.0
26/11/2024 15:40:39,Class A,211299300,54.632012,8.381963,Under way using engine,,0.0,117.2,,Unknown,DCHL,EILUN,Passenger,,5.0,25.0,GPS,1.0,AMRUM,,AIS,12.0,13.0,3.0,2.0
26/11/2024 15:41:09,Class A,211299300,54.632022,8.38197,Under way using engine,,0.0,117.2,,Unknown,DCHL,EILUN,Passenger,,5.0,25.0,GPS,1.0,AMRUM,,AIS,12.0,13.0,3.0,2.0
26/11/2024 15:41:20,Class A,211299300,54.632022,8.381978,Under way using engine,,0.0,117.2,,Unknown,DCHL,EILUN,Passenger,,5.0,25.0,GPS,1.0,AMRUM,,AIS,12.0,13.0,3.0,2.0
26/11/2024 15:42:50,Class A,211299300,54.632003,8.381955,Under way using engine,,0.0,117.2,,Unknown,DCHL,EILUN,Passenger,,5.0,25.0,GPS,1.0,AMRUM,,AIS,12.0,13.0,3.0,2.0
26/11/2024 15:43:09,Class A,211299300,54.631992,8.381957,Under way using engine,,0.0,117.2,,Unknown,DCHL,EILUN,Passenger,,5.0,25.0,GPS,1.0,AMRUM,,AIS,12.0,13.0,3.0,2.0
26/11/2024 15:43:20,Class A,211299300,54.631988,8.38195,Under way using engine,,0.0,117.2,,Unknown,DCHL,EILUN,Passenger,,5.0,25.0,GPS,1.0,AMRUM,,AIS,12.0,13.0,3.0,2.0
26/11/2024 15:43:35,Class A,211299300,54.631988,8.38195,Under way using engine,,0.0,117.2,,Unknown,DCHL,EILUN,Passenger,,5.0,25.0,GPS,1.0,AMRUM,,AIS,12.0,13.0,3.0,2.0
26/11/2024 15:43:40,Class A,211299300,54.631985,8.381942,Under way using engine,,0.0,117.2,,Unknown,DCHL,EILUN,Passenger,,5.0,25.0,GPS,1.0,AMRUM,,AIS,12.0,13.0,3.0,2.0
26/11/2024 15:44:09,Class A,211299300,54.631985,8.38194,Under way using engine,,0.0,117.2,,Unknown,DCHL,EILUN,Passenger,,5.0,25.0,GPS,1.0,AMRUM,,AIS,12.0,13.0,3.0,2.0
26/11/2024 15:44:20,Class A,211299300,54.631982,8.381937,Under way using engine,,0.0,117.2,,Unknown,DCHL,EILUN,Passenger,,5.0,25.0,GPS,1.0,AMRUM,,AIS,12.0,13.0,3.0,2.0
26/11/2024 15:44:40,Class A,211299300,54.63197,8.381943,Under way using engine,,0.0,117.2,,Unknown,DCHL,EILUN,Passenger,,5.0,25.0,GPS,1.0,AMRUM,,AIS,12.0,13.0,3.0,2.0
26/11/2024 15:44:50,Class A,211299300,54.631973,8.38195,Under way using engine,,0.0,117.2,,Unknown,DCHL,EILUN,Passenger,,5.0,25.0,GPS,1.0,AMRUM,,AIS,12.0,13.0,3.0,2.0
26/11/2024 15:45:09,Class A,211299300,54.631988,8.381955,Under way using engine,,0.0,117.2,,Unknown,DCHL,EILUN,Passenger,,5.0,25.0,GPS,1.0,AMRUM,,AIS,12.0,13.0,3.0,2.0
26/11/2024 15:45:20,Class A,211299300,54.631998,8.381953,Under way using engine,,0.0,117.2,,Unknown,DCHL,EILUN,Passenger,,5.0,25.0,GPS,1.0,AMRUM,,AIS,12.0,13.0,3.0,2.0
26/11/2024 15:45:40,Class A,211299300,54.63201,8.38196,Under way using engine,,0.0,117.2,,Unknown,DCHL,EILUN,Passenger,,5.0,25.0,GPS,1.0,AMRUM,,AIS,12.0,13.0,3.0,2.0
26/11/2024 15:46:09,Class A,211299300,54.632018,8.381955,Under way using engine,,0.0,117.2,,Unknown,DCHL,EILUN,Passenger,,5.0,25.0,GPS,1.0,AMRUM,,AIS,12.0,13.0,3.0,2.0
26/11/2024 15:46:20,Class A,211299300,54.632023,8.38196,Under way using engine,,0.0,117.2,,Unknown,DCHL,EILUN,Passenger,,5.0,25.0,GPS,1.0,AMRUM,,AIS,12.0,13.0,3.0,2.0
26/11/2024 15:46:40,Class A,211299300,54.632023,8.381997,Under way using engine,,0.0,117.2,,Unknown,DCHL,EILUN,Passenger,,5.0,25.0,GPS,1.0,AMRUM,,AIS,12.0,13.0,3.0,2.0
26/11/2024 15:46:50,Class A,211299300,54.632023,8.381918,Under way using engine,,0.0,117.2,,Unknown,DCHL,EILUN,Passenger,,5.0,25.0,GPS,1.0,AMRUM,,AIS,12.0,13.0,3.0,2.0
26/11/2024 15:47:09,Class A,211299300,54.632028,8.381873,Under way using engine,,0.0,117.2,,Unknown,DCHL,EILUN,Passenger,,5.0,25.0,GPS,1.0,AMRUM,,AIS,12.0,13.0,3.0,2.0
26/11/2024 15:48:09,Class A,211299300,54.632017,8.382018,Under way using engine,,0.0,117.2,,Unknown,DCHL,EILUN,Passenger,,5.0,25.0,GPS,1.0,AMRUM,,AIS,12.0,13.0,3.0,2.0
26/11/2024 15:48:19,Class A,211299300,54.632018,8.382015,Under way using engine,,0.0,117.2,,Unknown,DCHL,EILUN,Passenger,,5.0,25.0,GPS,1.0,AMRUM,,AIS,12.0,13.0,3.0,2.0
26/11/2024 15:49:29,Class A,211299300,54.63202,8.38199,Under way using engine,,0.0,117.2,,Unknown,DCHL,EILUN,Passenger,,5.0,25.0,GPS,1.0,AMRUM,,AIS,12.0,13.0,3.0,2.0
26/11/2024 15:51:00,Class A,211299300,54.632012,8.382005,Under way using engine,,0.0,117.2,,Unknown,DCHL,EILUN,Passenger,,5.0,25.0,GPS,1.0,AMRUM,,AIS,12.0,13.0,3.0,2.0
26/11/2024 15:54:29,Class A,211299300,54.632013,8.382012,Under way using engine,,0.0,117.2,,Unknown,DCHL,EILUN,Passenger,,5.0,25.0,GPS,1.0,AMRUM,,AIS,12.0,13.0,3.0,2.0
26/11/2024 15:55:29,Class A,211299300,54.632,8.382015,Under way using engine,,0.0,117.2,,Unknown,DCHL,EILUN,Passenger,,5.0,25.0,GPS,1.0,AMRUM,,AIS,12.0,13.0,3.0,2.0
26/11/2024 15:57:10,Class A,211299300,54.631998,8.38202,Under way using engine,,0.0,117.2,,Unknown,DCHL,EILUN,Passenger,,5.0,25.0,GPS,1.0,AMRUM,,AIS,12.0,13.0,3.0,2.0
26/11/2024 15:58:29,Class A,211299300,54.632,8.382008,Under way using engine,,0.0,117.2,,Unknown,DCHL,EILUN,Passenger,,5.0,25.0,GPS,1.0,AMRUM,,AIS,12.0,13.0,3.0,2.0
26/11/2024 16:00:29,Class A,211299300,54.632,8.382,Under way using engine,,0.0,117.2,,Unknown,DCHL,EILUN,Passenger,,5.0,25.0,GPS,1.0,AMRUM,,AIS,12.0,13.0,3.0,2.0
26/11/2024 16:00:49,Class A,211299300,54.632,8.381997,Under way using engine,,0.0,117.2,,Unknown,DCHL,EILUN,Passenger,,5.0,25.0,GPS,1.0,AMRUM,,AIS,12.0,13.0,3.0,2.0
26/11/2024 16:01:29,Class A,211299300,54.631985,8.381977,Under way using engine,,0.0,117.2,,Unknown,DCHL,EILUN,Passenger,,5.0,25.0,GPS,1.0,AMRUM,,AIS,12.0,13.0,3.0,2.0
26/11/2024 16:02:09,Class A,211299300,54.632,8.381973,Under way using engine,,0.0,117.2,,Unknown,DCHL,EILUN,Passenger,,5.0,25.0,GPS,1.0,AMRUM,,AIS,12.0,13.0,3.0,2.0
26/11/2024 16:02:29,Class A,211299300,54.632003,8.381967,Under way using engine,,0.0,117.2,,Unknown,DCHL,EILUN,Passenger,,5.0,25.0,GPS,1.0,AMRUM,,AIS,12.0,13.0,3.0,2.0
26/11/2024 16:03:09,Class A,211299300,54.631985,8.38197,Under way using engine,,0.0,117.2,,Unknown,DCHL,EILUN,Passenger,,5.0,25.0,GPS,1.0,AMRUM,,AIS,12.0,13.0,3.0,2.0
26/11/2024 16:04:00,Class A,211299300,54.632007,8.38197,Under way using engine,,0.0,117.2,,Unknown,DCHL,EILUN,Passenger,,5.0,25.0,GPS,1.0,AMRUM,,AIS,12.0,13.0,3.0,2.0
26/11/2024 16:04:29,Class A,211299300,54.632,8.381972,Under way using engine,,0.0,117.2,,Unknown,DCHL,EILUN,Passenger,,5.0,25.0,GPS,1.0,AMRUM,,AIS,12.0,13.0,3.0,2.0
26/11/2024 16:04:49,Class A,211299300,54.631995,8.381967,Under way using engine,,0.0,117.2,,Unknown,DCHL,EILUN,Passenger,,5.0,25.0,GPS,1.0,AMRUM,,AIS,12.0,13.0,3.0,2.0
26/11/2024 16:05:00,Class A,211299300,54.631993,8.381972,Under way using engine,,0.0,117.2,,Unknown,DCHL,EILUN,Passenger,,5.0,25.0,GPS,1.0,AMRUM,,AIS,12.0,13.0,3.0,2.0
26/11/2024 16:05:29,Class A,211299300,54.631992,8.38199,Under way using engine,,0.0,117.2,,Unknown,DCHL,EILUN,Passenger,,5.0,25.0,GPS,1.0,AMRUM,,AIS,12.0,13.0,3.0,2.0
26/11/2024 16:05:49,Class A,211299300,54.63199,8.38199,Under way using engine,,0.0,117.2,,Unknown,DCHL,EILUN,Passenger,,5.0,25.0,GPS,1.0,AMRUM,,AIS,12.0,13.0,3.0,2.0
26/11/2024 16:06:29,Class A,211299300,54.63198,8.382008,Under way using engine,,0.0,117.2,,Unknown,DCHL,EILUN,Passenger,,5.0,25.0,GPS,1.0,AMRUM,,AIS,12.0,13.0,3.0,2.0
26/11/2024 16:06:39,Class A,211299300,54.631978,8.382007,Under way using engine,,0.0,117.2,,Unknown,DCHL,EILUN,Passenger,,5.0,25.0,GPS,1.0,AMRUM,,AIS,12.0,13.0,3.0,2.0
26/11/2024 16:06:49,Class A,211299300,54.631977,8.382003,Under way using engine,,0.0,117.2,,Unknown,DCHL,EILUN,Passenger,,5.0,25.0,GPS,1.0,AMRUM,,AIS,12.0,13.0,3.0,2.0
26/11/2024 16:08:29,Class A,211299300,54.631992,8.381988,Under way using engine,,0.0,117.2,,Unknown,DCHL,EILUN,Passenger,,5.0,25.0,GPS,1.0,AMRUM,,AIS,12.0,13.0,3.0,2.0
26/11/2024 16:08:49,Class A,211299300,54.631982,8.381998,Under way using engine,,0.0,117.2,,Unknown,DCHL,EILUN,Passenger,,5.0,25.0,GPS,1.0,AMRUM,,AIS,12.0,13.0,3.0,2.0
26/11/2024 16:09:19,Class A,211299300,54.632005,8.381978,Under way using engine,,0.0,117.2,,Unknown,DCHL,EILUN,Passenger,,5.0,25.0,GPS,1.0,AMRUM,,AIS,12.0,13.0,3.0,2.0
26/11/2024 16:09:59,Class A,211299300,54.632018,8.38197,Under way using engine,,0.0,117.2,,Unknown,DCHL,EILUN,Passenger,,5.0,25.0,GPS,1.0,AMRUM,,AIS,12.0,13.0,3.0,2.0
26/11/2024 16:11:49,Class A,211299300,54.632035,8.381985,Under way using engine,,0.0,117.2,,Unknown,DCHL,EILUN,Passenger,,5.0,25.0,GPS,1.0,AMRUM,,AIS,12.0,13.0,3.0,2.0
26/11/2024 16:11:59,Class A,211299300,54.63203,8.381987,Under way using engine,,0.0,117.2,,Unknown,DCHL,EILUN,Passenger,,5.0,25.0,GPS,1.0,AMRUM,,AIS,12.0,13.0,3.0,2.0
26/11/2024 16:12:40,Class A,211299300,54.632015,8.382015,Under way using engine,,0.0,117.2,,Unknown,DCHL,EILUN,Passenger,,5.0,25.0,GPS,1.0,AMRUM,,AIS,12.0,13.0,3.0,2.0
26/11/2024 16:12:49,Class A,211299300,54.632015,8.382017,Under way using engine,,0.0,117.2,,Unknown,DCHL,EILUN,Passenger,,5.0,25.0,GPS,1.0,AMRUM,,AIS,12.0,13.0,3.0,2.0
26/11/2024 16:13:09,Class A,211299300,54.632012,8.382022,Under way using engine,,0.0,117.2,,Unknown,DCHL,EILUN,Passenger,,5.0,25.0,GPS,1.0,AMRUM,,AIS,12.0,13.0,3.0,2.0
26/11/2024 16:13:29,Class A,211299300,54.631985,8.382015,Under way using engine,,0.0,117.2,,Unknown,DCHL,EILUN,Passenger,,5.0,25.0,GPS,1.0,AMRUM,,AIS,12.0,13.0,3.0,2.0
26/11/2024 16:13:40,Class A,211299300,54.631965,8.382015,Under way using engine,,0.0,117.2,,Unknown,DCHL,EILUN,Passenger,,5.0,25.0,GPS,1.0,AMRUM,,AIS,12.0,13.0,3.0,2.0
26/11/2024 16:13:50,Class A,211299300,54.631955,8.382015,Under way using engine,,0.0,117.2,,Unknown,DCHL,EILUN,Passenger,,5.0,25.0,GPS,1.0,AMRUM,,AIS,12.0,13.0,3.0,2.0
26/11/2024 16:14:20,Class A,211299300,54.63202,8.381977,Under way using engine,,0.0,117.2,,Unknown,DCHL,EILUN,Passenger,,5.0,25.0,GPS,1.0,AMRUM,,AIS,12.0,13.0,3.0,2.0
26/11/2024 16:14:50,Class A,211299300,54.631982,8.381985,Under way using engine,,0.0,117.2,,Unknown,DCHL,EILUN,Passenger,,5.0,25.0,GPS,1.0,AMRUM,,AIS,12.0,13.0,3.0,2.0
26/11/2024 16:15:09,Class A,211299300,54.63197,8.38198,Under way using engine,,0.0,117.2,,Unknown,DCHL,EILUN,Passenger,,5.0,25.0,GPS,1.0,AMRUM,,AIS,12.0,13.0,3.0,2.0
26/11/2024 16:15:29,Class A,211299300,54.631967,8.381973,Under way using engine,,0.0,117.2,,Unknown,DCHL,EILUN,Passenger,,5.0,25.0,GPS,1.0,AMRUM,,AIS,12.0,13.0,3.0,2.0
26/11/2024 16:15:50,Class A,211299300,54.631987,8.381958,Under way using engine,,0.0,117.2,,Unknown,DCHL,EILUN,Passenger,,5.0,25.0,GPS,1.0,AMRUM,,AIS,12.0,13.0,3.0,2.0
26/11/2024 16:16:00,Class A,211299300,54.631988,8.381955,Under way using engine,,0.0,117.2,,Unknown,DCHL,EILUN,Passenger,,5.0,25.0,GPS,1.0,AMRUM,,AIS,12.0,13.0,3.0,2.0
26/11/2024 16:16:29,Class A,211299300,54.632013,8.38194,Under way using engine,,0.0,117.2,,Unknown,DCHL,EILUN,Passenger,,5.0,25.0,GPS,1.0,AMRUM,,AIS,12.0,13.0,3.0,2.0
26/11/2024 16:16:50,Class A,211299300,54.632005,8.38196,Under way using engine,,0.0,117.2,,Unknown,DCHL,EILUN,Passenger,,5.0,25.0,GPS,1.0,AMRUM,,AIS,12.0,13.0,3.0,2.0
26/11/2024 16:17:20,Class A,211299300,54.632005,8.381972,Under way using engine,,0.0,117.2,,Unknown,DCHL,EILUN,Passenger,,5.0,25.0,GPS,1.0,AMRUM,,AIS,12.0,13.0,3.0,2.0
26/11/2024 16:18:20,Class A,211299300,54.631997,8.382015,Under way using engine,,0.0,117.2,,Unknown,DCHL,EILUN,Passenger,,5.0,25.0,GPS,1.0,AMRUM,,AIS,12.0,13.0,3.0,2.0
26/11/2024 16:18:40,Class A,211299300,54.631992,8.38201,Under way using engine,,0.0,117.2,,Unknown,DCHL,EILUN,Passenger,,5.0,25.0,GPS,1.0,AMRUM,,AIS,12.0,13.0,3.0,2.0
26/11/2024 16:19:35,Class A,211299300,54.631992,8.38201,Under way using engine,,0.0,117.2,,Unknown,DCHL,EILUN,Passenger,,5.0,25.0,GPS,1.0,AMRUM,,AIS,12.0,13.0,3.0,2.0
26/11/2024 16:19:59,Class A,211299300,54.631978,8.382,Under way using engine,,0.0,117.2,,Unknown,DCHL,EILUN,Passenger,,5.0,25.0,GPS,1.0,AMRUM,,AIS,12.0,13.0,3.0,2.0
26/11/2024 16:20:59,Class A,211299300,54.631985,8.381977,Under way using engine,,0.0,117.2,,Unknown,DCHL,EILUN,Passenger,,5.0,25.0,GPS,1.0,AMRUM,,AIS,12.0,13.0,3.0,2.0
26/11/2024 16:21:40,Class A,211299300,54.631988,8.381977,Under way using engine,,0.0,117.2,,Unknown,DCHL,EILUN,Passenger,,5.0,25.0,GPS,1.0,AMRUM,,AIS,12.0,13.0,3.0,2.0
26/11/2024 16:23:09,Class A,211299300,54.631952,8.381995,Under way using engine,,0.0,117.2,,Unknown,DCHL,EILUN,Passenger,,5.0,25.0,GPS,1.0,AMRUM,,AIS,12.0,13.0,3.0,2.0
26/11/2024 16:23:29,Class A,211299300,54.631967,8.38199,Under way using engine,,0.0,117.2,,Unknown,DCHL,EILUN,Passenger,,5.0,25.0,GPS,1.0,AMRUM,,AIS,12.0,13.0,3.0,2.0
26/11/2024 16:24:09,Class A,211299300,54.631982,8.381992,Under way using engine,,0.0,117.2,,Unknown,DCHL,EILUN,Passenger,,5.0,25.0,GPS,1.0,AMRUM,,AIS,12.0,13.0,3.0,2.0
26/11/2024 16:25:00,Class A,211299300,54.631983,8.381985,Under way using engine,,0.0,117.2,,Unknown,DCHL,EILUN,Passenger,,5.0,25.0,GPS,1.0,AMRUM,,AIS,12.0,13.0,3.0,2.0
26/11/2024 16:25:09,Class A,211299300,54.631992,8.381982,Under way using engine,,0.0,117.2,,Unknown,DCHL,EILUN,Passenger,,5.0,25.0,GPS,1.0,AMRUM,,AIS,12.0,13.0,3.0,2.0
26/11/2024 16:25:29,Class A,211299300,54.631997,8.381985,Under way using engine,,0.0,117.2,,Unknown,DCHL,EILUN,Passenger,,5.0,25.0,GPS,1.0,AMRUM,,AIS,12.0,13.0,3.0,2.0
26/11/2024 16:26:00,Class A,211299300,54.632,8.381985,Under way using engine,,0.0,117.2,,Unknown,DCHL,EILUN,Passenger,,5.0,25.0,GPS,1.0,AMRUM,,AIS,12.0,13.0,3.0,2.0
26/11/2024 16:26:09,Class A,211299300,54.632,8.381978,Under way using engine,,0.0,117.2,,Unknown,DCHL,EILUN,Passenger,,5.0,25.0,GPS,1.0,AMRUM,,AIS,12.0,13.0,3.0,2.0
26/11/2024 16:27:00,Class A,211299300,54.632003,8.381937,Under way using engine,,0.0,117.2,,Unknown,DCHL,EILUN,Passenger,,5.0,25.0,GPS,1.0,AMRUM,,AIS,12.0,13.0,3.0,2.0
26/11/2024 16:27:29,Class A,211299300,54.632,8.381947,Under way using engine,,0.0,117.2,,Unknown,DCHL,EILUN,Passenger,,5.0,25.0,GPS,1.0,AMRUM,,AIS,12.0,13.0,3.0,2.0
26/11/2024 16:27:40,Class A,211299300,54.632005,8.381948,Under way using engine,,0.0,117.2,,Unknown,DCHL,EILUN,Passenger,,5.0,25.0,GPS,1.0,AMRUM,,AIS,12.0,13.0,3.0,2.0
26/11/2024 16:28:00,Class A,211299300,54.632012,8.381955,Under way using engine,,0.0,117.2,,Unknown,DCHL,EILUN,Passenger,,5.0,25.0,GPS,1.0,AMRUM,,AIS,12.0,13.0,3.0,2.0
26/11/2024 16:28:29,Class A,211299300,54.632023,8.381962,Under way using engine,,0.0,117.2,,Unknown,DCHL,EILUN,Passenger,,5.0,25.0,GPS,1.0,AMRUM,,AIS,12.0,13.0,3.0,2.0
26/11/2024 16:28:50,Class A,211299300,54.632023,8.381958,Under way using engine,,0.0,117.2,,Unknown,DCHL,EILUN,Passenger,,5.0,25.0,GPS,1.0,AMRUM,,AIS,12.0,13.0,3.0,2.0
26/11/2024 16:29:29,Class A,211299300,54.632018,8.381968,Under way using engine,,0.0,117.2,,Unknown,DCHL,EILUN,Passenger,,5.0,25.0,GPS,1.0,AMRUM,,AIS,12.0,13.0,3.0,2.0
26/11/2024 16:29:40,Class A,211299300,54.632013,8.381963,Under way using engine,,0.0,117.2,,Unknown,DCHL,EILUN,Passenger,,5.0,25.0,GPS,1.0,AMRUM,,AIS,12.0,13.0,3.0,2.0
26/11/2024 16:29:50,Class A,211299300,54.632007,8.381962,Under way using engine,,0.0,117.2,,Unknown,DCHL,EILUN,Passenger,,5.0,25.0,GPS,1.0,AMRUM,,AIS,12.0,13.0,3.0,2.0
26/11/2024 16:30:00,Class A,211299300,54.632005,8.38196,Under way using engine,,0.0,117.2,,Unknown,DCHL,EILUN,Passenger,,5.0,25.0,GPS,1.0,AMRUM,,AIS,12.0,13.0,3.0,2.0
26/11/2024 16:30:29,Class A,211299300,54.631973,8.381978,Under way using engine,,0.0,117.2,,Unknown,DCHL,EILUN,Passenger,,5.0,25.0,GPS,1.0,AMRUM,,AIS,12.0,13.0,3.0,2.0
26/11/2024 16:30:40,Class A,211299300,54.631993,8.38197,Under way using engine,,0.0,117.2,,Unknown,DCHL,EILUN,Passenger,,5.0,25.0,GPS,1.0,AMRUM,,AIS,12.0,13.0,3.0,2.0
26/11/2024 16:30:50,Class A,211299300,54.632002,8.381972,Under way using engine,,0.0,117.2,,Unknown,DCHL,EILUN,Passenger,,5.0,25.0,GPS,1.0,AMRUM,,AIS,12.0,13.0,3.0,2.0
26/11/2024 16:31:19,Class A,211299300,54.632007,8.381978,Under way using engine,,0.0,117.2,,Unknown,DCHL,EILUN,Passenger,,5.0,25.0,GPS,1.0,AMRUM,,AIS,12.0,13.0,3.0,2.0
26/11/2024 16:31:29,Class A,211299300,54.63201,8.381977,Under way using engine,,0.0,117.2,,Unknown,DCHL,EILUN,Passenger,,5.0,25.0,GPS,1.0,AMRUM,,AIS,12.0,13.0,3.0,2.0
26/11/2024 16:31:35,Class A,211299300,54.63201,8.381977,Under way using engine,,0.0,117.2,,Unknown,DCHL,EILUN,Passenger,,5.0,25.0,GPS,1.0,AMRUM,,AIS,12.0,13.0,3.0,2.0
26/11/2024 16:31:50,Class A,211299300,54.631963,8.382022,Under way using engine,,0.0,117.2,,Unknown,DCHL,EILUN,Passenger,,5.0,25.0,GPS,1.0,AMRUM,,AIS,12.0,13.0,3.0,2.0
26/11/2024 16:32:19,Class A,211299300,54.631982,8.381995,Under way using engine,,0.0,117.2,,Unknown,DCHL,EILUN,Passenger,,5.0,25.0,GPS,1.0,AMRUM,,AIS,12.0,13.0,3.0,2.0
26/11/2024 16:32:29,Class A,211299300,54.631987,8.381988,Under way using engine,,0.0,117.2,,Unknown,DCHL,EILUN,Passenger,,5.0,25.0,GPS,1.0,AMRUM,,AIS,12.0,13.0,3.0,2.0
26/11/2024 16:33:00,Class A,211299300,54.631993,8.381968,Under way using engine,,0.0,117.2,,Unknown,DCHL,EILUN,Passenger,,5.0,25.0,GPS,1.0,AMRUM,,AIS,12.0,13.0,3.0,2.0
26/11/2024 16:33:29,Class A,211299300,54.631992,8.381963,Under way using engine,,0.0,117.2,,Unknown,DCHL,EILUN,Passenger,,5.0,25.0,GPS,1.0,AMRUM,,AIS,12.0,13.0,3.0,2.0
26/11/2024 16:34:00,Class A,211299300,54.632,8.38196,Under way using engine,,0.0,117.2,,Unknown,DCHL,EILUN,Passenger,,5.0,25.0,GPS,1.0,AMRUM,,AIS,12.0,13.0,3.0,2.0
26/11/2024 16:34:29,Class A,211299300,54.63203,8.381933,Under way using engine,,0.0,117.2,,Unknown,DCHL,EILUN,Passenger,,5.0,25.0,GPS,1.0,AMRUM,,AIS,12.0,13.0,3.0,2.0
26/11/2024 16:35:00,Class A,211299300,54.632017,8.381937,Under way using engine,,0.0,117.2,,Unknown,DCHL,EILUN,Passenger,,5.0,25.0,GPS,1.0,AMRUM,,AIS,12.0,13.0,3.0,2.0
26/11/2024 16:36:00,Class A,211299300,54.632007,8.381958,Under way using engine,,0.0,117.2,,Unknown,DCHL,EILUN,Passenger,,5.0,25.0,GPS,1.0,AMRUM,,AIS,12.0,13.0,3.0,2.0
26/11/2024 16:36:10,Class A,211299300,54.632007,8.381963,Under way using engine,,0.0,117.2,,Unknown,DCHL,EILUN,Passenger,,5.0,25.0,GPS,1.0,AMRUM,,AIS,12.0,13.0,3.0,2.0
26/11/2024 16:36:19,Class A,211299300,54.63201,8.38196,Under way using engine,,0.0,117.2,,Unknown,DCHL,EILUN,Passenger,,5.0,25.0,GPS,1.0,AMRUM,,AIS,12.0,13.0,3.0,2.0
26/11/2024 16:37:10,Class A,211299300,54.632012,8.381983,Under way using engine,,0.0,117.2,,Unknown,DCHL,EILUN,Passenger,,5.0,25.0,GPS,1.0,AMRUM,,AIS,12.0,13.0,3.0,2.0
26/11/2024 16:37:29,Class A,211299300,54.632018,8.381992,Under way using engine,,0.0,117.2,,Unknown,DCHL,EILUN,Passenger,,5.0,25.0,GPS,1.0,AMRUM,,AIS,12.0,13.0,3.0,2.0
26/11/2024 16:37:39,Class A,211299300,54.632022,8.381987,Under way using engine,,0.0,117.2,,Unknown,DCHL,EILUN,Passenger,,5.0,25.0,GPS,1.0,AMRUM,,AIS,12.0,13.0,3.0,2.0
26/11/2024 16:38:10,Class A,211299300,54.632007,8.381967,Under way using engine,,0.0,117.2,,Unknown,DCHL,EILUN,Passenger,,5.0,25.0,GPS,1.0,AMRUM,,AIS,12.0,13.0,3.0,2.0
26/11/2024 16:39:49,Class A,211299300,54.631993,8.38199,Under way using engine,,0.0,117.2,,Unknown,DCHL,EILUN,Passenger,,5.0,25.0,GPS,1.0,AMRUM,,AIS,12.0,13.0,3.0,2.0
26/11/2024 16:40:00,Class A,211299300,54.631993,8.381985,Under way using engine,,0.0,117.2,,Unknown,DCHL,EILUN,Passenger,,5.0,25.0,GPS,1.0,AMRUM,,AIS,12.0,13.0,3.0,2.0
26/11/2024 16:40:49,Class A,211299300,54.631985,8.381977,Under way using engine,,0.0,117.2,,Unknown,DCHL,EILUN,Passenger,,5.0,25.0,GPS,1.0,AMRUM,,AIS,12.0,13.0,3.0,2.0
26/11/2024 16:41:49,Class A,211299300,54.632005,8.381967,Under way using engine,,0.0,117.2,,Unknown,DCHL,EILUN,Passenger,,5.0,25.0,GPS,1.0,AMRUM,,AIS,12.0,13.0,3.0,2.0
26/11/2024 16:42:10,Class A,211299300,54.632013,8.381977,Under way using engine,,0.0,117.2,,Unknown,DCHL,EILUN,Passenger,,5.0,25.0,GPS,1.0,AMRUM,,AIS,12.0,13.0,3.0,2.0
26/11/2024 16:42:39,Class A,211299300,54.632,8.381975,Under way using engine,,0.0,117.2,,Unknown,DCHL,EILUN,Passenger,,5.0,25.0,GPS,1.0,AMRUM,,AIS,12.0,13.0,3.0,2.0
26/11/2024 16:44:50,Class A,211299300,54.632,8.38197,Under way using engine,,0.0,117.2,,Unknown,DCHL,EILUN,Passenger,,5.0,25.0,GPS,1.0,AMRUM,,AIS,12.0,13.0,3.0,2.0
26/11/2024 16:47:09,Class A,211299300,54.631987,8.381998,Under way using engine,,0.0,117.2,,Unknown,DCHL,EILUN,Passenger,,5.0,25.0,GPS,1.0,AMRUM,,AIS,12.0,13.0,3.0,2.0
26/11/2024 16:47:50,Class A,211299300,54.631987,8.38199,Under way using engine,,0.0,117.2,,Unknown,DCHL,EILUN,Passenger,,5.0,25.0,GPS,1.0,AMRUM,,AIS,12.0,13.0,3.0,2.0
26/11/2024 16:53:09,Class A,211299300,54.631988,8.382,Under way using engine,,0.0,117.2,,Unknown,DCHL,EILUN,Passenger,,5.0,25.0,GPS,1.0,AMRUM,,AIS,12.0,13.0,3.0,2.0
26/11/2024 16:53:50,Class A,211299300,54.631977,8.382002,Under way using engine,,0.0,117.2,,Unknown,DCHL,EILUN,Passenger,,5.0,25.0,GPS,1.0,AMRUM,,AIS,12.0,13.0,3.0,2.0
26/11/2024 16:54:10,Class A,211299300,54.63198,8.381988,Under way using engine,,0.0,117.2,,Unknown,DCHL,EILUN,Passenger,,5.0,25.0,GPS,1.0,AMRUM,,AIS,12.0,13.0,3.0,2.0
26/11/2024 16:56:10,Class A,211299300,54.631997,8.381973,Under way using engine,,0.0,117.2,,Unknown,DCHL,EILUN,Passenger,,5.0,25.0,GPS,1.0,AMRUM,,AIS,12.0,13.0,3.0,2.0
26/11/2024 16:57:10,Class A,211299300,54.632003,8.38198,Under way using engine,,0.0,117.2,,Unknown,DCHL,EILUN,Passenger,,5.0,25.0,GPS,1.0,AMRUM,,AIS,12.0,13.0,3.0,2.0
26/11/2024 16:57:30,Class A,211299300,54.631985,8.381977,Under way using engine,,0.0,117.2,,Unknown,DCHL,EILUN,Passenger,,5.0,25.0,GPS,1.0,AMRUM,,AIS,12.0,13.0,3.0,2.0
26/11/2024 16:57:59,Class A,211299300,54.632003,8.381985,Under way using engine,,0.0,117.2,,Unknown,DCHL,EILUN,Passenger,,5.0,25.0,GPS,1.0,AMRUM,,AIS,12.0,13.0,3.0,2.0
26/11/2024 16:59:30,Class A,211299300,54.632007,8.381982,Under way using engine,,0.0,117.2,,Unknown,DCHL,EILUN,Passenger,,5.0,25.0,GPS,1.0,AMRUM,,AIS,12.0,13.0,3.0,2.0
26/11/2024 17:01:10,Class A,211299300,54.63202,8.381973,Under way using engine,,0.0,117.2,,Unknown,DCHL,EILUN,Passenger,,5.0,25.0,GPS,1.0,AMRUM,,AIS,12.0,13.0,3.0,2.0
26/11/2024 17:01:30,Class A,211299300,54.632022,8.381967,Under way using engine,,0.0,117.2,,Unknown,DCHL,EILUN,Passenger,,5.0,25.0,GPS,1.0,AMRUM,,AIS,12.0,13.0,3.0,2.0
26/11/2024 17:02:10,Class A,211299300,54.63202,8.381967,Under way using engine,,0.0,117.2,,Unknown,DCHL,EILUN,Passenger,,5.0,25.0,GPS,1.0,AMRUM,,AIS,12.0,13.0,3.0,2.0
26/11/2024 17:02:39,Class A,211299300,54.632012,8.381967,Under way using engine,,0.0,117.2,,Unknown,DCHL,EILUN,Passenger,,5.0,25.0,GPS,1.0,AMRUM,,AIS,12.0,13.0,3.0,2.0
26/11/2024 17:02:50,Class A,211299300,54.632017,8.381973,Under way using engine,,0.0,117.2,,Unknown,DCHL,EILUN,Passenger,,5.0,25.0,GPS,1.0,AMRUM,,AIS,12.0,13.0,3.0,2.0
26/11/2024 17:03:10,Class A,211299300,54.632015,8.381982,Under way using engine,,0.0,117.2,,Unknown,DCHL,EILUN,Passenger,,5.0,25.0,GPS,1.0,AMRUM,,AIS,12.0,13.0,3.0,2.0
26/11/2024 17:04:10,Class A,211299300,54.632052,8.381982,Under way using engine,,0.0,117.2,,Unknown,DCHL,EILUN,Passenger,,5.0,25.0,GPS,1.0,AMRUM,,AIS,12.0,13.0,3.0,2.0
26/11/2024 17:04:50,Class A,211299300,54.632058,8.381967,Under way using engine,,0.0,117.2,,Unknown,DCHL,EILUN,Passenger,,5.0,25.0,GPS,1.0,AMRUM,,AIS,12.0,13.0,3.0,2.0
26/11/2024 17:05:10,Class A,211299300,54.632042,8.381973,Under way using engine,,0.0,117.2,,Unknown,DCHL,EILUN,Passenger,,5.0,25.0,GPS,1.0,AMRUM,,AIS,12.0,13.0,3.0,2.0
26/11/2024 17:05:20,Class A,211299300,54.632032,8.381973,Under way using engine,,0.0,117.2,,Unknown,DCHL,EILUN,Passenger,,5.0,25.0,GPS,1.0,AMRUM,,AIS,12.0,13.0,3.0,2.0
26/11/2024 17:05:39,Class A,211299300,54.632017,8.381977,Under way using engine,,0.0,117.2,,Unknown,DCHL,EILUN,Passenger,,5.0,25.0,GPS,1.0,AMRUM,,AIS,12.0,13.0,3.0,2.0
26/11/2024 17:05:50,Class A,211299300,54.632022,8.381975,Under way using engine,,0.0,117.2,,Unknown,DCHL,EILUN,Passenger,,5.0,25.0,GPS,1.0,AMRUM,,AIS,12.0,13.0,3.0,2.0
26/11/2024 17:06:10,Class A,211299300,54.632012,8.381978,Under way using engine,,0.0,117.2,,Unknown,DCHL,EILUN,Passenger,,5.0,25.0,GPS,1.0,AMRUM,,AIS,12.0,13.0,3.0,2.0
26/11/2024 17:06:20,Class A,211299300,54.632015,8.381978,Under way using engine,,0.0,117.2,,Unknown,DCHL,EILUN,Passenger,,5.0,25.0,GPS,1.0,AMRUM,,AIS,12.0,13.0,3.0,2.0
26/11/2024 17:06:30,Class A,211299300,54.632012,8.381982,Under way using engine,,0.0,117.2,,Unknown,DCHL,EILUN,Passenger,,5.0,25.0,GPS,1.0,AMRUM,,AIS,12.0,13.0,3.0,2.0
26/11/2024 17:06:49,Class A,211299300,54.632,8.38197,Under way using engine,,0.0,117.2,,Unknown,DCHL,EILUN,Passenger,,5.0,25.0,GPS,1.0,AMRUM,,AIS,12.0,13.0,3.0,2.0
26/11/2024 17:07:10,Class A,211299300,54.632015,8.381973,Under way using engine,,0.0,117.2,,Unknown,DCHL,EILUN,Passenger,,5.0,25.0,GPS,1.0,AMRUM,,AIS,12.0,13.0,3.0,2.0
26/11/2024 17:07:30,Class A,211299300,54.632022,8.381968,Under way using engine,,0.0,117.2,,Unknown,DCHL,EILUN,Passenger,,5.0,25.0,GPS,1.0,AMRUM,,AIS,12.0,13.0,3.0,2.0
26/11/2024 17:07:49,Class A,211299300,54.632022,8.381965,Under way using engine,,0.0,117.2,,Unknown,DCHL,EILUN,Passenger,,5.0,25.0,GPS,1.0,AMRUM,,AIS,12.0,13.0,3.0,2.0
26/11/2024 17:08:10,Class A,211299300,54.632023,8.381982,Under way using engine,,0.0,117.2,,Unknown,DCHL,EILUN,Passenger,,5.0,25.0,GPS,1.0,AMRUM,,AIS,12.0,13.0,3.0,2.0
26/11/2024 17:08:30,Class A,211299300,54.632027,8.381987,Under way using engine,,0.0,117.2,,Unknown,DCHL,EILUN,Passenger,,5.0,25.0,GPS,1.0,AMRUM,,AIS,12.0,13.0,3.0,2.0
26/11/2024 17:08:49,Class A,211299300,54.632032,8.381978,Under way using engine,,0.0,117.2,,Unknown,DCHL,EILUN,Passenger,,5.0,25.0,GPS,1.0,AMRUM,,AIS,12.0,13.0,3.0,2.0
26/11/2024 17:09:10,Class A,211299300,54.632032,8.38198,Under way using engine,,0.0,117.2,,Unknown,DCHL,EILUN,Passenger,,5.0,25.0,GPS,1.0,AMRUM,,AIS,12.0,13.0,3.0,2.0
26/11/2024 17:09:39,Class A,211299300,54.63202,8.381988,Under way using engine,,0.0,117.2,,Unknown,DCHL,EILUN,Passenger,,5.0,25.0,GPS,1.0,AMRUM,,AIS,12.0,13.0,3.0,2.0
26/11/2024 17:09:49,Class A,211299300,54.632015,8.381987,Under way using engine,,0.0,117.2,,Unknown,DCHL,EILUN,Passenger,,5.0,25.0,GPS,1.0,AMRUM,,AIS,12.0,13.0,3.0,2.0
26/11/2024 17:10:09,Class A,211299300,54.632012,8.381988,Under way using engine,,0.0,117.2,,Unknown,DCHL,EILUN,Passenger,,5.0,25.0,GPS,1.0,AMRUM,,AIS,12.0,13.0,3.0,2.0
26/11/2024 17:10:39,Class A,211299300,54.631995,8.381992,Under way using engine,,0.0,117.2,,Unknown,DCHL,EILUN,Passenger,,5.0,25.0,GPS,1.0,AMRUM,,AIS,12.0,13.0,3.0,2.0
26/11/2024 17:10:49,Class A,211299300,54.631997,8.381985,Under way using engine,,0.0,117.2,,Unknown,DCHL,EILUN,Passenger,,5.0,25.0,GPS,1.0,AMRUM,,AIS,12.0,13.0,3.0,2.0
26/11/2024 17:11:09,Class A,211299300,54.631995,8.381985,Under way using engine,,0.0,117.2,,Unknown,DCHL,EILUN,Passenger,,5.0,25.0,GPS,1.0,AMRUM,,AIS,12.0,13.0,3.0,2.0
26/11/2024 17:11:30,Class A,211299300,54.631998,8.38197,Under way using engine,,0.0,117.2,,Unknown,DCHL,EILUN,Passenger,,5.0,25.0,GPS,1.0,AMRUM,,AIS,12.0,13.0,3.0,2.0
26/11/2024 17:11:49,Class A,211299300,54.632003,8.381945,Under way using engine,,0.0,117.2,,Unknown,DCHL,EILUN,Passenger,,5.0,25.0,GPS,1.0,AMRUM,,AIS,12.0,13.0,3.0,2.0
26/11/2024 17:12:09,Class A,211299300,54.632015,8.381933,Under way using engine,,0.0,117.2,,Unknown,DCHL,EILUN,Passenger,,5.0,25.0,GPS,1.0,AMRUM,,AIS,12.0,13.0,3.0,2.0
26/11/2024 17:12:30,Class A,211299300,54.632012,8.381928,Under way using engine,,0.0,117.2,,Unknown,DCHL,EILUN,Passenger,,5.0,25.0,GPS,1.0,AMRUM,,AIS,12.0,13.0,3.0,2.0
26/11/2024 17:13:30,Class A,211299300,54.632033,8.381928,Under way using engine,,0.0,117.2,,Unknown,DCHL,EILUN,Passenger,,5.0,25.0,GPS,1.0,AMRUM,,AIS,12.0,13.0,3.0,2.0
26/11/2024 17:13:40,Class A,211299300,54.632035,8.38193,Under way using engine,,0.0,117.2,,Unknown,DCHL,EILUN,Passenger,,5.0,25.0,GPS,1.0,AMRUM,,AIS,12.0,13.0,3.0,2.0
26/11/2024 17:13:49,Class A,211299300,54.63203,8.381935,Under way using engine,,0.0,117.2,,Unknown,DCHL,EILUN,Passenger,,5.0,25.0,GPS,1.0,AMRUM,,AIS,12.0,13.0,3.0,2.0
26/11/2024 17:14:30,Class A,211299300,54.63203,8.381942,Under way using engine,,0.0,117.2,,Unknown,DCHL,EILUN,Passenger,,5.0,25.0,GPS,1.0,AMRUM,,AIS,12.0,13.0,3.0,2.0
26/11/2024 17:14:40,Class A,211299300,54.63203,8.381942,Under way using engine,,0.0,117.2,,Unknown,DCHL,EILUN,Passenger,,5.0,25.0,GPS,1.0,AMRUM,,AIS,12.0,13.0,3.0,2.0
26/11/2024 17:14:49,Class A,211299300,54.632025,8.381943,Under way using engine,,0.0,117.2,,Unknown,DCHL,EILUN,Passenger,,5.0,25.0,GPS,1.0,AMRUM,,AIS,12.0,13.0,3.0,2.0
26/11/2024 17:15:09,Class A,211299300,54.632013,8.381958,Under way using engine,,0.0,117.2,,Unknown,DCHL,EILUN,Passenger,,5.0,25.0,GPS,1.0,AMRUM,,AIS,12.0,13.0,3.0,2.0
26/11/2024 17:15:21,Class A,211299300,54.632005,8.381963,Under way using engine,,0.0,117.2,,Unknown,DCHL,EILUN,Passenger,,5.0,25.0,GPS,1.0,AMRUM,,AIS,12.0,13.0,3.0,2.0
26/11/2024 17:15:30,Class A,211299300,54.632,8.381967,Under way using engine,,0.0,117.2,,Unknown,DCHL,EILUN,Passenger,,5.0,25.0,GPS,1.0,AMRUM,,AIS,12.0,13.0,3.0,2.0
26/11/2024 17:15:40,Class A,211299300,54.631993,8.381973,Under way using engine,,0.0,117.2,,Unknown,DCHL,EILUN,Passenger,,5.0,25.0,GPS,1.0,AMRUM,,AIS,12.0,13.0,3.0,2.0
26/11/2024 17:15:49,Class A,211299300,54.631982,8.381972,Under way using engine,,0.0,117.2,,Unknown,DCHL,EILUN,Passenger,,5.0,25.0,GPS,1.0,AMRUM,,AIS,12.0,13.0,3.0,2.0
26/11/2024 17:16:21,Class A,211299300,54.63197,8.381967,Under way using engine,,0.0,117.2,,Unknown,DCHL,EILUN,Passenger,,5.0,25.0,GPS,1.0,AMRUM,,AIS,12.0,13.0,3.0,2.0
26/11/2024 17:16:30,Class A,211299300,54.63197,8.381968,Under way using engine,,0.0,117.2,,Unknown,DCHL,EILUN,Passenger,,5.0,25.0,GPS,1.0,AMRUM,,AIS,12.0,13.0,3.0,2.0
26/11/2024 17:16:49,Class A,211299300,54.63197,8.381955,Under way using engine,,0.0,117.2,,Unknown,DCHL,EILUN,Passenger,,5.0,25.0,GPS,1.0,AMRUM,,AIS,12.0,13.0,3.0,2.0
26/11/2024 17:17:09,Class A,211299300,54.631982,8.381943,Under way using engine,,0.0,117.2,,Unknown,DCHL,EILUN,Passenger,,5.0,25.0,GPS,1.0,AMRUM,,AIS,12.0,13.0,3.0,2.0
26/11/2024 17:17:21,Class A,211299300,54.631982,8.381963,Under way using engine,,0.0,117.2,,Unknown,DCHL,EILUN,Passenger,,5.0,25.0,GPS,1.0,AMRUM,,AIS,12.0,13.0,3.0,2.0
26/11/2024 17:17:30,Class A,211299300,54.631982,8.381968,Under way using engine,,0.0,117.2,,Unknown,DCHL,EILUN,Passenger,,5.0,25.0,GPS,1.0,AMRUM,,AIS,12.0,13.0,3.0,2.0
26/11/2024 17:17:49,Class A,211299300,54.631977,8.381978,Under way using engine,,0.0,117.2,,Unknown,DCHL,EILUN,Passenger,,5.0,25.0,GPS,1.0,AMRUM,,AIS,12.0,13.0,3.0,2.0
26/11/2024 17:18:30,Class A,211299300,54.63195,8.382025,Under way using engine,,0.0,117.2,,Unknown,DCHL,EILUN,Passenger,,5.0,25.0,GPS,1.0,AMRUM,,AIS,12.0,13.0,3.0,2.0
26/11/2024 17:18:50,Class A,211299300,54.631947,8.382015,Under way using engine,,0.0,117.2,,Unknown,DCHL,EILUN,Passenger,,5.0,25.0,GPS,1.0,AMRUM,,AIS,12.0,13.0,3.0,2.0
26/11/2024 17:19:30,Class A,211299300,54.631958,8.382008,Under way using engine,,0.0,117.2,,Unknown,DCHL,EILUN,Passenger,,5.0,25.0,GPS,1.0,AMRUM,,AIS,12.0,13.0,3.0,2.0
26/11/2024 17:19:35,Class A,211299300,54.631958,8.382008,Under way using engine,,0.0,117.2,,Unknown,DCHL,EILUN,Passenger,,5.0,25.0,GPS,1.0,AMRUM,,AIS,12.0,13.0,3.0,2.0
26/11/2024 17:19:50,Class A,211299300,54.631992,8.381952,Under way using engine,,0.0,117.2,,Unknown,DCHL,EILUN,Passenger,,5.0,25.0,GPS,1.0,AMRUM,,AIS,12.0,13.0,3.0,2.0
26/11/2024 17:21:30,Class A,211299300,54.63203,8.381937,Under way using engine,,0.0,117.2,,Unknown,DCHL,EILUN,Passenger,,5.0,25.0,GPS,1.0,AMRUM,,AIS,12.0,13.0,3.0,2.0
26/11/2024 17:22:30,Class A,211299300,54.632022,8.381982,Under way using engine,,0.0,117.2,,Unknown,DCHL,EILUN,Passenger,,5.0,25.0,GPS,1.0,AMRUM,,AIS,12.0,13.0,3.0,2.0
26/11/2024 17:22:50,Class A,211299300,54.632018,8.381958,Under way using engine,,0.0,117.2,,Unknown,DCHL,EILUN,Passenger,,5.0,25.0,GPS,1.0,AMRUM,,AIS,12.0,13.0,3.0,2.0
26/11/2024 17:23:00,Class A,211299300,54.632007,8.381955,Under way using engine,,0.0,117.2,,Unknown,DCHL,EILUN,Passenger,,5.0,25.0,GPS,1.0,AMRUM,,AIS,12.0,13.0,3.0,2.0
26/11/2024 17:23:50,Class A,211299300,54.63199,8.381968,Under way using engine,,0.0,117.2,,Unknown,DCHL,EILUN,Passenger,,5.0,25.0,GPS,1.0,AMRUM,,AIS,12.0,13.0,3.0,2.0
26/11/2024 17:27:29,Class A,211299300,54.632,8.38197,Under way using engine,,0.0,117.2,,Unknown,DCHL,EILUN,Passenger,,5.0,25.0,GPS,1.0,AMRUM,,AIS,12.0,13.0,3.0,2.0
26/11/2024 17:31:35,Class A,211299300,54.632,8.38197,Under way using engine,,0.0,117.2,,Unknown,DCHL,EILUN,Passenger,,5.0,25.0,GPS,1.0,AMRUM,,AIS,12.0,13.0,3.0,2.0
26/11/2024 17:36:09,Class A,211299300,54.631992,8.381973,Under way using engine,,0.0,117.2,,Unknown,DCHL,EILUN,Passenger,,5.0,25.0,GPS,1.0,AMRUM,,AIS,12.0,13.0,3.0,2.0
26/11/2024 17:36:50,Class A,211299300,54.631993,8.381985,Under way using engine,,0.0,117.2,,Unknown,DCHL,EILUN,Passenger,,5.0,25.0,GPS,1.0,AMRUM,,AIS,12.0,13.0,3.0,2.0
26/11/2024 17:37:50,Class A,211299300,54.631973,8.381987,Under way using engine,,0.0,117.2,,Unknown,DCHL,EILUN,Passenger,,5.0,25.0,GPS,1.0,AMRUM,,AIS,12.0,13.0,3.0,2.0
26/11/2024 17:38:10,Class A,211299300,54.631982,8.381978,Under way using engine,,0.0,117.2,,Unknown,DCHL,EILUN,Passenger,,5.0,25.0,GPS,1.0,AMRUM,,AIS,12.0,13.0,3.0,2.0
26/11/2024 17:38:50,Class A,211299300,54.632012,8.381968,Under way using engine,,0.0,117.2,,Unknown,DCHL,EILUN,Passenger,,5.0,25.0,GPS,1.0,AMRUM,,AIS,12.0,13.0,3.0,2.0
26/11/2024 17:39:10,Class A,211299300,54.632022,8.381952,Under way using engine,,0.0,117.2,,Unknown,DCHL,EILUN,Passenger,,5.0,25.0,GPS,1.0,AMRUM,,AIS,12.0,13.0,3.0,2.0
26/11/2024 17:39:29,Class A,211299300,54.632023,8.381937,Under way using engine,,0.0,117.2,,Unknown,DCHL,EILUN,Passenger,,5.0,25.0,GPS,1.0,AMRUM,,AIS,12.0,13.0,3.0,2.0
26/11/2024 17:40:10,Class A,211299300,54.631992,8.381963,Under way using engine,,0.0,117.2,,Unknown,DCHL,EILUN,Passenger,,5.0,25.0,GPS,1.0,AMRUM,,AIS,12.0,13.0,3.0,2.0
26/11/2024 17:42:40,Class A,211299300,54.631997,8.381945,Under way using engine,,0.0,117.2,,Unknown,DCHL,EILUN,Passenger,,5.0,25.0,GPS,1.0,AMRUM,,AIS,12.0,13.0,3.0,2.0
26/11/2024 17:42:50,Class A,211299300,54.631993,8.381952,Under way using engine,,0.0,117.2,,Unknown,DCHL,EILUN,Passenger,,5.0,25.0,GPS,1.0,AMRUM,,AIS,12.0,13.0,3.0,2.0
26/11/2024 17:43:00,Class A,211299300,54.631993,8.381955,Under way using engine,,0.0,117.2,,Unknown,DCHL,EILUN,Passenger,,5.0,25.0,GPS,1.0,AMRUM,,AIS,12.0,13.0,3.0,2.0
26/11/2024 17:44:29,Class A,211299300,54.632,8.38196,Under way using engine,,0.0,117.2,,Unknown,DCHL,EILUN,Passenger,,5.0,25.0,GPS,1.0,AMRUM,,AIS,12.0,13.0,3.0,2.0
26/11/2024 17:44:50,Class A,211299300,54.632005,8.381955,Under way using engine,,0.0,117.2,,Unknown,DCHL,EILUN,Passenger,,5.0,25.0,GPS,1.0,AMRUM,,AIS,12.0,13.0,3.0,2.0
26/11/2024 17:45:10,Class A,211299300,54.631993,8.38196,Under way using engine,,0.0,117.2,,Unknown,DCHL,EILUN,Passenger,,5.0,25.0,GPS,1.0,AMRUM,,AIS,12.0,13.0,3.0,2.0
26/11/2024 17:46:10,Class A,211299300,54.632012,8.381955,Under way using engine,,0.0,117.2,,Unknown,DCHL,EILUN,Passenger,,5.0,25.0,GPS,1.0,AMRUM,,AIS,12.0,13.0,3.0,2.0
26/11/2024 17:46:29,Class A,211299300,54.632,8.381955,Under way using engine,,0.0,117.2,,Unknown,DCHL,EILUN,Passenger,,5.0,25.0,GPS,1.0,AMRUM,,AIS,12.0,13.0,3.0,2.0
26/11/2024 17:47:10,Class A,211299300,54.63198,8.381967,Under way using engine,,0.0,117.2,,Unknown,DCHL,EILUN,Passenger,,5.0,25.0,GPS,1.0,AMRUM,,AIS,12.0,13.0,3.0,2.0
26/11/2024 17:47:50,Class A,211299300,54.631977,8.381985,Under way using engine,,0.0,117.2,,Unknown,DCHL,EILUN,Passenger,,5.0,25.0,GPS,1.0,AMRUM,,AIS,12.0,13.0,3.0,2.0
26/11/2024 17:48:10,Class A,211299300,54.631982,8.381985,Under way using engine,,0.0,117.2,,Unknown,DCHL,EILUN,Passenger,,5.0,25.0,GPS,1.0,AMRUM,,AIS,12.0,13.0,3.0,2.0
26/11/2024 17:48:29,Class A,211299300,54.631982,8.381985,Under way using engine,,0.0,117.2,,Unknown,DCHL,EILUN,Passenger,,5.0,25.0,GPS,1.0,AMRUM,,AIS,12.0,13.0,3.0,2.0
26/11/2024 17:49:29,Class A,211299300,54.632,8.38199,Under way using engine,,0.0,117.2,,Unknown,DCHL,EILUN,Passenger,,5.0,25.0,GPS,1.0,AMRUM,,AIS,12.0,13.0,3.0,2.0
26/11/2024 17:49:49,Class A,211299300,54.632007,8.381967,Under way using engine,,0.0,117.2,,Unknown,DCHL,EILUN,Passenger,,5.0,25.0,GPS,1.0,AMRUM,,AIS,12.0,13.0,3.0,2.0
26/11/2024 17:49:59,Class A,211299300,54.632008,8.381948,Under way using engine,,0.0,117.2,,Unknown,DCHL,EILUN,Passenger,,5.0,25.0,GPS,1.0,AMRUM,,AIS,12.0,13.0,3.0,2.0
26/11/2024 17:50:09,Class A,211299300,54.632012,8.381928,Under way using engine,,0.0,117.2,,Unknown,DCHL,EILUN,Passenger,,5.0,25.0,GPS,1.0,AMRUM,,AIS,12.0,13.0,3.0,2.0
26/11/2024 17:50:29,Class A,211299300,54.632017,8.381903,Under way using engine,,0.0,117.2,,Unknown,DCHL,EILUN,Passenger,,5.0,25.0,GPS,1.0,AMRUM,,AIS,12.0,13.0,3.0,2.0
26/11/2024 17:51:09,Class A,211299300,54.632003,8.381888,Under way using engine,,0.0,117.2,,Unknown,DCHL,EILUN,Passenger,,5.0,25.0,GPS,1.0,AMRUM,,AIS,12.0,13.0,3.0,2.0
26/11/2024 17:51:29,Class A,211299300,54.632005,8.381872,Under way using engine,,0.0,117.2,,Unknown,DCHL,EILUN,Passenger,,5.0,25.0,GPS,1.0,AMRUM,,AIS,12.0,13.0,3.0,2.0
26/11/2024 17:51:49,Class A,211299300,54.632007,8.38188,Under way using engine,,0.0,117.2,,Unknown,DCHL,EILUN,Passenger,,5.0,25.0,GPS,1.0,AMRUM,,AIS,12.0,13.0,3.0,2.0
26/11/2024 17:53:09,Class A,211299300,54.632005,8.3819,Under way using engine,,0.0,117.2,,Unknown,DCHL,EILUN,Passenger,,5.0,25.0,GPS,1.0,AMRUM,,AIS,12.0,13.0,3.0,2.0
26/11/2024 17:54:09,Class A,211299300,54.632,8.38194,Under way using engine,,0.0,117.2,,Unknown,DCHL,EILUN,Passenger,,5.0,25.0,GPS,1.0,AMRUM,,AIS,12.0,13.0,3.0,2.0
26/11/2024 17:54:29,Class A,211299300,54.631998,8.381952,Under way using engine,,0.0,117.2,,Unknown,DCHL,EILUN,Passenger,,5.0,25.0,GPS,1.0,AMRUM,,AIS,12.0,13.0,3.0,2.0
26/11/2024 17:55:10,Class A,211299300,54.632,8.38194,Under way using engine,,0.0,117.2,,Unknown,DCHL,EILUN,Passenger,,5.0,25.0,GPS,1.0,AMRUM,,AIS,12.0,13.0,3.0,2.0
26/11/2024 17:55:29,Class A,211299300,54.631988,8.381933,Under way using engine,,0.0,117.2,,Unknown,DCHL,EILUN,Passenger,,5.0,25.0,GPS,1.0,AMRUM,,AIS,12.0,13.0,3.0,2.0
26/11/2024 17:55:35,Class A,211299300,54.631988,8.381933,Under way using engine,,0.0,117.2,,Unknown,DCHL,EILUN,Passenger,,5.0,25.0,GPS,1.0,AMRUM,,AIS,12.0,13.0,3.0,2.0
26/11/2024 17:56:10,Class A,211299300,54.631982,8.38194,Under way using engine,,0.0,117.2,,Unknown,DCHL,EILUN,Passenger,,5.0,25.0,GPS,1.0,AMRUM,,AIS,12.0,13.0,3.0,2.0
26/11/2024 17:56:29,Class A,211299300,54.631978,8.381955,Under way using engine,,0.0,117.2,,Unknown,DCHL,EILUN,Passenger,,5.0,25.0,GPS,1.0,AMRUM,,AIS,12.0,13.0,3.0,2.0
26/11/2024 17:57:10,Class A,211299300,54.631975,8.381958,Under way using engine,,0.0,117.2,,Unknown,DCHL,EILUN,Passenger,,5.0,25.0,GPS,1.0,AMRUM,,AIS,12.0,13.0,3.0,2.0
26/11/2024 17:57:29,Class A,211299300,54.631977,8.381967,Under way using engine,,0.0,117.2,,Unknown,DCHL,EILUN,Passenger,,5.0,25.0,GPS,1.0,AMRUM,,AIS,12.0,13.0,3.0,2.0
26/11/2024 17:57:50,Class A,211299300,54.631985,8.381967,Under way using engine,,0.0,117.2,,Unknown,DCHL,EILUN,Passenger,,5.0,25.0,GPS,1.0,AMRUM,,AIS,12.0,13.0,3.0,2.0
26/11/2024 17:58:10,Class A,211299300,54.631988,8.381963,Under way using engine,,0.0,117.2,,Unknown,DCHL,EILUN,Passenger,,5.0,25.0,GPS,1.0,AMRUM,,AIS,12.0,13.0,3.0,2.0
26/11/2024 17:58:30,Class A,211299300,54.631987,8.381957,Under way using engine,,0.0,117.2,,Unknown,DCHL,EILUN,Passenger,,5.0,25.0,GPS,1.0,AMRUM,,AIS,12.0,13.0,3.0,2.0
26/11/2024 17:58:39,Class A,211299300,54.631985,8.381955,Under way using engine,,0.0,117.2,,Unknown,DCHL,EILUN,Passenger,,5.0,25.0,GPS,1.0,AMRUM,,AIS,12.0,13.0,3.0,2.0
26/11/2024 17:58:50,Class A,211299300,54.631983,8.381955,Under way using engine,,0.0,117.2,,Unknown,DCHL,EILUN,Passenger,,5.0,25.0,GPS,1.0,AMRUM,,AIS,12.0,13.0,3.0,2.0
26/11/2024 17:59:50,Class A,211299300,54.631983,8.381955,Under way using engine,,0.0,117.2,,Unknown,DCHL,EILUN,Passenger,,5.0,25.0,GPS,1.0,AMRUM,,AIS,12.0,13.0,3.0,2.0
26/11/2024 18:00:10,Class A,211299300,54.631988,8.38196,Under way using engine,,0.0,117.2,,Unknown,DCHL,EILUN,Passenger,,5.0,25.0,GPS,1.0,AMRUM,,AIS,12.0,13.0,3.0,2.0
26/11/2024 18:00:30,Class A,211299300,54.631993,8.381965,Under way using engine,,0.0,117.2,,Unknown,DCHL,EILUN,Passenger,,5.0,25.0,GPS,1.0,AMRUM,,AIS,12.0,13.0,3.0,2.0
26/11/2024 18:01:10,Class A,211299300,54.632,8.38197,Under way using engine,,0.0,117.2,,Unknown,DCHL,EILUN,Passenger,,5.0,25.0,GPS,1.0,AMRUM,,AIS,12.0,13.0,3.0,2.0
26/11/2024 18:01:30,Class A,211299300,54.631993,8.381967,Under way using engine,,0.0,117.2,,Unknown,DCHL,EILUN,Passenger,,5.0,25.0,GPS,1.0,AMRUM,,AIS,12.0,13.0,3.0,2.0
26/11/2024 18:02:10,Class A,211299300,54.632005,8.381982,Under way using engine,,0.0,117.2,,Unknown,DCHL,EILUN,Passenger,,5.0,25.0,GPS,1.0,AMRUM,,AIS,12.0,13.0,3.0,2.0
26/11/2024 18:03:10,Class A,211299300,54.632005,8.381985,Under way using engine,,0.0,117.2,,Unknown,DCHL,EILUN,Passenger,,5.0,25.0,GPS,1.0,AMRUM,,AIS,12.0,13.0,3.0,2.0
26/11/2024 18:06:10,Class A,211299300,54.631993,8.381967,Under way using engine,,0.0,117.2,,Unknown,DCHL,EILUN,Passenger,,5.0,25.0,GPS,1.0,AMRUM,,AIS,12.0,13.0,3.0,2.0
26/11/2024 18:06:50,Class A,211299300,54.631975,8.382002,Under way using engine,,0.0,117.2,,Unknown,DCHL,EILUN,Passenger,,5.0,25.0,GPS,1.0,AMRUM,,AIS,12.0,13.0,3.0,2.0
26/11/2024 18:07:10,Class A,211299300,54.631973,8.381993,Under way using engine,,0.0,117.2,,Unknown,DCHL,EILUN,Passenger,,5.0,25.0,GPS,1.0,AMRUM,,AIS,12.0,13.0,3.0,2.0
26/11/2024 18:07:50,Class A,211299300,54.631977,8.381985,Under way using engine,,0.0,117.2,,Unknown,DCHL,EILUN,Passenger,,5.0,25.0,GPS,1.0,AMRUM,,AIS,12.0,13.0,3.0,2.0
26/11/2024 18:08:10,Class A,211299300,54.631977,8.381985,Under way using engine,,0.0,117.2,,Unknown,DCHL,EILUN,Passenger,,5.0,25.0,GPS,1.0,AMRUM,,AIS,12.0,13.0,3.0,2.0
26/11/2024 18:08:30,Class A,211299300,54.631975,8.38198,Under way using engine,,0.0,117.2,,Unknown,DCHL,EILUN,Passenger,,5.0,25.0,GPS,1.0,AMRUM,,AIS,12.0,13.0,3.0,2.0
26/11/2024 18:09:00,Class A,211299300,54.631977,8.381985,Under way using engine,,0.0,117.2,,Unknown,DCHL,EILUN,Passenger,,5.0,25.0,GPS,1.0,AMRUM,,AIS,12.0,13.0,3.0,2.0
26/11/2024 18:09:30,Class A,211299300,54.631982,8.381985,Under way using engine,,0.0,117.2,,Unknown,DCHL,EILUN,Passenger,,5.0,25.0,GPS,1.0,AMRUM,,AIS,12.0,13.0,3.0,2.0
26/11/2024 18:10:59,Class A,211299300,54.631988,8.382005,Under way using engine,,0.0,117.2,,Unknown,DCHL,EILUN,Passenger,,5.0,25.0,GPS,1.0,AMRUM,,AIS,12.0,13.0,3.0,2.0
26/11/2024 18:11:30,Class A,211299300,54.632,8.381997,Under way using engine,,0.0,117.2,,Unknown,DCHL,EILUN,Passenger,,5.0,25.0,GPS,1.0,AMRUM,,AIS,12.0,13.0,3.0,2.0
26/11/2024 18:12:50,Class A,211299300,54.632012,8.381993,Under way using engine,,0.0,117.2,,Unknown,DCHL,EILUN,Passenger,,5.0,25.0,GPS,1.0,AMRUM,,AIS,12.0,13.0,3.0,2.0
26/11/2024 18:14:50,Class A,211299300,54.632008,8.382022,Under way using engine,,0.0,117.2,,Unknown,DCHL,EILUN,Passenger,,5.0,25.0,GPS,1.0,AMRUM,,AIS,12.0,13.0,3.0,2.0
26/11/2024 18:15:50,Class A,211299300,54.63199,8.382002,Under way using engine,,0.0,117.2,,Unknown,DCHL,EILUN,Passenger,,5.0,25.0,GPS,1.0,AMRUM,,AIS,12.0,13.0,3.0,2.0
26/11/2024 18:16:10,Class A,211299300,54.631993,8.381997,Under way using engine,,0.0,117.2,,Unknown,DCHL,EILUN,Passenger,,5.0,25.0,GPS,1.0,AMRUM,,AIS,12.0,13.0,3.0,2.0
26/11/2024 18:16:50,Class A,211299300,54.632063,8.382045,Under way using engine,,0.0,117.2,,Unknown,DCHL,EILUN,Passenger,,5.0,25.0,GPS,1.0,AMRUM,,AIS,12.0,13.0,3.0,2.0
26/11/2024 18:17:10,Class A,211299300,54.632042,8.38203,Under way using engine,,0.0,117.2,,Unknown,DCHL,EILUN,Passenger,,5.0,25.0,GPS,1.0,AMRUM,,AIS,12.0,13.0,3.0,2.0
26/11/2024 18:18:50,Class A,211299300,54.631962,8.381897,Under way using engine,,0.0,117.2,,Unknown,DCHL,EILUN,Passenger,,5.0,25.0,GPS,1.0,AMRUM,,AIS,12.0,13.0,3.0,2.0
26/11/2024 18:19:20,Class A,211299300,54.631973,8.38191,Under way using engine,,0.0,117.2,,Unknown,DCHL,EILUN,Passenger,,5.0,25.0,GPS,1.0,AMRUM,,AIS,12.0,13.0,3.0,2.0
26/11/2024 18:19:39,Class A,211299300,54.631977,8.381923,Under way using engine,,0.0,117.2,,Unknown,DCHL,EILUN,Passenger,,5.0,25.0,GPS,1.0,AMRUM,,AIS,12.0,13.0,3.0,2.0
26/11/2024 18:19:50,Class A,211299300,54.631977,8.38193,Under way using engine,,0.0,117.2,,Unknown,DCHL,EILUN,Passenger,,5.0,25.0,GPS,1.0,AMRUM,,AIS,12.0,13.0,3.0,2.0
26/11/2024 18:19:59,Class A,211299300,54.631978,8.38193,Under way using engine,,0.0,117.2,,Unknown,DCHL,EILUN,Passenger,,5.0,25.0,GPS,1.0,AMRUM,,AIS,12.0,13.0,3.0,2.0
26/11/2024 18:20:10,Class A,211299300,54.631982,8.381933,Under way using engine,,0.0,117.2,,Unknown,DCHL,EILUN,Passenger,,5.0,25.0,GPS,1.0,AMRUM,,AIS,12.0,13.0,3.0,2.0
26/11/2024 18:20:50,Class A,211299300,54.631985,8.381933,Under way using engine,,0.0,117.2,,Unknown,DCHL,EILUN,Passenger,,5.0,25.0,GPS,1.0,AMRUM,,AIS,12.0,13.0,3.0,2.0
26/11/2024 18:21:10,Class A,211299300,54.631993,8.381928,Under way using engine,,0.0,117.2,,Unknown,DCHL,EILUN,Passenger,,5.0,25.0,GPS,1.0,AMRUM,,AIS,12.0,13.0,3.0,2.0
26/11/2024 18:21:20,Class A,211299300,54.631995,8.381942,Under way using engine,,0.0,117.2,,Unknown,DCHL,EILUN,Passenger,,5.0,25.0,GPS,1.0,AMRUM,,AIS,12.0,13.0,3.0,2.0
26/11/2024 18:21:50,Class A,211299300,54.632003,8.381947,Under way using engine,,0.0,117.2,,Unknown,DCHL,EILUN,Passenger,,5.0,25.0,GPS,1.0,AMRUM,,AIS,12.0,13.0,3.0,2.0
26/11/2024 18:22:20,Class A,211299300,54.631998,8.381963,Under way using engine,,0.0,117.2,,Unknown,DCHL,EILUN,Passenger,,5.0,25.0,GPS,1.0,AMRUM,,AIS,12.0,13.0,3.0,2.0
26/11/2024 18:23:09,Class A,211299300,54.631993,8.381982,Under way using engine,,0.0,117.2,,Unknown,DCHL,EILUN,Passenger,,5.0,25.0,GPS,1.0,AMRUM,,AIS,12.0,13.0,3.0,2.0
26/11/2024 18:23:19,Class A,211299300,54.631992,8.381983,Under way using engine,,0.0,117.2,,Unknown,DCHL,EILUN,Passenger,,5.0,25.0,GPS,1.0,AMRUM,,AIS,12.0,13.0,3.0,2.0
26/11/2024 18:23:29,Class A,211299300,54.631987,8.381985,Under way using engine,,0.0,117.2,,Unknown,DCHL,EILUN,Passenger,,5.0,25.0,GPS,1.0,AMRUM,,AIS,12.0,13.0,3.0,2.0
26/11/2024 18:23:49,Class A,211299300,54.631997,8.381973,Under way using engine,,0.0,117.2,,Unknown,DCHL,EILUN,Passenger,,5.0,25.0,GPS,1.0,AMRUM,,AIS,12.0,13.0,3.0,2.0
26/11/2024 18:24:09,Class A,211299300,54.631988,8.381995,Under way using engine,,0.0,117.2,,Unknown,DCHL,EILUN,Passenger,,5.0,25.0,GPS,1.0,AMRUM,,AIS,12.0,13.0,3.0,2.0
26/11/2024 18:24:29,Class A,211299300,54.631988,8.381997,Under way using engine,,0.0,117.2,,Unknown,DCHL,EILUN,Passenger,,5.0,25.0,GPS,1.0,AMRUM,,AIS,12.0,13.0,3.0,2.0
26/11/2024 18:25:09,Class A,211299300,54.632,8.381955,Under way using engine,,0.0,117.2,,Unknown,DCHL,EILUN,Passenger,,5.0,25.0,GPS,1.0,AMRUM,,AIS,12.0,13.0,3.0,2.0
26/11/2024 18:25:19,Class A,211299300,54.631997,8.381948,Under way using engine,,0.0,117.2,,Unknown,DCHL,EILUN,Passenger,,5.0,25.0,GPS,1.0,AMRUM,,AIS,12.0,13.0,3.0,2.0
26/11/2024 18:25:29,Class A,211299300,54.631997,8.381943,Under way using engine,,0.0,117.2,,Unknown,DCHL,EILUN,Passenger,,5.0,25.0,GPS,1.0,AMRUM,,AIS,12.0,13.0,3.0,2.0
26/11/2024 18:26:09,Class A,211299300,54.632,8.381958,Under way using engine,,0.0,117.2,,Unknown,DCHL,EILUN,Passenger,,5.0,25.0,GPS,1.0,AMRUM,,AIS,12.0,13.0,3.0,2.0
26/11/2024 18:26:19,Class A,211299300,54.631997,8.381958,Under way using engine,,0.0,117.2,,Unknown,DCHL,EILUN,Passenger,,5.0,25.0,GPS,1.0,AMRUM,,AIS,12.0,13.0,3.0,2.0
26/11/2024 18:26:49,Class A,211299300,54.632,8.381937,Under way using engine,,0.0,117.2,,Unknown,DCHL,EILUN,Passenger,,5.0,25.0,GPS,1.0,AMRUM,,AIS,12.0,13.0,3.0,2.0
26/11/2024 18:27:09,Class A,211299300,54.632005,8.381943,Under way using engine,,0.0,117.2,,Unknown,DCHL,EILUN,Passenger,,5.0,25.0,GPS,1.0,AMRUM,,AIS,12.0,13.0,3.0,2.0
26/11/2024 18:27:39,Class A,211299300,54.631997,8.381978,Under way using engine,,0.0,117.2,,Unknown,DCHL,EILUN,Passenger,,5.0,25.0,GPS,1.0,AMRUM,,AIS,12.0,13.0,3.0,2.0
26/11/2024 18:28:09,Class A,211299300,54.632003,8.381973,Under way using engine,,0.0,117.2,,Unknown,DCHL,EILUN,Passenger,,5.0,25.0,GPS,1.0,AMRUM,,AIS,12.0,13.0,3.0,2.0
26/11/2024 18:29:09,Class A,211299300,54.632007,8.381937,Under way using engine,,0.0,117.2,,Unknown,DCHL,EILUN,Passenger,,5.0,25.0,GPS,1.0,AMRUM,,AIS,12.0,13.0,3.0,2.0
26/11/2024 18:29:30,Class A,211299300,54.632003,8.38194,Under way using engine,,0.0,117.2,,Unknown,DCHL,EILUN,Passenger,,5.0,25.0,GPS,1.0,AMRUM,,AIS,12.0,13.0,3.0,2.0
26/11/2024 18:29:40,Class A,211299300,54.632005,8.381932,Under way using engine,,0.0,117.2,,Unknown,DCHL,EILUN,Passenger,,5.0,25.0,GPS,1.0,AMRUM,,AIS,12.0,13.0,3.0,2.0
26/11/2024 18:30:09,Class A,211299300,54.632012,8.381918,Under way using engine,,0.0,117.2,,Unknown,DCHL,EILUN,Passenger,,5.0,25.0,GPS,1.0,AMRUM,,AIS,12.0,13.0,3.0,2.0
26/11/2024 18:30:30,Class A,211299300,54.632023,8.381905,Under way using engine,,0.0,117.2,,Unknown,DCHL,EILUN,Passenger,,5.0,25.0,GPS,1.0,AMRUM,,AIS,12.0,13.0,3.0,2.0
26/11/2024 18:30:49,Class A,211299300,54.632023,8.381908,Under way using engine,,0.0,117.2,,Unknown,DCHL,EILUN,Passenger,,5.0,25.0,GPS,1.0,AMRUM,,AIS,12.0,13.0,3.0,2.0
26/11/2024 18:31:49,Class A,211299300,54.632,8.381962,Under way using engine,,0.0,117.2,,Unknown,DCHL,EILUN,Passenger,,5.0,25.0,GPS,1.0,AMRUM,,AIS,12.0,13.0,3.0,2.0
26/11/2024 18:32:29,Class A,211299300,54.632,8.38199,Under way using engine,,0.0,117.2,,Unknown,DCHL,EILUN,Passenger,,5.0,25.0,GPS,1.0,AMRUM,,AIS,12.0,13.0,3.0,2.0
26/11/2024 18:32:40,Class A,211299300,54.632,8.381987,Under way using engine,,0.0,117.2,,Unknown,DCHL,EILUN,Passenger,,5.0,25.0,GPS,1.0,AMRUM,,AIS,12.0,13.0,3.0,2.0
26/11/2024 18:32:49,Class A,211299300,54.632005,8.38197,Under way using engine,,0.0,117.2,,Unknown,DCHL,EILUN,Passenger,,5.0,25.0,GPS,1.0,AMRUM,,AIS,12.0,13.0,3.0,2.0
26/11/2024 18:33:09,Class A,211299300,54.632,8.381965,Under way using engine,,0.0,117.2,,Unknown,DCHL,EILUN,Passenger,,5.0,25.0,GPS,1.0,AMRUM,,AIS,12.0,13.0,3.0,2.0
26/11/2024 18:33:40,Class A,211299300,54.631985,8.381955,Under way using engine,,0.0,117.2,,Unknown,DCHL,EILUN,Passenger,,5.0,25.0,GPS,1.0,AMRUM,,AIS,12.0,13.0,3.0,2.0
26/11/2024 18:33:59,Class A,211299300,54.631988,8.381967,Under way using engine,,0.0,117.2,,Unknown,DCHL,EILUN,Passenger,,5.0,25.0,GPS,1.0,AMRUM,,AIS,12.0,13.0,3.0,2.0
26/11/2024 18:34:29,Class A,211299300,54.631985,8.381978,Under way using engine,,0.0,117.2,,Unknown,DCHL,EILUN,Passenger,,5.0,25.0,GPS,1.0,AMRUM,,AIS,12.0,13.0,3.0,2.0
26/11/2024 18:34:40,Class A,211299300,54.631987,8.381977,Under way using engine,,0.0,117.2,,Unknown,DCHL,EILUN,Passenger,,5.0,25.0,GPS,1.0,AMRUM,,AIS,12.0,13.0,3.0,2.0
26/11/2024 18:34:59,Class A,211299300,54.631993,8.381982,Under way using engine,,0.0,117.2,,Unknown,DCHL,EILUN,Passenger,,5.0,25.0,GPS,1.0,AMRUM,,AIS,12.0,13.0,3.0,2.0
26/11/2024 18:35:40,Class A,211299300,54.631993,8.381978,Under way using engine,,0.0,117.2,,Unknown,DCHL,EILUN,Passenger,,5.0,25.0,GPS,1.0,AMRUM,,AIS,12.0,13.0,3.0,2.0
26/11/2024 18:36:10,Class A,211299300,54.631995,8.381963,Under way using engine,,0.0,117.2,,Unknown,DCHL,EILUN,Passenger,,5.0,25.0,GPS,1.0,AMRUM,,AIS,12.0,13.0,3.0,2.0
26/11/2024 18:37:40,Class A,211299300,54.632018,8.381985,Under way using engine,,0.0,117.2,,Unknown,DCHL,EILUN,Passenger,,5.0,25.0,GPS,1.0,AMRUM,,AIS,12.0,13.0,3.0,2.0
26/11/2024 18:37:50,Class A,211299300,54.632012,8.381978,Under way using engine,,0.0,117.2,,Unknown,DCHL,EILUN,Passenger,,5.0,25.0,GPS,1.0,AMRUM,,AIS,12.0,13.0,3.0,2.0
26/11/2024 18:38:10,Class A,211299300,54.632005,8.381958,Under way using engine,,0.0,117.2,,Unknown,DCHL,EILUN,Passenger,,5.0,25.0,GPS,1.0,AMRUM,,AIS,12.0,13.0,3.0,2.0
26/11/2024 18:38:50,Class A,211299300,54.632002,8.38196,Under way using engine,,0.0,117.2,,Unknown,DCHL,EILUN,Passenger,,5.0,25.0,GPS,1.0,AMRUM,,AIS,12.0,13.0,3.0,2.0
26/11/2024 18:39:10,Class A,211299300,54.632015,8.381918,Under way using engine,,0.0,117.2,,Unknown,DCHL,EILUN,Passenger,,5.0,25.0,GPS,1.0,AMRUM,,AIS,12.0,13.0,3.0,2.0
26/11/2024 18:39:29,Class A,211299300,54.632013,8.381907,Under way using engine,,0.0,117.2,,Unknown,DCHL,EILUN,Passenger,,5.0,25.0,GPS,1.0,AMRUM,,AIS,12.0,13.0,3.0,2.0
26/11/2024 18:39:40,Class A,211299300,54.632003,8.38191,Under way using engine,,0.0,117.2,,Unknown,DCHL,EILUN,Passenger,,5.0,25.0,GPS,1.0,AMRUM,,AIS,12.0,13.0,3.0,2.0
26/11/2024 18:39:50,Class A,211299300,54.632005,8.381907,Under way using engine,,0.0,117.2,,Unknown,DCHL,EILUN,Passenger,,5.0,25.0,GPS,1.0,AMRUM,,AIS,12.0,13.0,3.0,2.0
26/11/2024 18:40:10,Class A,211299300,54.632,8.381898,Under way using engine,,0.0,117.2,,Unknown,DCHL,EILUN,Passenger,,5.0,25.0,GPS,1.0,AMRUM,,AIS,12.0,13.0,3.0,2.0
26/11/2024 18:40:29,Class A,211299300,54.631988,8.381907,Under way using engine,,0.0,117.2,,Unknown,DCHL,EILUN,Passenger,,5.0,25.0,GPS,1.0,AMRUM,,AIS,12.0,13.0,3.0,2.0
26/11/2024 18:40:40,Class A,211299300,54.631993,8.381918,Under way using engine,,0.0,117.2,,Unknown,DCHL,EILUN,Passenger,,5.0,25.0,GPS,1.0,AMRUM,,AIS,12.0,13.0,3.0,2.0
26/11/2024 18:40:59,Class A,211299300,54.632,8.381928,Under way using engine,,0.0,117.2,,Unknown,DCHL,EILUN,Passenger,,5.0,25.0,GPS,1.0,AMRUM,,AIS,12.0,13.0,3.0,2.0
26/11/2024 18:41:20,Class A,211299300,54.631998,8.38191,Under way using engine,,0.0,117.2,,Unknown,DCHL,EILUN,Passenger,,5.0,25.0,GPS,1.0,AMRUM,,AIS,12.0,13.0,3.0,2.0
26/11/2024 18:41:29,Class A,211299300,54.631993,8.3819,Under way using engine,,0.0,117.2,,Unknown,DCHL,EILUN,Passenger,,5.0,25.0,GPS,1.0,AMRUM,,AIS,12.0,13.0,3.0,2.0
26/11/2024 18:41:40,Class A,211299300,54.631988,8.381895,Under way using engine,,0.0,117.2,,Unknown,DCHL,EILUN,Passenger,,5.0,25.0,GPS,1.0,AMRUM,,AIS,12.0,13.0,3.0,2.0
26/11/2024 18:41:59,Class A,211299300,54.631992,8.381898,Under way using engine,,0.0,117.2,,Unknown,DCHL,EILUN,Passenger,,5.0,25.0,GPS,1.0,AMRUM,,AIS,12.0,13.0,3.0,2.0
26/11/2024 18:42:09,Class A,211299300,54.631992,8.381902,Under way using engine,,0.0,117.2,,Unknown,DCHL,EILUN,Passenger,,5.0,25.0,GPS,1.0,AMRUM,,AIS,12.0,13.0,3.0,2.0
26/11/2024 18:42:20,Class A,211299300,54.63199,8.38191,Under way using engine,,0.0,117.2,,Unknown,DCHL,EILUN,Passenger,,5.0,25.0,GPS,1.0,AMRUM,,AIS,12.0,13.0,3.0,2.0
26/11/2024 18:43:09,Class A,211299300,54.632003,8.38193,Under way using engine,,0.0,117.2,,Unknown,DCHL,EILUN,Passenger,,5.0,25.0,GPS,1.0,AMRUM,,AIS,12.0,13.0,3.0,2.0
26/11/2024 18:43:20,Class A,211299300,54.632007,8.381937,Under way using engine,,0.0,117.2,,Unknown,DCHL,EILUN,Passenger,,5.0,25.0,GPS,1.0,AMRUM,,AIS,12.0,13.0,3.0,2.0
26/11/2024 18:43:59,Class A,211299300,54.632003,8.381945,Under way using engine,,0.0,117.2,,Unknown,DCHL,EILUN,Passenger,,5.0,25.0,GPS,1.0,AMRUM,,AIS,12.0,13.0,3.0,2.0
26/11/2024 18:44:09,Class A,211299300,54.632,8.381945,Under way using engine,,0.0,117.2,,Unknown,DCHL,EILUN,Passenger,,5.0,25.0,GPS,1.0,AMRUM,,AIS,12.0,13.0,3.0,2.0
26/11/2024 18:44:20,Class A,211299300,54.632,8.381947,Under way using engine,,0.0,117.2,,Unknown,DCHL,EILUN,Passenger,,5.0,25.0,GPS,1.0,AMRUM,,AIS,12.0,13.0,3.0,2.0
26/11/2024 18:44:29,Class A,211299300,54.632,8.38195,Under way using engine,,0.0,117.2,,Unknown,DCHL,EILUN,Passenger,,5.0,25.0,GPS,1.0,AMRUM,,AIS,12.0,13.0,3.0,2.0
26/11/2024 18:44:40,Class A,211299300,54.631997,8.381965,Under way using engine,,0.0,117.2,,Unknown,DCHL,EILUN,Passenger,,5.0,25.0,GPS,1.0,AMRUM,,AIS,12.0,13.0,3.0,2.0
26/11/2024 18:44:59,Class A,211299300,54.631982,8.381962,Under way using engine,,0.0,117.2,,Unknown,DCHL,EILUN,Passenger,,5.0,25.0,GPS,1.0,AMRUM,,AIS,12.0,13.0,3.0,2.0
26/11/2024 18:45:09,Class A,211299300,54.631982,8.381945,Under way using engine,,0.0,117.2,,Unknown,DCHL,EILUN,Passenger,,5.0,25.0,GPS,1.0,AMRUM,,AIS,12.0,13.0,3.0,2.0
26/11/2024 18:45:20,Class A,211299300,54.631982,8.381948,Under way using engine,,0.0,117.2,,Unknown,DCHL,EILUN,Passenger,,5.0,25.0,GPS,1.0,AMRUM,,AIS,12.0,13.0,3.0,2.0
26/11/2024 18:45:59,Class A,211299300,54.632,8.381948,Under way using engine,,0.0,117.2,,Unknown,DCHL,EILUN,Passenger,,5.0,25.0,GPS,1.0,AMRUM,,AIS,12.0,13.0,3.0,2.0
26/11/2024 18:46:09,Class A,211299300,54.632,8.381958,Under way using engine,,0.0,117.2,,Unknown,DCHL,EILUN,Passenger,,5.0,25.0,GPS,1.0,AMRUM,,AIS,12.0,13.0,3.0,2.0
26/11/2024 18:46:20,Class A,211299300,54.632005,8.381945,Under way using engine,,0.0,117.2,,Unknown,DCHL,EILUN,Passenger,,5.0,25.0,GPS,1.0,AMRUM,,AIS,12.0,13.0,3.0,2.0
26/11/2024 18:46:29,Class A,211299300,54.632008,8.381937,Under way using engine,,0.0,117.2,,Unknown,DCHL,EILUN,Passenger,,5.0,25.0,GPS,1.0,AMRUM,,AIS,12.0,13.0,3.0,2.0
26/11/2024 18:46:39,Class A,211299300,54.632022,8.38192,Under way using engine,,0.0,117.2,,Unknown,DCHL,EILUN,Passenger,,5.0,25.0,GPS,1.0,AMRUM,,AIS,12.0,13.0,3.0,2.0
26/11/2024 18:46:59,Class A,211299300,54.632027,8.381877,Under way using engine,,0.0,117.2,,Unknown,DCHL,EILUN,Passenger,,5.0,25.0,GPS,1.0,AMRUM,,AIS,12.0,13.0,3.0,2.0
26/11/2024 18:47:09,Class A,211299300,54.632027,8.381847,Under way using engine,,0.0,117.2,,Unknown,DCHL,EILUN,Passenger,,5.0,25.0,GPS,1.0,AMRUM,,AIS,12.0,13.0,3.0,2.0
26/11/2024 18:47:20,Class A,211299300,54.632053,8.381882,Under way using engine,,0.0,117.2,,Unknown,DCHL,EILUN,Passenger,,5.0,25.0,GPS,1.0,AMRUM,,AIS,12.0,13.0,3.0,2.0
26/11/2024 18:47:29,Class A,211299300,54.632043,8.381898,Under way using engine,,0.0,117.2,,Unknown,DCHL,EILUN,Passenger,,5.0,25.0,GPS,1.0,AMRUM,,AIS,12.0,13.0,3.0,2.0
26/11/2024 18:47:39,Class A,211299300,54.632053,8.38185,Under way using engine,,0.0,117.2,,Unknown,DCHL,EILUN,Passenger,,5.0,25.0,GPS,1.0,AMRUM,,AIS,12.0,13.0,3.0,2.0
26/11/2024 18:47:50,Class A,211299300,54.632052,8.381798,Under way using engine,,0.0,117.2,,Unknown,DCHL,EILUN,Passenger,,5.0,25.0,GPS,1.0,AMRUM,,AIS,12.0,13.0,3.0,2.0
26/11/2024 18:48:10,Class A,211299300,54.632018,8.381887,Under way using engine,,0.0,117.2,,Unknown,DCHL,EILUN,Passenger,,5.0,25.0,GPS,1.0,AMRUM,,AIS,12.0,13.0,3.0,2.0
26/11/2024 18:48:29,Class A,211299300,54.632018,8.38191,Under way using engine,,0.0,117.2,,Unknown,DCHL,EILUN,Passenger,,5.0,25.0,GPS,1.0,AMRUM,,AIS,12.0,13.0,3.0,2.0
26/11/2024 18:48:39,Class A,211299300,54.632012,8.38193,Under way using engine,,0.0,117.2,,Unknown,DCHL,EILUN,Passenger,,5.0,25.0,GPS,1.0,AMRUM,,AIS,12.0,13.0,3.0,2.0
26/11/2024 18:48:50,Class A,211299300,54.631995,8.381952,Under way using engine,,0.0,117.2,,Unknown,DCHL,EILUN,Passenger,,5.0,25.0,GPS,1.0,AMRUM,,AIS,12.0,13.0,3.0,2.0
26/11/2024 18:49:10,Class A,211299300,54.631993,8.381955,Under way using engine,,0.0,117.2,,Unknown,DCHL,EILUN,Passenger,,5.0,25.0,GPS,1.0,AMRUM,,AIS,12.0,13.0,3.0,2.0
26/11/2024 18:49:19,Class A,211299300,54.631972,8.38196,Under way using engine,,0.0,117.2,,Unknown,DCHL,EILUN,Passenger,,5.0,25.0,GPS,1.0,AMRUM,,AIS,12.0,13.0,3.0,2.0
26/11/2024 18:49:29,Class A,211299300,54.631957,8.38197,Under way using engine,,0.0,117.2,,Unknown,DCHL,EILUN,Passenger,,5.0,25.0,GPS,1.0,AMRUM,,AIS,12.0,13.0,3.0,2.0
26/11/2024 18:49:39,Class A,211299300,54.631963,8.381972,Under way using engine,,0.0,117.2,,Unknown,DCHL,EILUN,Passenger,,5.0,25.0,GPS,1.0,AMRUM,,AIS,12.0,13.0,3.0,2.0
26/11/2024 18:49:50,Class A,211299300,54.631982,8.381967,Under way using engine,,0.0,117.2,,Unknown,DCHL,EILUN,Passenger,,5.0,25.0,GPS,1.0,AMRUM,,AIS,12.0,13.0,3.0,2.0
26/11/2024 18:50:10,Class A,211299300,54.631987,8.381958,Under way using engine,,0.0,117.2,,Unknown,DCHL,EILUN,Passenger,,5.0,25.0,GPS,1.0,AMRUM,,AIS,12.0,13.0,3.0,2.0
26/11/2024 18:50:29,Class A,211299300,54.631975,8.381955,Under way using engine,,0.0,117.2,,Unknown,DCHL,EILUN,Passenger,,5.0,25.0,GPS,1.0,AMRUM,,AIS,12.0,13.0,3.0,2.0
26/11/2024 18:50:39,Class A,211299300,54.631957,8.381928,Under way using engine,,0.0,117.2,,Unknown,DCHL,EILUN,Passenger,,5.0,25.0,GPS,1.0,AMRUM,,AIS,12.0,13.0,3.0,2.0
26/11/2024 18:50:50,Class A,211299300,54.631967,8.381933,Under way using engine,,0.0,117.2,,Unknown,DCHL,EILUN,Passenger,,5.0,25.0,GPS,1.0,AMRUM,,AIS,12.0,13.0,3.0,2.0
26/11/2024 18:51:10,Class A,211299300,54.631977,8.381937,Under way using engine,,0.0,117.2,,Unknown,DCHL,EILUN,Passenger,,5.0,25.0,GPS,1.0,AMRUM,,AIS,12.0,13.0,3.0,2.0
26/11/2024 18:51:19,Class A,211299300,54.631977,8.381937,Under way using engine,,0.0,117.2,,Unknown,DCHL,EILUN,Passenger,,5.0,25.0,GPS,1.0,AMRUM,,AIS,12.0,13.0,3.0,2.0
26/11/2024 18:51:29,Class A,211299300,54.631978,8.381933,Under way using engine,,0.0,117.2,,Unknown,DCHL,EILUN,Passenger,,5.0,25.0,GPS,1.0,AMRUM,,AIS,12.0,13.0,3.0,2.0
26/11/2024 18:51:39,Class A,211299300,54.63197,8.38192,Under way using engine,,0.0,117.2,,Unknown,DCHL,EILUN,Passenger,,5.0,25.0,GPS,1.0,AMRUM,,AIS,12.0,13.0,3.0,2.0
26/11/2024 18:52:10,Class A,211299300,54.631967,8.381917,Under way using engine,,0.0,117.2,,Unknown,DCHL,EILUN,Passenger,,5.0,25.0,GPS,1.0,AMRUM,,AIS,12.0,13.0,3.0,2.0
26/11/2024 18:52:19,Class A,211299300,54.631968,8.381918,Under way using engine,,0.0,117.2,,Unknown,DCHL,EILUN,Passenger,,5.0,25.0,GPS,1.0,AMRUM,,AIS,12.0,13.0,3.0,2.0
26/11/2024 18:52:40,Class A,211299300,54.631963,8.381937,Under way using engine,,0.0,117.2,,Unknown,DCHL,EILUN,Passenger,,5.0,25.0,GPS,1.0,AMRUM,,AIS,12.0,13.0,3.0,2.0
26/11/2024 18:52:49,Class A,211299300,54.631962,8.381943,Under way using engine,,0.0,117.2,,Unknown,DCHL,EILUN,Passenger,,5.0,25.0,GPS,1.0,AMRUM,,AIS,12.0,13.0,3.0,2.0
26/11/2024 18:53:10,Class A,211299300,54.631963,8.381948,Under way using engine,,0.0,117.2,,Unknown,DCHL,EILUN,Passenger,,5.0,25.0,GPS,1.0,AMRUM,,AIS,12.0,13.0,3.0,2.0
26/11/2024 18:53:20,Class A,211299300,54.63197,8.381952,Under way using engine,,0.0,117.2,,Unknown,DCHL,EILUN,Passenger,,5.0,25.0,GPS,1.0,AMRUM,,AIS,12.0,13.0,3.0,2.0
26/11/2024 18:53:40,Class A,211299300,54.632023,8.381867,Under way using engine,,0.0,117.2,,Unknown,DCHL,EILUN,Passenger,,5.0,25.0,GPS,1.0,AMRUM,,AIS,12.0,13.0,3.0,2.0
26/11/2024 18:53:49,Class A,211299300,54.632018,8.381852,Under way using engine,,0.0,117.2,,Unknown,DCHL,EILUN,Passenger,,5.0,25.0,GPS,1.0,AMRUM,,AIS,12.0,13.0,3.0,2.0
26/11/2024 18:54:09,Class A,211299300,54.632015,8.381857,Under way using engine,,0.0,117.2,,Unknown,DCHL,EILUN,Passenger,,5.0,25.0,GPS,1.0,AMRUM,,AIS,12.0,13.0,3.0,2.0
26/11/2024 18:54:20,Class A,211299300,54.632012,8.381865,Under way using engine,,0.0,117.2,,Unknown,DCHL,EILUN,Passenger,,5.0,25.0,GPS,1.0,AMRUM,,AIS,12.0,13.0,3.0,2.0
26/11/2024 18:54:40,Class A,211299300,54.632003,8.381888,Under way using engine,,0.0,117.2,,Unknown,DCHL,EILUN,Passenger,,5.0,25.0,GPS,1.0,AMRUM,,AIS,12.0,13.0,3.0,2.0
26/11/2024 18:54:49,Class A,211299300,54.632,8.381892,Under way using engine,,0.0,117.2,,Unknown,DCHL,EILUN,Passenger,,5.0,25.0,GPS,1.0,AMRUM,,AIS,12.0,13.0,3.0,2.0
26/11/2024 18:55:09,Class A,211299300,54.632,8.381907,Under way using engine,,0.0,117.2,,Unknown,DCHL,EILUN,Passenger,,5.0,25.0,GPS,1.0,AMRUM,,AIS,12.0,13.0,3.0,2.0
26/11/2024 18:55:20,Class A,211299300,54.632005,8.381923,Under way using engine,,0.0,117.2,,Unknown,DCHL,EILUN,Passenger,,5.0,25.0,GPS,1.0,AMRUM,,AIS,12.0,13.0,3.0,2.0
26/11/2024 18:55:49,Class A,211299300,54.632008,8.381933,Under way using engine,,0.0,117.2,,Unknown,DCHL,EILUN,Passenger,,5.0,25.0,GPS,1.0,AMRUM,,AIS,12.0,13.0,3.0,2.0
26/11/2024 18:56:00,Class A,211299300,54.632,8.381925,Under way using engine,,0.0,117.2,,Unknown,DCHL,EILUN,Passenger,,5.0,25.0,GPS,1.0,AMRUM,,AIS,12.0,13.0,3.0,2.0
26/11/2024 18:56:09,Class A,211299300,54.631997,8.381922,Under way using engine,,0.0,117.2,,Unknown,DCHL,EILUN,Passenger,,5.0,25.0,GPS,1.0,AMRUM,,AIS,12.0,13.0,3.0,2.0
26/11/2024 18:56:20,Class A,211299300,54.631983,8.381925,Under way using engine,,0.0,117.2,,Unknown,DCHL,EILUN,Passenger,,5.0,25.0,GPS,1.0,AMRUM,,AIS,12.0,13.0,3.0,2.0
26/11/2024 18:56:40,Class A,211299300,54.63198,8.381937,Under way using engine,,0.0,117.2,,Unknown,DCHL,EILUN,Passenger,,5.0,25.0,GPS,1.0,AMRUM,,AIS,12.0,13.0,3.0,2.0
26/11/2024 18:56:49,Class A,211299300,54.631982,8.381937,Under way using engine,,0.0,117.2,,Unknown,DCHL,EILUN,Passenger,,5.0,25.0,GPS,1.0,AMRUM,,AIS,12.0,13.0,3.0,2.0
26/11/2024 18:57:00,Class A,211299300,54.631982,8.381933,Under way using engine,,0.0,117.2,,Unknown,DCHL,EILUN,Passenger,,5.0,25.0,GPS,1.0,AMRUM,,AIS,12.0,13.0,3.0,2.0
26/11/2024 18:57:09,Class A,211299300,54.631983,8.381933,Under way using engine,,0.0,117.2,,Unknown,DCHL,EILUN,Passenger,,5.0,25.0,GPS,1.0,AMRUM,,AIS,12.0,13.0,3.0,2.0
26/11/2024 18:57:20,Class A,211299300,54.631982,8.381925,Under way using engine,,0.0,117.2,,Unknown,DCHL,EILUN,Passenger,,5.0,25.0,GPS,1.0,AMRUM,,AIS,12.0,13.0,3.0,2.0
26/11/2024 18:57:40,Class A,211299300,54.631982,8.381925,Under way using engine,,0.0,117.2,,Unknown,DCHL,EILUN,Passenger,,5.0,25.0,GPS,1.0,AMRUM,,AIS,12.0,13.0,3.0,2.0
26/11/2024 18:57:49,Class A,211299300,54.631982,8.381927,Under way using engine,,0.0,117.2,,Unknown,DCHL,EILUN,Passenger,,5.0,25.0,GPS,1.0,AMRUM,,AIS,12.0,13.0,3.0,2.0
26/11/2024 18:58:00,Class A,211299300,54.631982,8.38193,Under way using engine,,0.0,117.2,,Unknown,DCHL,EILUN,Passenger,,5.0,25.0,GPS,1.0,AMRUM,,AIS,12.0,13.0,3.0,2.0
26/11/2024 18:58:10,Class A,211299300,54.631975,8.38193,Under way using engine,,0.0,117.2,,Unknown,DCHL,EILUN,Passenger,,5.0,25.0,GPS,1.0,AMRUM,,AIS,12.0,13.0,3.0,2.0
26/11/2024 18:58:20,Class A,211299300,54.631977,8.381928,Under way using engine,,0.0,117.2,,Unknown,DCHL,EILUN,Passenger,,5.0,25.0,GPS,1.0,AMRUM,,AIS,12.0,13.0,3.0,2.0
26/11/2024 18:58:30,Class A,211299300,54.631982,8.38193,Under way using engine,,0.0,117.2,,Unknown,DCHL,EILUN,Passenger,,5.0,25.0,GPS,1.0,AMRUM,,AIS,12.0,13.0,3.0,2.0
26/11/2024 18:58:40,Class A,211299300,54.631975,8.38193,Under way using engine,,0.0,117.2,,Unknown,DCHL,EILUN,Passenger,,5.0,25.0,GPS,1.0,AMRUM,,AIS,12.0,13.0,3.0,2.0
26/11/2024 18:58:49,Class A,211299300,54.63197,8.38193,Under way using engine,,0.0,117.2,,Unknown,DCHL,EILUN,Passenger,,5.0,25.0,GPS,1.0,AMRUM,,AIS,12.0,13.0,3.0,2.0
26/11/2024 18:59:10,Class A,211299300,54.631978,8.381942,Under way using engine,,0.0,117.2,,Unknown,DCHL,EILUN,Passenger,,5.0,25.0,GPS,1.0,AMRUM,,AIS,12.0,13.0,3.0,2.0
26/11/2024 18:59:20,Class A,211299300,54.631982,8.381948,Under way using engine,,0.0,117.2,,Unknown,DCHL,EILUN,Passenger,,5.0,25.0,GPS,1.0,AMRUM,,AIS,12.0,13.0,3.0,2.0
26/11/2024 18:59:30,Class A,211299300,54.631988,8.381948,Under way using engine,,0.0,117.2,,Unknown,DCHL,EILUN,Passenger,,5.0,25.0,GPS,1.0,AMRUM,,AIS,12.0,13.0,3.0,2.0
26/11/2024 18:59:40,Class A,211299300,54.631993,8.381945,Under way using engine,,0.0,117.2,,Unknown,DCHL,EILUN,Passenger,,5.0,25.0,GPS,1.0,AMRUM,,AIS,12.0,13.0,3.0,2.0
26/11/2024 18:59:49,Class A,211299300,54.632,8.381943,Under way using engine,,0.0,117.2,,Unknown,DCHL,EILUN,Passenger,,5.0,25.0,GPS,1.0,AMRUM,,AIS,12.0,13.0,3.0,2.0
26/11/2024 19:00:10,Class A,211299300,54.632012,8.381942,Under way using engine,,0.0,117.2,,Unknown,DCHL,EILUN,Passenger,,5.0,25.0,GPS,1.0,AMRUM,,AIS,12.0,13.0,3.0,2.0
26/11/2024 19:00:20,Class A,211299300,54.632012,8.381938,Under way using engine,,0.0,117.2,,Unknown,DCHL,EILUN,Passenger,,5.0,25.0,GPS,1.0,AMRUM,,AIS,12.0,13.0,3.0,2.0
26/11/2024 19:00:30,Class A,211299300,54.632012,8.381937,Under way using engine,,0.0,117.2,,Unknown,DCHL,EILUN,Passenger,,5.0,25.0,GPS,1.0,AMRUM,,AIS,12.0,13.0,3.0,2.0
26/11/2024 19:00:40,Class A,211299300,54.63201,8.381933,Under way using engine,,0.0,117.2,,Unknown,DCHL,EILUN,Passenger,,5.0,25.0,GPS,1.0,AMRUM,,AIS,12.0,13.0,3.0,2.0
26/11/2024 19:00:49,Class A,211299300,54.632007,8.381928,Under way using engine,,0.0,117.2,,Unknown,DCHL,EILUN,Passenger,,5.0,25.0,GPS,1.0,AMRUM,,AIS,12.0,13.0,3.0,2.0
26/11/2024 19:01:10,Class A,211299300,54.631988,8.381917,Under way using engine,,0.0,117.2,,Unknown,DCHL,EILUN,Passenger,,5.0,25.0,GPS,1.0,AMRUM,,AIS,12.0,13.0,3.0,2.0
26/11/2024 19:01:20,Class A,211299300,54.631982,8.381918,Under way using engine,,0.0,117.2,,Unknown,DCHL,EILUN,Passenger,,5.0,25.0,GPS,1.0,AMRUM,,AIS,12.0,13.0,3.0,2.0
26/11/2024 19:01:30,Class A,211299300,54.631982,8.38192,Under way using engine,,0.0,117.2,,Unknown,DCHL,EILUN,Passenger,,5.0,25.0,GPS,1.0,AMRUM,,AIS,12.0,13.0,3.0,2.0
26/11/2024 19:01:40,Class A,211299300,54.631988,8.381923,Under way using engine,,0.0,117.2,,Unknown,DCHL,EILUN,Passenger,,5.0,25.0,GPS,1.0,AMRUM,,AIS,12.0,13.0,3.0,2.0
26/11/2024 19:01:49,Class A,211299300,54.631988,8.381918,Under way using engine,,0.0,117.2,,Unknown,DCHL,EILUN,Passenger,,5.0,25.0,GPS,1.0,AMRUM,,AIS,12.0,13.0,3.0,2.0
26/11/2024 19:02:10,Class A,211299300,54.63199,8.381917,Under way using engine,,0.0,117.2,,Unknown,DCHL,EILUN,Passenger,,5.0,25.0,GPS,1.0,AMRUM,,AIS,12.0,13.0,3.0,2.0
26/11/2024 19:02:20,Class A,211299300,54.631997,8.38191,Under way using engine,,0.0,117.2,,Unknown,DCHL,EILUN,Passenger,,5.0,25.0,GPS,1.0,AMRUM,,AIS,12.0,13.0,3.0,2.0
26/11/2024 19:02:29,Class A,211299300,54.631995,8.381925,Under way using engine,,0.0,117.2,,Unknown,DCHL,EILUN,Passenger,,5.0,25.0,GPS,1.0,AMRUM,,AIS,12.0,13.0,3.0,2.0
26/11/2024 19:02:40,Class A,211299300,54.631988,8.381932,Under way using engine,,0.0,117.2,,Unknown,DCHL,EILUN,Passenger,,5.0,25.0,GPS,1.0,AMRUM,,AIS,12.0,13.0,3.0,2.0
26/11/2024 19:02:49,Class A,211299300,54.631985,8.38194,Under way using engine,,0.0,117.2,,Unknown,DCHL,EILUN,Passenger,,5.0,25.0,GPS,1.0,AMRUM,,AIS,12.0,13.0,3.0,2.0
26/11/2024 19:03:10,Class A,211299300,54.63198,8.381948,Under way using engine,,0.0,117.2,,Unknown,DCHL,EILUN,Passenger,,5.0,25.0,GPS,1.0,AMRUM,,AIS,12.0,13.0,3.0,2.0
26/11/2024 19:03:20,Class A,211299300,54.631978,8.381947,Under way using engine,,0.0,117.2,,Unknown,DCHL,EILUN,Passenger,,5.0,25.0,GPS,1.0,AMRUM,,AIS,12.0,13.0,3.0,2.0
26/11/2024 19:03:29,Class A,211299300,54.631975,8.381943,Under way using engine,,0.0,117.2,,Unknown,DCHL,EILUN,Passenger,,5.0,25.0,GPS,1.0,AMRUM,,AIS,12.0,13.0,3.0,2.0
26/11/2024 19:03:39,Class A,211299300,54.631975,8.381943,Under way using engine,,0.0,117.2,,Unknown,DCHL,EILUN,Passenger,,5.0,25.0,GPS,1.0,AMRUM,,AIS,12.0,13.0,3.0,2.0
26/11/2024 19:03:49,Class A,211299300,54.631975,8.38194,Under way using engine,,0.0,117.2,,Unknown,DCHL,EILUN,Passenger,,5.0,25.0,GPS,1.0,AMRUM,,AIS,12.0,13.0,3.0,2.0
26/11/2024 19:04:10,Class A,211299300,54.631982,8.381947,Under way using engine,,0.0,117.2,,Unknown,DCHL,EILUN,Passenger,,5.0,25.0,GPS,1.0,AMRUM,,AIS,12.0,13.0,3.0,2.0
26/11/2024 19:04:20,Class A,211299300,54.631982,8.381955,Under way using engine,,0.0,117.2,,Unknown,DCHL,EILUN,Passenger,,5.0,25.0,GPS,1.0,AMRUM,,AIS,12.0,13.0,3.0,2.0
26/11/2024 19:04:29,Class A,211299300,54.631985,8.38196,Under way using engine,,0.0,117.2,,Unknown,DCHL,EILUN,Passenger,,5.0,25.0,GPS,1.0,AMRUM,,AIS,12.0,13.0,3.0,2.0
26/11/2024 19:04:39,Class A,211299300,54.631987,8.38196,Under way using engine,,0.0,117.2,,Unknown,DCHL,EILUN,Passenger,,5.0,25.0,GPS,1.0,AMRUM,,AIS,12.0,13.0,3.0,2.0
26/11/2024 19:04:49,Class A,211299300,54.631987,8.381958,Under way using engine,,0.0,117.2,,Unknown,DCHL,EILUN,Passenger,,5.0,25.0,GPS,1.0,AMRUM,,AIS,12.0,13.0,3.0,2.0
26/11/2024 19:05:10,Class A,211299300,54.631988,8.381948,Under way using engine,,0.0,117.2,,Unknown,DCHL,EILUN,Passenger,,5.0,25.0,GPS,1.0,AMRUM,,AIS,12.0,13.0,3.0,2.0
26/11/2024 19:05:20,Class A,211299300,54.63199,8.381948,Under way using engine,,0.0,117.2,,Unknown,DCHL,EILUN,Passenger,,5.0,25.0,GPS,1.0,AMRUM,,AIS,12.0,13.0,3.0,2.0
26/11/2024 19:05:29,Class A,211299300,54.631992,8.381948,Under way using engine,,0.0,117.2,,Unknown,DCHL,EILUN,Passenger,,5.0,25.0,GPS,1.0,AMRUM,,AIS,12.0,13.0,3.0,2.0
26/11/2024 19:05:39,Class A,211299300,54.631988,8.381948,Under way using engine,,0.0,117.2,,Unknown,DCHL,EILUN,Passenger,,5.0,25.0,GPS,1.0,AMRUM,,AIS,12.0,13.0,3.0,2.0
26/11/2024 19:06:09,Class A,211299300,54.631988,8.381942,Under way using engine,,0.0,117.2,,Unknown,DCHL,EILUN,Passenger,,5.0,25.0,GPS,1.0,AMRUM,,AIS,12.0,13.0,3.0,2.0
26/11/2024 19:06:20,Class A,211299300,54.632,8.38194,Under way using engine,,0.0,117.2,,Unknown,DCHL,EILUN,Passenger,,5.0,25.0,GPS,1.0,AMRUM,,AIS,12.0,13.0,3.0,2.0
26/11/2024 19:06:29,Class A,211299300,54.632007,8.381933,Under way using engine,,0.0,117.2,,Unknown,DCHL,EILUN,Passenger,,5.0,25.0,GPS,1.0,AMRUM,,AIS,12.0,13.0,3.0,2.0
26/11/2024 19:06:39,Class A,211299300,54.632002,8.381935,Under way using engine,,0.0,117.2,,Unknown,DCHL,EILUN,Passenger,,5.0,25.0,GPS,1.0,AMRUM,,AIS,12.0,13.0,3.0,2.0
26/11/2024 19:07:09,Class A,211299300,54.632012,8.381948,Under way using engine,,0.0,117.2,,Unknown,DCHL,EILUN,Passenger,,5.0,25.0,GPS,1.0,AMRUM,,AIS,12.0,13.0,3.0,2.0
26/11/2024 19:07:20,Class A,211299300,54.632023,8.381937,Under way using engine,,0.0,117.2,,Unknown,DCHL,EILUN,Passenger,,5.0,25.0,GPS,1.0,AMRUM,,AIS,12.0,13.0,3.0,2.0
26/11/2024 19:07:29,Class A,211299300,54.632022,8.381937,Under way using engine,,0.0,117.2,,Unknown,DCHL,EILUN,Passenger,,5.0,25.0,GPS,1.0,AMRUM,,AIS,12.0,13.0,3.0,2.0
26/11/2024 19:07:35,Class A,211299300,54.632022,8.381937,Under way using engine,,0.0,117.2,,Unknown,DCHL,EILUN,Passenger,,5.0,25.0,GPS,1.0,AMRUM,,AIS,12.0,13.0,3.0,2.0
26/11/2024 19:07:39,Class A,211299300,54.632018,8.381938,Under way using engine,,0.0,117.2,,Unknown,DCHL,EILUN,Passenger,,5.0,25.0,GPS,1.0,AMRUM,,AIS,12.0,13.0,3.0,2.0
26/11/2024 19:08:09,Class A,211299300,54.632067,8.381907,Under way using engine,,0.0,117.2,,Unknown,DCHL,EILUN,Passenger,,5.0,25.0,GPS,1.0,AMRUM,,AIS,12.0,13.0,3.0,2.0
26/11/2024 19:08:20,Class A,211299300,54.632067,8.38191,Under way using engine,,0.0,117.2,,Unknown,DCHL,EILUN,Passenger,,5.0,25.0,GPS,1.0,AMRUM,,AIS,12.0,13.0,3.0,2.0
26/11/2024 19:08:29,Class A,211299300,54.632067,8.381908,Under way using engine,,0.0,117.2,,Unknown,DCHL,EILUN,Passenger,,5.0,25.0,GPS,1.0,AMRUM,,AIS,12.0,13.0,3.0,2.0
26/11/2024 19:08:39,Class A,211299300,54.632025,8.381935,Under way using engine,,0.0,117.2,,Unknown,DCHL,EILUN,Passenger,,5.0,25.0,GPS,1.0,AMRUM,,AIS,12.0,13.0,3.0,2.0
26/11/2024 19:09:00,Class A,211299300,54.632105,8.381872,Under way using engine,,0.0,117.2,,Unknown,DCHL,EILUN,Passenger,,5.0,25.0,GPS,1.0,AMRUM,,AIS,12.0,13.0,3.0,2.0
26/11/2024 19:09:09,Class A,211299300,54.632068,8.381905,Under way using engine,,0.0,117.2,,Unknown,DCHL,EILUN,Passenger,,5.0,25.0,GPS,1.0,AMRUM,,AIS,12.0,13.0,3.0,2.0
26/11/2024 19:09:20,Class A,211299300,54.632083,8.381885,Under way using engine,,0.0,117.2,,Unknown,DCHL,EILUN,Passenger,,5.0,25.0,GPS,1.0,AMRUM,,AIS,12.0,13.0,3.0,2.0
26/11/2024 19:09:30,Class A,211299300,54.632102,8.381858,Under way using engine,,0.0,117.2,,Unknown,DCHL,EILUN,Passenger,,5.0,25.0,GPS,1.0,AMRUM,,AIS,12.0,13.0,3.0,2.0
26/11/2024 19:09:39,Class A,211299300,54.63211,8.381847,Under way using engine,,0.0,117.2,,Unknown,DCHL,EILUN,Passenger,,5.0,25.0,GPS,1.0,AMRUM,,AIS,12.0,13.0,3.0,2.0
26/11/2024 19:09:59,Class A,211299300,54.632133,8.381813,Under way using engine,,0.0,117.2,,Unknown,DCHL,EILUN,Passenger,,5.0,25.0,GPS,1.0,AMRUM,,AIS,12.0,13.0,3.0,2.0
26/11/2024 19:10:09,Class A,211299300,54.632115,8.381822,Under way using engine,,0.0,117.2,,Unknown,DCHL,EILUN,Passenger,,5.0,25.0,GPS,1.0,AMRUM,,AIS,12.0,13.0,3.0,2.0
26/11/2024 19:10:20,Class A,211299300,54.632095,8.381823,Under way using engine,,0.0,117.2,,Unknown,DCHL,EILUN,Passenger,,5.0,25.0,GPS,1.0,AMRUM,,AIS,12.0,13.0,3.0,2.0
26/11/2024 19:10:30,Class A,211299300,54.63209,8.381823,Under way using engine,,0.0,117.2,,Unknown,DCHL,EILUN,Passenger,,5.0,25.0,GPS,1.0,AMRUM,,AIS,12.0,13.0,3.0,2.0
26/11/2024 19:10:39,Class A,211299300,54.632088,8.381832,Under way using engine,,0.0,117.2,,Unknown,DCHL,EILUN,Passenger,,5.0,25.0,GPS,1.0,AMRUM,,AIS,12.0,13.0,3.0,2.0
26/11/2024 19:10:49,Class A,211299300,54.632078,8.381833,Under way using engine,,0.0,117.2,,Unknown,DCHL,EILUN,Passenger,,5.0,25.0,GPS,1.0,AMRUM,,AIS,12.0,13.0,3.0,2.0
26/11/2024 19:10:59,Class A,211299300,54.632062,8.381847,Under way using engine,,0.0,117.2,,Unknown,DCHL,EILUN,Passenger,,5.0,25.0,GPS,1.0,AMRUM,,AIS,12.0,13.0,3.0,2.0
26/11/2024 19:11:09,Class A,211299300,54.632057,8.38185,Under way using engine,,0.0,117.2,,Unknown,DCHL,EILUN,Passenger,,5.0,25.0,GPS,1.0,AMRUM,,AIS,12.0,13.0,3.0,2.0
26/11/2024 19:11:20,Class A,211299300,54.632043,8.381858,Under way using engine,,0.0,117.2,,Unknown,DCHL,EILUN,Passenger,,5.0,25.0,GPS,1.0,AMRUM,,AIS,12.0,13.0,3.0,2.0
26/11/2024 19:11:30,Class A,211299300,54.632027,8.381877,Under way using engine,,0.0,117.2,,Unknown,DCHL,EILUN,Passenger,,5.0,25.0,GPS,1.0,AMRUM,,AIS,12.0,13.0,3.0,2.0
26/11/2024 19:11:59,Class A,211299300,54.632005,8.381873,Under way using engine,,0.0,117.2,,Unknown,DCHL,EILUN,Passenger,,5.0,25.0,GPS,1.0,AMRUM,,AIS,12.0,13.0,3.0,2.0
26/11/2024 19:12:10,Class A,211299300,54.632003,8.381865,Under way using engine,,0.0,117.2,,Unknown,DCHL,EILUN,Passenger,,5.0,25.0,GPS,1.0,AMRUM,,AIS,12.0,13.0,3.0,2.0
26/11/2024 19:12:20,Class A,211299300,54.63199,8.381877,Under way using engine,,0.0,117.2,,Unknown,DCHL,EILUN,Passenger,,5.0,25.0,GPS,1.0,AMRUM,,AIS,12.0,13.0,3.0,2.0
26/11/2024 19:12:59,Class A,211299300,54.631982,8.381877,Under way using engine,,0.0,117.2,,Unknown,DCHL,EILUN,Passenger,,5.0,25.0,GPS,1.0,AMRUM,,AIS,12.0,13.0,3.0,2.0
26/11/2024 19:13:20,Class A,211299300,54.631978,8.38188,Under way using engine,,0.0,117.2,,Unknown,DCHL,EILUN,Passenger,,5.0,25.0,GPS,1.0,AMRUM,,AIS,12.0,13.0,3.0,2.0
26/11/2024 19:13:30,Class A,211299300,54.631975,8.381878,Under way using engine,,0.0,117.2,,Unknown,DCHL,EILUN,Passenger,,5.0,25.0,GPS,1.0,AMRUM,,AIS,12.0,13.0,3.0,2.0
26/11/2024 19:13:35,Class A,211299300,54.631975,8.381878,Under way using engine,,0.0,117.2,,Unknown,DCHL,EILUN,Passenger,,5.0,25.0,GPS,1.0,AMRUM,,AIS,12.0,13.0,3.0,2.0
26/11/2024 19:13:41,Class A,211299300,54.631982,8.381888,Under way using engine,,0.0,117.2,,Unknown,DCHL,EILUN,Passenger,,5.0,25.0,GPS,1.0,AMRUM,,AIS,12.0,13.0,3.0,2.0
26/11/2024 19:13:49,Class A,211299300,54.631982,8.381895,Under way using engine,,0.0,117.2,,Unknown,DCHL,EILUN,Passenger,,5.0,25.0,GPS,1.0,AMRUM,,AIS,12.0,13.0,3.0,2.0
26/11/2024 19:13:59,Class A,211299300,54.631973,8.381907,Under way using engine,,0.0,117.2,,Unknown,DCHL,EILUN,Passenger,,5.0,25.0,GPS,1.0,AMRUM,,AIS,12.0,13.0,3.0,2.0
26/11/2024 19:14:20,Class A,211299300,54.63197,8.381907,Under way using engine,,0.0,117.2,,Unknown,DCHL,EILUN,Passenger,,5.0,25.0,GPS,1.0,AMRUM,,AIS,12.0,13.0,3.0,2.0
26/11/2024 19:14:30,Class A,211299300,54.631953,8.381883,Under way using engine,,0.0,117.2,,Unknown,DCHL,EILUN,Passenger,,5.0,25.0,GPS,1.0,AMRUM,,AIS,12.0,13.0,3.0,2.0
26/11/2024 19:14:49,Class A,211299300,54.631943,8.381862,Under way using engine,,0.0,117.2,,Unknown,DCHL,EILUN,Passenger,,5.0,25.0,GPS,1.0,AMRUM,,AIS,12.0,13.0,3.0,2.0
26/11/2024 19:14:59,Class A,211299300,54.631955,8.381863,Under way using engine,,0.0,117.2,,Unknown,DCHL,EILUN,Passenger,,5.0,25.0,GPS,1.0,AMRUM,,AIS,12.0,13.0,3.0,2.0
26/11/2024 19:15:10,Class A,211299300,54.631955,8.381865,Under way using engine,,0.0,117.2,,Unknown,DCHL,EILUN,Passenger,,5.0,25.0,GPS,1.0,AMRUM,,AIS,12.0,13.0,3.0,2.0
26/11/2024 19:15:20,Class A,211299300,54.631957,8.38187,Under way using engine,,0.0,117.2,,Unknown,DCHL,EILUN,Passenger,,5.0,25.0,GPS,1.0,AMRUM,,AIS,12.0,13.0,3.0,2.0
26/11/2024 19:15:39,Class A,211299300,54.631957,8.381878,Under way using engine,,0.0,117.2,,Unknown,DCHL,EILUN,Passenger,,5.0,25.0,GPS,1.0,AMRUM,,AIS,12.0,13.0,3.0,2.0
26/11/2024 19:15:49,Class A,211299300,54.631975,8.381867,Under way using engine,,0.0,117.2,,Unknown,DCHL,EILUN,Passenger,,5.0,25.0,GPS,1.0,AMRUM,,AIS,12.0,13.0,3.0,2.0
26/11/2024 19:15:59,Class A,211299300,54.631975,8.381877,Under way using engine,,0.0,117.2,,Unknown,DCHL,EILUN,Passenger,,5.0,25.0,GPS,1.0,AMRUM,,AIS,12.0,13.0,3.0,2.0
26/11/2024 19:16:10,Class A,211299300,54.63197,8.381825,Under way using engine,,0.0,117.2,,Unknown,DCHL,EILUN,Passenger,,5.0,25.0,GPS,1.0,AMRUM,,AIS,12.0,13.0,3.0,2.0
26/11/2024 19:16:20,Class A,211299300,54.631973,8.381812,Under way using engine,,0.0,117.2,,Unknown,DCHL,EILUN,Passenger,,5.0,25.0,GPS,1.0,AMRUM,,AIS,12.0,13.0,3.0,2.0
26/11/2024 19:16:29,Class A,211299300,54.63198,8.381817,Under way using engine,,0.0,117.2,,Unknown,DCHL,EILUN,Passenger,,5.0,25.0,GPS,1.0,AMRUM,,AIS,12.0,13.0,3.0,2.0
26/11/2024 19:16:59,Class A,211299300,54.631988,8.381853,Under way using engine,,0.0,117.2,,Unknown,DCHL,EILUN,Passenger,,5.0,25.0,GPS,1.0,AMRUM,,AIS,12.0,13.0,3.0,2.0
26/11/2024 19:17:10,Class A,211299300,54.631983,8.381838,Under way using engine,,0.0,117.2,,Unknown,DCHL,EILUN,Passenger,,5.0,25.0,GPS,1.0,AMRUM,,AIS,12.0,13.0,3.0,2.0
26/11/2024 19:17:20,Class A,211299300,54.631985,8.381825,Under way using engine,,0.0,117.2,,Unknown,DCHL,EILUN,Passenger,,5.0,25.0,GPS,1.0,AMRUM,,AIS,12.0,13.0,3.0,2.0
26/11/2024 19:17:29,Class A,211299300,54.631988,8.38182,Under way using engine,,0.0,117.2,,Unknown,DCHL,EILUN,Passenger,,5.0,25.0,GPS,1.0,AMRUM,,AIS,12.0,13.0,3.0,2.0
26/11/2024 19:17:49,Class A,211299300,54.631993,8.38183,Under way using engine,,0.0,117.2,,Unknown,DCHL,EILUN,Passenger,,5.0,25.0,GPS,1.0,AMRUM,,AIS,12.0,13.0,3.0,2.0
26/11/2024 19:17:59,Class A,211299300,54.631997,8.381843,Under way using engine,,0.0,117.2,,Unknown,DCHL,EILUN,Passenger,,5.0,25.0,GPS,1.0,AMRUM,,AIS,12.0,13.0,3.0,2.0
26/11/2024 19:18:10,Class A,211299300,54.632005,8.381857,Under way using engine,,0.0,117.2,,Unknown,DCHL,EILUN,Passenger,,5.0,25.0,GPS,1.0,AMRUM,,AIS,12.0,13.0,3.0,2.0
26/11/2024 19:18:20,Class A,211299300,54.632023,8.381877,Under way using engine,,0.0,117.2,,Unknown,DCHL,EILUN,Passenger,,5.0,25.0,GPS,1.0,AMRUM,,AIS,12.0,13.0,3.0,2.0
26/11/2024 19:18:29,Class A,211299300,54.632035,8.381883,Under way using engine,,0.0,117.2,,Unknown,DCHL,EILUN,Passenger,,5.0,25.0,GPS,1.0,AMRUM,,AIS,12.0,13.0,3.0,2.0
26/11/2024 19:18:49,Class A,211299300,54.632042,8.381888,Under way using engine,,0.0,117.2,,Unknown,DCHL,EILUN,Passenger,,5.0,25.0,GPS,1.0,AMRUM,,AIS,12.0,13.0,3.0,2.0
26/11/2024 19:18:59,Class A,211299300,54.63203,8.381883,Under way using engine,,0.0,117.2,,Unknown,DCHL,EILUN,Passenger,,5.0,25.0,GPS,1.0,AMRUM,,AIS,12.0,13.0,3.0,2.0
26/11/2024 19:19:10,Class A,211299300,54.63203,8.381895,Under way using engine,,0.0,117.2,,Unknown,DCHL,EILUN,Passenger,,5.0,25.0,GPS,1.0,AMRUM,,AIS,12.0,13.0,3.0,2.0
26/11/2024 19:19:29,Class A,211299300,54.632023,8.381918,Under way using engine,,0.0,117.2,,Unknown,DCHL,EILUN,Passenger,,5.0,25.0,GPS,1.0,AMRUM,,AIS,12.0,13.0,3.0,2.0
26/11/2024 19:19:35,Class A,211299300,54.632023,8.381918,Under way using engine,,0.0,117.2,,Unknown,DCHL,EILUN,Passenger,,5.0,25.0,GPS,1.0,AMRUM,,AIS,12.0,13.0,3.0,2.0
26/11/2024 19:19:49,Class A,211299300,54.632018,8.381935,Under way using engine,,0.0,117.2,,Unknown,DCHL,EILUN,Passenger,,5.0,25.0,GPS,1.0,AMRUM,,AIS,12.0,13.0,3.0,2.0
26/11/2024 19:20:10,Class A,211299300,54.632018,8.381942,Under way using engine,,0.0,117.2,,Unknown,DCHL,EILUN,Passenger,,5.0,25.0,GPS,1.0,AMRUM,,AIS,12.0,13.0,3.0,2.0
26/11/2024 19:20:19,Class A,211299300,54.632012,8.381937,Under way using engine,,0.0,117.2,,Unknown,DCHL,EILUN,Passenger,,5.0,25.0,GPS,1.0,AMRUM,,AIS,12.0,13.0,3.0,2.0
26/11/2024 19:20:30,Class A,211299300,54.631997,8.38193,Under way using engine,,0.0,117.2,,Unknown,DCHL,EILUN,Passenger,,5.0,25.0,GPS,1.0,AMRUM,,AIS,12.0,13.0,3.0,2.0
26/11/2024 19:20:39,Class A,211299300,54.63199,8.381917,Under way using engine,,0.0,117.2,,Unknown,DCHL,EILUN,Passenger,,5.0,25.0,GPS,1.0,AMRUM,,AIS,12.0,13.0,3.0,2.0
26/11/2024 19:21:09,Class A,211299300,54.632018,8.381918,Under way using engine,,0.0,117.2,,Unknown,DCHL,EILUN,Passenger,,5.0,25.0,GPS,1.0,AMRUM,,AIS,12.0,13.0,3.0,2.0
26/11/2024 19:21:19,Class A,211299300,54.632017,8.38192,Under way using engine,,0.0,117.2,,Unknown,DCHL,EILUN,Passenger,,5.0,25.0,GPS,1.0,AMRUM,,AIS,12.0,13.0,3.0,2.0
26/11/2024 19:21:30,Class A,211299300,54.632018,8.381918,Under way using engine,,0.0,117.2,,Unknown,DCHL,EILUN,Passenger,,5.0,25.0,GPS,1.0,AMRUM,,AIS,12.0,13.0,3.0,2.0
26/11/2024 19:21:39,Class A,211299300,54.632022,8.38191,Under way using engine,,0.0,117.2,,Unknown,DCHL,EILUN,Passenger,,5.0,25.0,GPS,1.0,AMRUM,,AIS,12.0,13.0,3.0,2.0
26/11/2024 19:22:09,Class A,211299300,54.632013,8.381925,Under way using engine,,0.0,117.2,,Unknown,DCHL,EILUN,Passenger,,5.0,25.0,GPS,1.0,AMRUM,,AIS,12.0,13.0,3.0,2.0
26/11/2024 19:22:19,Class A,211299300,54.632005,8.38193,Under way using engine,,0.0,117.2,,Unknown,DCHL,EILUN,Passenger,,5.0,25.0,GPS,1.0,AMRUM,,AIS,12.0,13.0,3.0,2.0
26/11/2024 19:22:39,Class A,211299300,54.632005,8.381927,Under way using engine,,0.0,117.2,,Unknown,DCHL,EILUN,Passenger,,5.0,25.0,GPS,1.0,AMRUM,,AIS,12.0,13.0,3.0,2.0
26/11/2024 19:22:59,Class A,211299300,54.632,8.381925,Under way using engine,,0.0,117.2,,Unknown,DCHL,EILUN,Passenger,,5.0,25.0,GPS,1.0,AMRUM,,AIS,12.0,13.0,3.0,2.0
26/11/2024 19:23:09,Class A,211299300,54.631993,8.381928,Under way using engine,,0.0,117.2,,Unknown,DCHL,EILUN,Passenger,,5.0,25.0,GPS,1.0,AMRUM,,AIS,12.0,13.0,3.0,2.0
26/11/2024 19:23:19,Class A,211299300,54.631993,8.381925,Under way using engine,,0.0,117.2,,Unknown,DCHL,EILUN,Passenger,,5.0,25.0,GPS,1.0,AMRUM,,AIS,12.0,13.0,3.0,2.0
26/11/2024 19:23:30,Class A,211299300,54.631995,8.381927,Under way using engine,,0.0,117.2,,Unknown,DCHL,EILUN,Passenger,,5.0,25.0,GPS,1.0,AMRUM,,AIS,12.0,13.0,3.0,2.0
26/11/2024 19:23:39,Class A,211299300,54.631993,8.381943,Under way using engine,,0.0,117.2,,Unknown,DCHL,EILUN,Passenger,,5.0,25.0,GPS,1.0,AMRUM,,AIS,12.0,13.0,3.0,2.0
26/11/2024 19:23:59,Class A,211299300,54.631993,8.381958,Under way using engine,,0.0,117.2,,Unknown,DCHL,EILUN,Passenger,,5.0,25.0,GPS,1.0,AMRUM,,AIS,12.0,13.0,3.0,2.0
26/11/2024 19:24:09,Class A,211299300,54.632002,8.381952,Under way using engine,,0.0,117.2,,Unknown,DCHL,EILUN,Passenger,,5.0,25.0,GPS,1.0,AMRUM,,AIS,12.0,13.0,3.0,2.0
26/11/2024 19:24:19,Class A,211299300,54.631982,8.381977,Under way using engine,,0.0,117.2,,Unknown,DCHL,EILUN,Passenger,,5.0,25.0,GPS,1.0,AMRUM,,AIS,12.0,13.0,3.0,2.0
26/11/2024 19:24:30,Class A,211299300,54.631975,8.381985,Under way using engine,,0.0,117.2,,Unknown,DCHL,EILUN,Passenger,,5.0,25.0,GPS,1.0,AMRUM,,AIS,12.0,13.0,3.0,2.0
26/11/2024 19:24:40,Class A,211299300,54.631982,8.38198,Under way using engine,,0.0,117.2,,Unknown,DCHL,EILUN,Passenger,,5.0,25.0,GPS,1.0,AMRUM,,AIS,12.0,13.0,3.0,2.0
26/11/2024 19:24:59,Class A,211299300,54.632012,8.381948,Under way using engine,,0.0,117.2,,Unknown,DCHL,EILUN,Passenger,,5.0,25.0,GPS,1.0,AMRUM,,AIS,12.0,13.0,3.0,2.0
26/11/2024 19:25:09,Class A,211299300,54.632,8.381958,Under way using engine,,0.0,117.2,,Unknown,DCHL,EILUN,Passenger,,5.0,25.0,GPS,1.0,AMRUM,,AIS,12.0,13.0,3.0,2.0
26/11/2024 19:25:19,Class A,211299300,54.631998,8.381955,Under way using engine,,0.0,117.2,,Unknown,DCHL,EILUN,Passenger,,5.0,25.0,GPS,1.0,AMRUM,,AIS,12.0,13.0,3.0,2.0
26/11/2024 19:25:30,Class A,211299300,54.632,8.381958,Under way using engine,,0.0,117.2,,Unknown,DCHL,EILUN,Passenger,,5.0,25.0,GPS,1.0,AMRUM,,AIS,12.0,13.0,3.0,2.0
26/11/2024 19:25:35,Class A,211299300,54.632,8.381958,Under way using engine,,0.0,117.2,,Unknown,DCHL,EILUN,Passenger,,5.0,25.0,GPS,1.0,AMRUM,,AIS,12.0,13.0,3.0,2.0
26/11/2024 19:25:40,Class A,211299300,54.632,8.381967,Under way using engine,,0.0,117.2,,Unknown,DCHL,EILUN,Passenger,,5.0,25.0,GPS,1.0,AMRUM,,AIS,12.0,13.0,3.0,2.0
26/11/2024 19:26:00,Class A,211299300,54.631998,8.381982,Under way using engine,,0.0,117.2,,Unknown,DCHL,EILUN,Passenger,,5.0,25.0,GPS,1.0,AMRUM,,AIS,12.0,13.0,3.0,2.0
26/11/2024 19:26:09,Class A,211299300,54.63198,8.381937,Under way using engine,,0.0,117.2,,Unknown,DCHL,EILUN,Passenger,,5.0,25.0,GPS,1.0,AMRUM,,AIS,12.0,13.0,3.0,2.0
26/11/2024 19:26:19,Class A,211299300,54.631987,8.381937,Under way using engine,,0.0,117.2,,Unknown,DCHL,EILUN,Passenger,,5.0,25.0,GPS,1.0,AMRUM,,AIS,12.0,13.0,3.0,2.0
26/11/2024 19:26:30,Class A,211299300,54.632022,8.381925,Under way using engine,,0.0,117.2,,Unknown,DCHL,EILUN,Passenger,,5.0,25.0,GPS,1.0,AMRUM,,AIS,12.0,13.0,3.0,2.0
26/11/2024 19:26:40,Class A,211299300,54.632047,8.38191,Under way using engine,,0.0,117.2,,Unknown,DCHL,EILUN,Passenger,,5.0,25.0,GPS,1.0,AMRUM,,AIS,12.0,13.0,3.0,2.0
26/11/2024 19:26:50,Class A,211299300,54.632053,8.38191,Under way using engine,,0.0,117.2,,Unknown,DCHL,EILUN,Passenger,,5.0,25.0,GPS,1.0,AMRUM,,AIS,12.0,13.0,3.0,2.0
26/11/2024 19:27:00,Class A,211299300,54.632048,8.381912,Under way using engine,,0.0,117.2,,Unknown,DCHL,EILUN,Passenger,,5.0,25.0,GPS,1.0,AMRUM,,AIS,12.0,13.0,3.0,2.0
26/11/2024 19:27:09,Class A,211299300,54.63204,8.381918,Under way using engine,,0.0,117.2,,Unknown,DCHL,EILUN,Passenger,,5.0,25.0,GPS,1.0,AMRUM,,AIS,12.0,13.0,3.0,2.0
26/11/2024 19:27:19,Class A,211299300,54.63203,8.38193,Under way using engine,,0.0,117.2,,Unknown,DCHL,EILUN,Passenger,,5.0,25.0,GPS,1.0,AMRUM,,AIS,12.0,13.0,3.0,2.0
26/11/2024 19:27:30,Class A,211299300,54.632023,8.381942,Under way using engine,,0.0,117.2,,Unknown,DCHL,EILUN,Passenger,,5.0,25.0,GPS,1.0,AMRUM,,AIS,12.0,13.0,3.0,2.0
26/11/2024 19:27:40,Class A,211299300,54.632018,8.381943,Under way using engine,,0.0,117.2,,Unknown,DCHL,EILUN,Passenger,,5.0,25.0,GPS,1.0,AMRUM,,AIS,12.0,13.0,3.0,2.0
26/11/2024 19:27:50,Class A,211299300,54.632015,8.381937,Under way using engine,,0.0,117.2,,Unknown,DCHL,EILUN,Passenger,,5.0,25.0,GPS,1.0,AMRUM,,AIS,12.0,13.0,3.0,2.0
26/11/2024 19:28:00,Class A,211299300,54.632015,8.38193,Under way using engine,,0.0,117.2,,Unknown,DCHL,EILUN,Passenger,,5.0,25.0,GPS,1.0,AMRUM,,AIS,12.0,13.0,3.0,2.0
26/11/2024 19:28:09,Class A,211299300,54.632013,8.381933,Under way using engine,,0.0,117.2,,Unknown,DCHL,EILUN,Passenger,,5.0,25.0,GPS,1.0,AMRUM,,AIS,12.0,13.0,3.0,2.0
26/11/2024 19:28:19,Class A,211299300,54.632013,8.381942,Under way using engine,,0.0,117.2,,Unknown,DCHL,EILUN,Passenger,,5.0,25.0,GPS,1.0,AMRUM,,AIS,12.0,13.0,3.0,2.0
26/11/2024 19:28:33,Class A,211299300,54.632008,8.381952,Under way using engine,,0.0,117.2,,Unknown,DCHL,EILUN,Passenger,,5.0,25.0,GPS,1.0,AMRUM,,AIS,12.0,13.0,3.0,2.0
26/11/2024 19:28:41,Class A,211299300,54.632005,8.381955,Under way using engine,,0.0,117.2,,Unknown,DCHL,EILUN,Passenger,,5.0,25.0,GPS,1.0,AMRUM,,AIS,12.0,13.0,3.0,2.0
26/11/2024 19:29:00,Class A,211299300,54.632015,8.381948,Under way using engine,,0.0,117.2,,Unknown,DCHL,EILUN,Passenger,,5.0,25.0,GPS,1.0,AMRUM,,AIS,12.0,13.0,3.0,2.0
26/11/2024 19:29:09,Class A,211299300,54.632028,8.38194,Under way using engine,,0.0,117.2,,Unknown,DCHL,EILUN,Passenger,,5.0,25.0,GPS,1.0,AMRUM,,AIS,12.0,13.0,3.0,2.0
26/11/2024 19:29:19,Class A,211299300,54.63204,8.381933,Under way using engine,,0.0,117.2,,Unknown,DCHL,EILUN,Passenger,,5.0,25.0,GPS,1.0,AMRUM,,AIS,12.0,13.0,3.0,2.0
26/11/2024 19:29:30,Class A,211299300,54.632043,8.38193,Under way using engine,,0.0,117.2,,Unknown,DCHL,EILUN,Passenger,,5.0,25.0,GPS,1.0,AMRUM,,AIS,12.0,13.0,3.0,2.0
26/11/2024 19:29:40,Class A,211299300,54.632037,8.381942,Under way using engine,,0.0,117.2,,Unknown,DCHL,EILUN,Passenger,,5.0,25.0,GPS,1.0,AMRUM,,AIS,12.0,13.0,3.0,2.0
26/11/2024 19:29:50,Class A,211299300,54.63203,8.381955,Under way using engine,,0.0,117.2,,Unknown,DCHL,EILUN,Passenger,,5.0,25.0,GPS,1.0,AMRUM,,AIS,12.0,13.0,3.0,2.0
26/11/2024 19:30:00,Class A,211299300,54.632023,8.381963,Under way using engine,,0.0,117.2,,Unknown,DCHL,EILUN,Passenger,,5.0,25.0,GPS,1.0,AMRUM,,AIS,12.0,13.0,3.0,2.0
26/11/2024 19:30:09,Class A,211299300,54.632018,8.381962,Under way using engine,,0.0,117.2,,Unknown,DCHL,EILUN,Passenger,,5.0,25.0,GPS,1.0,AMRUM,,AIS,12.0,13.0,3.0,2.0
26/11/2024 19:30:19,Class A,211299300,54.632015,8.381963,Under way using engine,,0.0,117.2,,Unknown,DCHL,EILUN,Passenger,,5.0,25.0,GPS,1.0,AMRUM,,AIS,12.0,13.0,3.0,2.0
26/11/2024 19:30:30,Class A,211299300,54.632017,8.381963,Under way using engine,,0.0,117.2,,Unknown,DCHL,EILUN,Passenger,,5.0,25.0,GPS,1.0,AMRUM,,AIS,12.0,13.0,3.0,2.0
26/11/2024 19:30:50,Class A,211299300,54.632018,8.381932,Under way using engine,,0.0,117.2,,Unknown,DCHL,EILUN,Passenger,,5.0,25.0,GPS,1.0,AMRUM,,AIS,12.0,13.0,3.0,2.0
26/11/2024 19:31:00,Class A,211299300,54.632012,8.381933,Under way using engine,,0.0,117.2,,Unknown,DCHL,EILUN,Passenger,,5.0,25.0,GPS,1.0,AMRUM,,AIS,12.0,13.0,3.0,2.0
26/11/2024 19:31:09,Class A,211299300,54.632013,8.38193,Under way using engine,,0.0,117.2,,Unknown,DCHL,EILUN,Passenger,,5.0,25.0,GPS,1.0,AMRUM,,AIS,12.0,13.0,3.0,2.0
26/11/2024 19:31:29,Class A,211299300,54.632042,8.381907,Under way using engine,,0.0,117.2,,Unknown,DCHL,EILUN,Passenger,,5.0,25.0,GPS,1.0,AMRUM,,AIS,12.0,13.0,3.0,2.0
26/11/2024 19:31:35,Class A,211299300,54.632042,8.381907,Under way using engine,,0.0,117.2,,Unknown,DCHL,EILUN,Passenger,,5.0,25.0,GPS,1.0,AMRUM,,AIS,12.0,13.0,3.0,2.0
26/11/2024 19:31:50,Class A,211299300,54.632037,8.381892,Under way using engine,,0.0,117.2,,Unknown,DCHL,EILUN,Passenger,,5.0,25.0,GPS,1.0,AMRUM,,AIS,12.0,13.0,3.0,2.0
26/11/2024 19:32:00,Class A,211299300,54.632035,8.381888,Under way using engine,,0.0,117.2,,Unknown,DCHL,EILUN,Passenger,,5.0,25.0,GPS,1.0,AMRUM,,AIS,12.0,13.0,3.0,2.0
26/11/2024 19:32:19,Class A,211299300,54.632033,8.381888,Under way using engine,,0.0,117.2,,Unknown,DCHL,EILUN,Passenger,,5.0,25.0,GPS,1.0,AMRUM,,AIS,12.0,13.0,3.0,2.0
26/11/2024 19:32:29,Class A,211299300,54.63203,8.381892,Under way using engine,,0.0,117.2,,Unknown,DCHL,EILUN,Passenger,,5.0,25.0,GPS,1.0,AMRUM,,AIS,12.0,13.0,3.0,2.0
26/11/2024 19:32:39,Class A,211299300,54.632028,8.381898,Under way using engine,,0.0,117.2,,Unknown,DCHL,EILUN,Passenger,,5.0,25.0,GPS,1.0,AMRUM,,AIS,12.0,13.0,3.0,2.0
26/11/2024 19:32:50,Class A,211299300,54.63202,8.38191,Under way using engine,,0.0,117.2,,Unknown,DCHL,EILUN,Passenger,,5.0,25.0,GPS,1.0,AMRUM,,AIS,12.0,13.0,3.0,2.0
26/11/2024 19:33:00,Class A,211299300,54.632013,8.381918,Under way using engine,,0.0,117.2,,Unknown,DCHL,EILUN,Passenger,,5.0,25.0,GPS,1.0,AMRUM,,AIS,12.0,13.0,3.0,2.0
26/11/2024 19:33:09,Class A,211299300,54.632007,8.381937,Under way using engine,,0.0,117.2,,Unknown,DCHL,EILUN,Passenger,,5.0,25.0,GPS,1.0,AMRUM,,AIS,12.0,13.0,3.0,2.0
26/11/2024 19:33:19,Class A,211299300,54.632,8.38196,Under way using engine,,0.0,117.2,,Unknown,DCHL,EILUN,Passenger,,5.0,25.0,GPS,1.0,AMRUM,,AIS,12.0,13.0,3.0,2.0
26/11/2024 19:33:29,Class A,211299300,54.631997,8.38197,Under way using engine,,0.0,117.2,,Unknown,DCHL,EILUN,Passenger,,5.0,25.0,GPS,1.0,AMRUM,,AIS,12.0,13.0,3.0,2.0
26/11/2024 19:33:39,Class A,211299300,54.631993,8.381965,Under way using engine,,0.0,117.2,,Unknown,DCHL,EILUN,Passenger,,5.0,25.0,GPS,1.0,AMRUM,,AIS,12.0,13.0,3.0,2.0
26/11/2024 19:33:50,Class A,211299300,54.631985,8.381962,Under way using engine,,0.0,117.2,,Unknown,DCHL,EILUN,Passenger,,5.0,25.0,GPS,1.0,AMRUM,,AIS,12.0,13.0,3.0,2.0
26/11/2024 19:34:00,Class A,211299300,54.631982,8.381967,Under way using engine,,0.0,117.2,,Unknown,DCHL,EILUN,Passenger,,5.0,25.0,GPS,1.0,AMRUM,,AIS,12.0,13.0,3.0,2.0
26/11/2024 19:34:19,Class A,211299300,54.631987,8.381973,Under way using engine,,0.0,117.2,,Unknown,DCHL,EILUN,Passenger,,5.0,25.0,GPS,1.0,AMRUM,,AIS,12.0,13.0,3.0,2.0
26/11/2024 19:34:29,Class A,211299300,54.631992,8.381967,Under way using engine,,0.0,117.2,,Unknown,DCHL,EILUN,Passenger,,5.0,25.0,GPS,1.0,AMRUM,,AIS,12.0,13.0,3.0,2.0
26/11/2024 19:34:39,Class A,211299300,54.631995,8.381962,Under way using engine,,0.0,117.2,,Unknown,DCHL,EILUN,Passenger,,5.0,25.0,GPS,1.0,AMRUM,,AIS,12.0,13.0,3.0,2.0
26/11/2024 19:34:49,Class A,211299300,54.632,8.381958,Under way using engine,,0.0,117.2,,Unknown,DCHL,EILUN,Passenger,,5.0,25.0,GPS,1.0,AMRUM,,AIS,12.0,13.0,3.0,2.0
26/11/2024 19:35:00,Class A,211299300,54.631993,8.381948,Under way using engine,,0.0,117.2,,Unknown,DCHL,EILUN,Passenger,,5.0,25.0,GPS,1.0,AMRUM,,AIS,12.0,13.0,3.0,2.0
26/11/2024 19:35:39,Class A,211299300,54.631975,8.381918,Under way using engine,,0.0,117.2,,Unknown,DCHL,EILUN,Passenger,,5.0,25.0,GPS,1.0,AMRUM,,AIS,12.0,13.0,3.0,2.0
26/11/2024 19:36:00,Class A,211299300,54.631975,8.381915,Under way using engine,,0.0,117.2,,Unknown,DCHL,EILUN,Passenger,,5.0,25.0,GPS,1.0,AMRUM,,AIS,12.0,13.0,3.0,2.0
26/11/2024 19:36:19,Class A,211299300,54.631963,8.381918,Under way using engine,,0.0,117.2,,Unknown,DCHL,EILUN,Passenger,,5.0,25.0,GPS,1.0,AMRUM,,AIS,12.0,13.0,3.0,2.0
26/11/2024 19:36:39,Class A,211299300,54.631973,8.381933,Under way using engine,,0.0,117.2,,Unknown,DCHL,EILUN,Passenger,,5.0,25.0,GPS,1.0,AMRUM,,AIS,12.0,13.0,3.0,2.0
26/11/2024 19:37:00,Class A,211299300,54.631975,8.381912,Under way using engine,,0.0,117.2,,Unknown,DCHL,EILUN,Passenger,,5.0,25.0,GPS,1.0,AMRUM,,AIS,12.0,13.0,3.0,2.0
26/11/2024 19:37:10,Class A,211299300,54.631985,8.381915,Under way using engine,,0.0,117.2,,Unknown,DCHL,EILUN,Passenger,,5.0,25.0,GPS,1.0,AMRUM,,AIS,12.0,13.0,3.0,2.0
26/11/2024 19:37:19,Class A,211299300,54.631988,8.381918,Under way using engine,,0.0,117.2,,Unknown,DCHL,EILUN,Passenger,,5.0,25.0,GPS,1.0,AMRUM,,AIS,12.0,13.0,3.0,2.0
26/11/2024 19:37:29,Class A,211299300,54.631993,8.381922,Under way using engine,,0.0,117.2,,Unknown,DCHL,EILUN,Passenger,,5.0,25.0,GPS,1.0,AMRUM,,AIS,12.0,13.0,3.0,2.0
26/11/2024 19:37:35,Class A,211299300,54.631993,8.381922,Under way using engine,,0.0,117.2,,Unknown,DCHL,EILUN,Passenger,,5.0,25.0,GPS,1.0,AMRUM,,AIS,12.0,13.0,3.0,2.0
26/11/2024 19:38:00,Class A,211299300,54.631992,8.381907,Under way using engine,,0.0,117.2,,Unknown,DCHL,EILUN,Passenger,,5.0,25.0,GPS,1.0,AMRUM,,AIS,12.0,13.0,3.0,2.0
26/11/2024 19:38:10,Class A,211299300,54.632,8.381907,Under way using engine,,0.0,117.2,,Unknown,DCHL,EILUN,Passenger,,5.0,25.0,GPS,1.0,AMRUM,,AIS,12.0,13.0,3.0,2.0
26/11/2024 19:38:19,Class A,211299300,54.632,8.381907,Under way using engine,,0.0,117.2,,Unknown,DCHL,EILUN,Passenger,,5.0,25.0,GPS,1.0,AMRUM,,AIS,12.0,13.0,3.0,2.0
26/11/2024 19:38:39,Class A,211299300,54.632,8.38193,Under way using engine,,0.0,117.2,,Unknown,DCHL,EILUN,Passenger,,5.0,25.0,GPS,1.0,AMRUM,,AIS,12.0,13.0,3.0,2.0
26/11/2024 19:39:00,Class A,211299300,54.63197,8.381937,Under way using engine,,0.0,117.2,,Unknown,DCHL,EILUN,Passenger,,5.0,25.0,GPS,1.0,AMRUM,,AIS,12.0,13.0,3.0,2.0
26/11/2024 19:39:10,Class A,211299300,54.631967,8.38193,Under way using engine,,0.0,117.2,,Unknown,DCHL,EILUN,Passenger,,5.0,25.0,GPS,1.0,AMRUM,,AIS,12.0,13.0,3.0,2.0
26/11/2024 19:39:30,Class A,211299300,54.631975,8.381928,Under way using engine,,0.0,117.2,,Unknown,DCHL,EILUN,Passenger,,5.0,25.0,GPS,1.0,AMRUM,,AIS,12.0,13.0,3.0,2.0
26/11/2024 19:39:40,Class A,211299300,54.63196,8.38196,Under way using engine,,0.0,117.2,,Unknown,DCHL,EILUN,Passenger,,5.0,25.0,GPS,1.0,AMRUM,,AIS,12.0,13.0,3.0,2.0
26/11/2024 19:40:00,Class A,211299300,54.631955,8.381947,Under way using engine,,0.0,117.2,,Unknown,DCHL,EILUN,Passenger,,5.0,25.0,GPS,1.0,AMRUM,,AIS,12.0,13.0,3.0,2.0
26/11/2024 19:40:10,Class A,211299300,54.631957,8.381957,Under way using engine,,0.0,117.2,,Unknown,DCHL,EILUN,Passenger,,5.0,25.0,GPS,1.0,AMRUM,,AIS,12.0,13.0,3.0,2.0
26/11/2024 19:40:30,Class A,211299300,54.63197,8.381963,Under way using engine,,0.0,117.2,,Unknown,DCHL,EILUN,Passenger,,5.0,25.0,GPS,1.0,AMRUM,,AIS,12.0,13.0,3.0,2.0
26/11/2024 19:40:40,Class A,211299300,54.631972,8.381948,Under way using engine,,0.0,117.2,,Unknown,DCHL,EILUN,Passenger,,5.0,25.0,GPS,1.0,AMRUM,,AIS,12.0,13.0,3.0,2.0
26/11/2024 19:41:00,Class A,211299300,54.631957,8.381942,Under way using engine,,0.0,117.2,,Unknown,DCHL,EILUN,Passenger,,5.0,25.0,GPS,1.0,AMRUM,,AIS,12.0,13.0,3.0,2.0
26/11/2024 19:41:49,Class A,211299300,54.631978,8.381973,Under way using engine,,0.0,117.2,,Unknown,DCHL,EILUN,Passenger,,5.0,25.0,GPS,1.0,AMRUM,,AIS,12.0,13.0,3.0,2.0
26/11/2024 19:41:59,Class A,211299300,54.631982,8.381973,Under way using engine,,0.0,117.2,,Unknown,DCHL,EILUN,Passenger,,5.0,25.0,GPS,1.0,AMRUM,,AIS,12.0,13.0,3.0,2.0
26/11/2024 19:42:30,Class A,211299300,54.631982,8.38194,Under way using engine,,0.0,117.2,,Unknown,DCHL,EILUN,Passenger,,5.0,25.0,GPS,1.0,AMRUM,,AIS,12.0,13.0,3.0,2.0
26/11/2024 19:42:40,Class A,211299300,54.631967,8.381942,Under way using engine,,0.0,117.2,,Unknown,DCHL,EILUN,Passenger,,5.0,25.0,GPS,1.0,AMRUM,,AIS,12.0,13.0,3.0,2.0
26/11/2024 19:42:49,Class A,211299300,54.632,8.381882,Under way using engine,,0.0,117.2,,Unknown,DCHL,EILUN,Passenger,,5.0,25.0,GPS,1.0,AMRUM,,AIS,12.0,13.0,3.0,2.0
26/11/2024 19:42:59,Class A,211299300,54.632013,8.381858,Under way using engine,,0.0,117.2,,Unknown,DCHL,EILUN,Passenger,,5.0,25.0,GPS,1.0,AMRUM,,AIS,12.0,13.0,3.0,2.0
26/11/2024 19:43:30,Class A,211299300,54.631992,8.38191,Under way using engine,,0.0,117.2,,Unknown,DCHL,EILUN,Passenger,,5.0,25.0,GPS,1.0,AMRUM,,AIS,12.0,13.0,3.0,2.0
26/11/2024 19:43:35,Class A,211299300,54.631992,8.38191,Under way using engine,,0.0,117.2,,Unknown,DCHL,EILUN,Passenger,,5.0,25.0,GPS,1.0,AMRUM,,AIS,12.0,13.0,3.0,2.0
26/11/2024 19:43:40,Class A,211299300,54.631997,8.381922,Under way using engine,,0.0,117.2,,Unknown,DCHL,EILUN,Passenger,,5.0,25.0,GPS,1.0,AMRUM,,AIS,12.0,13.0,3.0,2.0
26/11/2024 19:43:59,Class A,211299300,54.631997,8.381937,Under way using engine,,0.0,117.2,,Unknown,DCHL,EILUN,Passenger,,5.0,25.0,GPS,1.0,AMRUM,,AIS,12.0,13.0,3.0,2.0
26/11/2024 19:44:10,Class A,211299300,54.632002,8.381942,Under way using engine,,0.0,117.2,,Unknown,DCHL,EILUN,Passenger,,5.0,25.0,GPS,1.0,AMRUM,,AIS,12.0,13.0,3.0,2.0
26/11/2024 19:44:30,Class A,211299300,54.632023,8.381935,Under way using engine,,0.0,117.2,,Unknown,DCHL,EILUN,Passenger,,5.0,25.0,GPS,1.0,AMRUM,,AIS,12.0,13.0,3.0,2.0
26/11/2024 19:44:40,Class A,211299300,54.632028,8.381928,Under way using engine,,0.0,117.2,,Unknown,DCHL,EILUN,Passenger,,5.0,25.0,GPS,1.0,AMRUM,,AIS,12.0,13.0,3.0,2.0
26/11/2024 19:44:59,Class A,211299300,54.632037,8.381895,Under way using engine,,0.0,117.2,,Unknown,DCHL,EILUN,Passenger,,5.0,25.0,GPS,1.0,AMRUM,,AIS,12.0,13.0,3.0,2.0
26/11/2024 19:45:19,Class A,211299300,54.632035,8.381908,Under way using engine,,0.0,117.2,,Unknown,DCHL,EILUN,Passenger,,5.0,25.0,GPS,1.0,AMRUM,,AIS,12.0,13.0,3.0,2.0
26/11/2024 19:45:30,Class A,211299300,54.632032,8.381912,Under way using engine,,0.0,117.2,,Unknown,DCHL,EILUN,Passenger,,5.0,25.0,GPS,1.0,AMRUM,,AIS,12.0,13.0,3.0,2.0
26/11/2024 19:46:19,Class A,211299300,54.632027,8.381922,Under way using engine,,0.0,117.2,,Unknown,DCHL,EILUN,Passenger,,5.0,25.0,GPS,1.0,AMRUM,,AIS,12.0,13.0,3.0,2.0
26/11/2024 19:46:30,Class A,211299300,54.632027,8.38192,Under way using engine,,0.0,117.2,,Unknown,DCHL,EILUN,Passenger,,5.0,25.0,GPS,1.0,AMRUM,,AIS,12.0,13.0,3.0,2.0
26/11/2024 19:47:19,Class A,211299300,54.632003,8.381927,Under way using engine,,0.0,117.2,,Unknown,DCHL,EILUN,Passenger,,5.0,25.0,GPS,1.0,AMRUM,,AIS,12.0,13.0,3.0,2.0
26/11/2024 19:47:30,Class A,211299300,54.632002,8.381925,Under way using engine,,0.0,117.2,,Unknown,DCHL,EILUN,Passenger,,5.0,25.0,GPS,1.0,AMRUM,,AIS,12.0,13.0,3.0,2.0
26/11/2024 19:47:49,Class A,211299300,54.631985,8.381908,Under way using engine,,0.0,117.2,,Unknown,DCHL,EILUN,Passenger,,5.0,25.0,GPS,1.0,AMRUM,,AIS,12.0,13.0,3.0,2.0
26/11/2024 19:48:30,Class A,211299300,54.63198,8.381937,Under way using engine,,0.0,117.2,,Unknown,DCHL,EILUN,Passenger,,5.0,25.0,GPS,1.0,AMRUM,,AIS,12.0,13.0,3.0,2.0
26/11/2024 19:48:49,Class A,211299300,54.631995,8.381937,Under way using engine,,0.0,117.2,,Unknown,DCHL,EILUN,Passenger,,5.0,25.0,GPS,1.0,AMRUM,,AIS,12.0,13.0,3.0,2.0
26/11/2024 19:48:59,Class A,211299300,54.632,8.381942,Under way using engine,,0.0,117.2,,Unknown,DCHL,EILUN,Passenger,,5.0,25.0,GPS,1.0,AMRUM,,AIS,12.0,13.0,3.0,2.0
26/11/2024 19:49:10,Class A,211299300,54.632,8.381942,Under way using engine,,0.0,117.2,,Unknown,DCHL,EILUN,Passenger,,5.0,25.0,GPS,1.0,AMRUM,,AIS,12.0,13.0,3.0,2.0
26/11/2024 19:49:30,Class A,211299300,54.631993,8.381943,Under way using engine,,0.0,117.2,,Unknown,DCHL,EILUN,Passenger,,5.0,25.0,GPS,1.0,AMRUM,,AIS,12.0,13.0,3.0,2.0
26/11/2024 19:49:49,Class A,211299300,54.632005,8.381918,Under way using engine,,0.0,117.2,,Unknown,DCHL,EILUN,Passenger,,5.0,25.0,GPS,1.0,AMRUM,,AIS,12.0,13.0,3.0,2.0
26/11/2024 19:49:59,Class A,211299300,54.632012,8.381918,Under way using engine,,0.0,117.2,,Unknown,DCHL,EILUN,Passenger,,5.0,25.0,GPS,1.0,AMRUM,,AIS,12.0,13.0,3.0,2.0
26/11/2024 19:50:19,Class A,211299300,54.632015,8.381913,Under way using engine,,0.0,117.2,,Unknown,DCHL,EILUN,Passenger,,5.0,25.0,GPS,1.0,AMRUM,,AIS,12.0,13.0,3.0,2.0
26/11/2024 19:50:29,Class A,211299300,54.632018,8.381912,Under way using engine,,0.0,117.2,,Unknown,DCHL,EILUN,Passenger,,5.0,25.0,GPS,1.0,AMRUM,,AIS,12.0,13.0,3.0,2.0
26/11/2024 19:50:49,Class A,211299300,54.632022,8.381908,Under way using engine,,0.0,117.2,,Unknown,DCHL,EILUN,Passenger,,5.0,25.0,GPS,1.0,AMRUM,,AIS,12.0,13.0,3.0,2.0
26/11/2024 19:50:59,Class A,211299300,54.632013,8.381912,Under way using engine,,0.0,117.2,,Unknown,DCHL,EILUN,Passenger,,5.0,25.0,GPS,1.0,AMRUM,,AIS,12.0,13.0,3.0,2.0
26/11/2024 19:51:09,Class A,211299300,54.632005,8.381918,Under way using engine,,0.0,117.2,,Unknown,DCHL,EILUN,Passenger,,5.0,25.0,GPS,1.0,AMRUM,,AIS,12.0,13.0,3.0,2.0
26/11/2024 19:51:29,Class A,211299300,54.631978,8.381923,Under way using engine,,0.0,117.2,,Unknown,DCHL,EILUN,Passenger,,5.0,25.0,GPS,1.0,AMRUM,,AIS,12.0,13.0,3.0,2.0
26/11/2024 19:51:39,Class A,211299300,54.631965,8.38191,Under way using engine,,0.0,117.2,,Unknown,DCHL,EILUN,Passenger,,5.0,25.0,GPS,1.0,AMRUM,,AIS,12.0,13.0,3.0,2.0
26/11/2024 19:51:50,Class A,211299300,54.631987,8.381885,Under way using engine,,0.0,117.2,,Unknown,DCHL,EILUN,Passenger,,5.0,25.0,GPS,1.0,AMRUM,,AIS,12.0,13.0,3.0,2.0
26/11/2024 19:52:09,Class A,211299300,54.632005,8.38188,Under way using engine,,0.0,117.2,,Unknown,DCHL,EILUN,Passenger,,5.0,25.0,GPS,1.0,AMRUM,,AIS,12.0,13.0,3.0,2.0
26/11/2024 19:52:19,Class A,211299300,54.632005,8.381885,Under way using engine,,0.0,117.2,,Unknown,DCHL,EILUN,Passenger,,5.0,25.0,GPS,1.0,AMRUM,,AIS,12.0,13.0,3.0,2.0
26/11/2024 19:52:29,Class A,211299300,54.632005,8.381895,Under way using engine,,0.0,117.2,,Unknown,DCHL,EILUN,Passenger,,5.0,25.0,GPS,1.0,AMRUM,,AIS,12.0,13.0,3.0,2.0
26/11/2024 19:52:40,Class A,211299300,54.632005,8.381912,Under way using engine,,0.0,117.2,,Unknown,DCHL,EILUN,Passenger,,5.0,25.0,GPS,1.0,AMRUM,,AIS,12.0,13.0,3.0,2.0
26/11/2024 19:52:50,Class A,211299300,54.632003,8.381913,Under way using engine,,0.0,117.2,,Unknown,DCHL,EILUN,Passenger,,5.0,25.0,GPS,1.0,AMRUM,,AIS,12.0,13.0,3.0,2.0
26/11/2024 19:52:59,Class A,211299300,54.632,8.38191,Under way using engine,,0.0,117.2,,Unknown,DCHL,EILUN,Passenger,,5.0,25.0,GPS,1.0,AMRUM,,AIS,12.0,13.0,3.0,2.0
26/11/2024 19:53:09,Class A,211299300,54.631993,8.381907,Under way using engine,,0.0,117.2,,Unknown,DCHL,EILUN,Passenger,,5.0,25.0,GPS,1.0,AMRUM,,AIS,12.0,13.0,3.0,2.0
26/11/2024 19:53:29,Class A,211299300,54.631987,8.381918,Under way using engine,,0.0,117.2,,Unknown,DCHL,EILUN,Passenger,,5.0,25.0,GPS,1.0,AMRUM,,AIS,12.0,13.0,3.0,2.0
26/11/2024 19:53:40,Class A,211299300,54.631952,8.381922,Under way using engine,,0.0,117.2,,Unknown,DCHL,EILUN,Passenger,,5.0,25.0,GPS,1.0,AMRUM,,AIS,12.0,13.0,3.0,2.0
26/11/2024 19:53:50,Class A,211299300,54.631973,8.381928,Under way using engine,,0.0,117.2,,Unknown,DCHL,EILUN,Passenger,,5.0,25.0,GPS,1.0,AMRUM,,AIS,12.0,13.0,3.0,2.0
26/11/2024 19:54:09,Class A,211299300,54.631982,8.381925,Under way using engine,,0.0,117.2,,Unknown,DCHL,EILUN,Passenger,,5.0,25.0,GPS,1.0,AMRUM,,AIS,12.0,13.0,3.0,2.0
26/11/2024 19:54:20,Class A,211299300,54.631992,8.381927,Under way using engine,,0.0,117.2,,Unknown,DCHL,EILUN,Passenger,,5.0,25.0,GPS,1.0,AMRUM,,AIS,12.0,13.0,3.0,2.0
26/11/2024 19:54:40,Class A,211299300,54.631993,8.381928,Under way using engine,,0.0,117.2,,Unknown,DCHL,EILUN,Passenger,,5.0,25.0,GPS,1.0,AMRUM,,AIS,12.0,13.0,3.0,2.0
26/11/2024 19:54:50,Class A,211299300,54.63199,8.381933,Under way using engine,,0.0,117.2,,Unknown,DCHL,EILUN,Passenger,,5.0,25.0,GPS,1.0,AMRUM,,AIS,12.0,13.0,3.0,2.0
26/11/2024 19:55:09,Class A,211299300,54.631985,8.381937,Under way using engine,,0.0,117.2,,Unknown,DCHL,EILUN,Passenger,,5.0,25.0,GPS,1.0,AMRUM,,AIS,12.0,13.0,3.0,2.0
26/11/2024 19:55:20,Class A,211299300,54.631985,8.381935,Under way using engine,,0.0,117.2,,Unknown,DCHL,EILUN,Passenger,,5.0,25.0,GPS,1.0,AMRUM,,AIS,12.0,13.0,3.0,2.0
26/11/2024 19:55:40,Class A,211299300,54.63199,8.38194,Under way using engine,,0.0,117.2,,Unknown,DCHL,EILUN,Passenger,,5.0,25.0,GPS,1.0,AMRUM,,AIS,12.0,13.0,3.0,2.0
26/11/2024 19:56:40,Class A,211299300,54.631957,8.381937,Under way using engine,,0.8,185.0,,Unknown,DCHL,EILUN,Passenger,,5.0,25.0,GPS,1.0,AMRUM,,AIS,12.0,13.0,3.0,2.0
26/11/2024 19:58:40,Class A,211299300,54.631973,8.381947,Under way using engine,,0.0,185.9,,Unknown,DCHL,EILUN,Passenger,,5.0,25.0,GPS,1.0,AMRUM,,AIS,12.0,13.0,3.0,2.0
26/11/2024 19:58:59,Class A,211299300,54.631963,8.381985,Under way using engine,,0.0,185.9,,Unknown,DCHL,EILUN,Passenger,,5.0,25.0,GPS,1.0,AMRUM,,AIS,12.0,13.0,3.0,2.0
26/11/2024 19:59:09,Class A,211299300,54.63197,8.38198,Under way using engine,,0.0,185.9,,Unknown,DCHL,EILUN,Passenger,,5.0,25.0,GPS,1.0,AMRUM,,AIS,12.0,13.0,3.0,2.0
26/11/2024 19:59:20,Class A,211299300,54.631982,8.381957,Under way using engine,,0.0,185.9,,Unknown,DCHL,EILUN,Passenger,,5.0,25.0,GPS,1.0,AMRUM,,AIS,12.0,13.0,3.0,2.0
26/11/2024 19:59:40,Class A,211299300,54.631985,8.381942,Under way using engine,,0.0,185.9,,Unknown,DCHL,EILUN,Passenger,,5.0,25.0,GPS,1.0,AMRUM,,AIS,12.0,13.0,3.0,2.0
26/11/2024 19:59:50,Class A,211299300,54.631985,8.381947,Under way using engine,,0.0,185.9,,Unknown,DCHL,EILUN,Passenger,,5.0,25.0,GPS,1.0,AMRUM,,AIS,12.0,13.0,3.0,2.0
26/11/2024 20:00:09,Class A,211299300,54.631982,8.381952,Under way using engine,,0.0,185.9,,Unknown,DCHL,EILUN,Passenger,,5.0,25.0,GPS,1.0,AMRUM,,AIS,12.0,13.0,3.0,2.0
26/11/2024 20:00:20,Class A,211299300,54.63197,8.38192,Under way using engine,,0.0,185.9,,Unknown,DCHL,EILUN,Passenger,,5.0,25.0,GPS,1.0,AMRUM,,AIS,12.0,13.0,3.0,2.0
26/11/2024 20:00:50,Class A,211299300,54.631965,8.381907,Under way using engine,,0.0,185.9,,Unknown,DCHL,EILUN,Passenger,,5.0,25.0,GPS,1.0,AMRUM,,AIS,12.0,13.0,3.0,2.0
26/11/2024 20:01:09,Class A,211299300,54.631982,8.381912,Under way using engine,,0.0,185.9,,Unknown,DCHL,EILUN,Passenger,,5.0,25.0,GPS,1.0,AMRUM,,AIS,12.0,13.0,3.0,2.0
26/11/2024 20:01:20,Class A,211299300,54.631983,8.381918,Under way using engine,,0.0,185.9,,Unknown,DCHL,EILUN,Passenger,,5.0,25.0,GPS,1.0,AMRUM,,AIS,12.0,13.0,3.0,2.0
26/11/2024 20:01:50,Class A,211299300,54.631988,8.381918,Under way using engine,,0.0,185.9,,Unknown,DCHL,EILUN,Passenger,,5.0,25.0,GPS,1.0,AMRUM,,AIS,12.0,13.0,3.0,2.0
26/11/2024 20:02:00,Class A,211299300,54.631992,8.381922,Under way using engine,,0.0,185.9,,Unknown,DCHL,EILUN,Passenger,,5.0,25.0,GPS,1.0,AMRUM,,AIS,12.0,13.0,3.0,2.0
26/11/2024 20:02:09,Class A,211299300,54.631988,8.38193,Under way using engine,,0.0,185.9,,Unknown,DCHL,EILUN,Passenger,,5.0,25.0,GPS,1.0,AMRUM,,AIS,12.0,13.0,3.0,2.0
26/11/2024 20:02:40,Class A,211299300,54.631977,8.381953,Under way using engine,,0.0,185.9,,Unknown,DCHL,EILUN,Passenger,,5.0,25.0,GPS,1.0,AMRUM,,AIS,12.0,13.0,3.0,2.0
26/11/2024 20:02:50,Class A,211299300,54.63197,8.381942,Under way using engine,,0.0,185.9,,Unknown,DCHL,EILUN,Passenger,,5.0,25.0,GPS,1.0,AMRUM,,AIS,12.0,13.0,3.0,2.0
26/11/2024 20:03:00,Class A,211299300,54.631963,8.381937,Under way using engine,,0.0,185.9,,Unknown,DCHL,EILUN,Passenger,,5.0,25.0,GPS,1.0,AMRUM,,AIS,12.0,13.0,3.0,2.0
26/11/2024 20:03:09,Class A,211299300,54.631958,8.381935,Under way using engine,,0.0,185.9,,Unknown,DCHL,EILUN,Passenger,,5.0,25.0,GPS,1.0,AMRUM,,AIS,12.0,13.0,3.0,2.0
26/11/2024 20:03:40,Class A,211299300,54.63198,8.381947,Under way using engine,,0.0,185.9,,Unknown,DCHL,EILUN,Passenger,,5.0,25.0,GPS,1.0,AMRUM,,AIS,12.0,13.0,3.0,2.0
26/11/2024 20:03:50,Class A,211299300,54.631982,8.381955,Under way using engine,,0.0,185.9,,Unknown,DCHL,EILUN,Passenger,,5.0,25.0,GPS,1.0,AMRUM,,AIS,12.0,13.0,3.0,2.0
26/11/2024 20:04:19,Class A,211299300,54.631992,8.381965,Under way using engine,,0.0,185.9,,Unknown,DCHL,EILUN,Passenger,,5.0,25.0,GPS,1.0,AMRUM,,AIS,12.0,13.0,3.0,2.0
26/11/2024 20:04:40,Class A,211299300,54.631997,8.38196,Under way using engine,,0.0,185.9,,Unknown,DCHL,EILUN,Passenger,,5.0,25.0,GPS,1.0,AMRUM,,AIS,12.0,13.0,3.0,2.0
26/11/2024 20:04:50,Class A,211299300,54.631993,8.381962,Under way using engine,,0.0,185.9,,Unknown,DCHL,EILUN,Passenger,,5.0,25.0,GPS,1.0,AMRUM,,AIS,12.0,13.0,3.0,2.0
26/11/2024 20:05:00,Class A,211299300,54.631993,8.381957,Under way using engine,,0.0,185.9,,Unknown,DCHL,EILUN,Passenger,,5.0,25.0,GPS,1.0,AMRUM,,AIS,12.0,13.0,3.0,2.0
26/11/2024 20:05:09,Class A,211299300,54.631995,8.381948,Under way using engine,,0.0,185.9,,Unknown,DCHL,EILUN,Passenger,,5.0,25.0,GPS,1.0,AMRUM,,AIS,12.0,13.0,3.0,2.0
26/11/2024 20:05:30,Class A,211299300,54.632005,8.38194,Under way using engine,,0.0,185.9,,Unknown,DCHL,EILUN,Passenger,,5.0,25.0,GPS,1.0,AMRUM,,AIS,12.0,13.0,3.0,2.0
26/11/2024 20:05:40,Class A,211299300,54.632003,8.381942,Under way using engine,,0.0,185.9,,Unknown,DCHL,EILUN,Passenger,,5.0,25.0,GPS,1.0,AMRUM,,AIS,12.0,13.0,3.0,2.0
26/11/2024 20:05:50,Class A,211299300,54.631997,8.381948,Under way using engine,,0.0,185.9,,Unknown,DCHL,EILUN,Passenger,,5.0,25.0,GPS,1.0,AMRUM,,AIS,12.0,13.0,3.0,2.0
26/11/2024 20:06:09,Class A,211299300,54.631992,8.381958,Under way using engine,,0.0,185.9,,Unknown,DCHL,EILUN,Passenger,,5.0,25.0,GPS,1.0,AMRUM,,AIS,12.0,13.0,3.0,2.0
26/11/2024 20:06:19,Class A,211299300,54.63199,8.381965,Under way using engine,,0.0,185.9,,Unknown,DCHL,EILUN,Passenger,,5.0,25.0,GPS,1.0,AMRUM,,AIS,12.0,13.0,3.0,2.0
26/11/2024 20:06:30,Class A,211299300,54.631988,8.381967,Under way using engine,,0.0,185.9,,Unknown,DCHL,EILUN,Passenger,,5.0,25.0,GPS,1.0,AMRUM,,AIS,12.0,13.0,3.0,2.0
26/11/2024 20:06:40,Class A,211299300,54.631988,8.381972,Under way using engine,,0.0,185.9,,Unknown,DCHL,EILUN,Passenger,,5.0,25.0,GPS,1.0,AMRUM,,AIS,12.0,13.0,3.0,2.0
26/11/2024 20:06:50,Class A,211299300,54.631993,8.381975,Under way using engine,,0.0,185.9,,Unknown,DCHL,EILUN,Passenger,,5.0,25.0,GPS,1.0,AMRUM,,AIS,12.0,13.0,3.0,2.0
26/11/2024 20:07:19,Class A,211299300,54.632,8.381997,Under way using engine,,0.0,185.9,,Unknown,DCHL,EILUN,Passenger,,5.0,25.0,GPS,1.0,AMRUM,,AIS,12.0,13.0,3.0,2.0
26/11/2024 20:07:30,Class A,211299300,54.632,8.382,Under way using engine,,0.0,185.9,,Unknown,DCHL,EILUN,Passenger,,5.0,25.0,GPS,1.0,AMRUM,,AIS,12.0,13.0,3.0,2.0
26/11/2024 20:08:19,Class A,211299300,54.631985,8.381987,Under way using engine,,0.0,185.9,,Unknown,DCHL,EILUN,Passenger,,5.0,25.0,GPS,1.0,AMRUM,,AIS,12.0,13.0,3.0,2.0
26/11/2024 20:09:10,Class A,211299300,54.632,8.381988,Under way using engine,,0.0,185.9,,Unknown,DCHL,EILUN,Passenger,,5.0,25.0,GPS,1.0,AMRUM,,AIS,12.0,13.0,3.0,2.0
26/11/2024 20:09:19,Class A,211299300,54.632,8.381983,Under way using engine,,0.0,185.9,,Unknown,DCHL,EILUN,Passenger,,5.0,25.0,GPS,1.0,AMRUM,,AIS,12.0,13.0,3.0,2.0
26/11/2024 20:10:10,Class A,211299300,54.631985,8.381958,Under way using engine,,0.0,185.9,,Unknown,DCHL,EILUN,Passenger,,5.0,25.0,GPS,1.0,AMRUM,,AIS,12.0,13.0,3.0,2.0
26/11/2024 20:10:19,Class A,211299300,54.631985,8.381955,Under way using engine,,0.0,185.9,,Unknown,DCHL,EILUN,Passenger,,5.0,25.0,GPS,1.0,AMRUM,,AIS,12.0,13.0,3.0,2.0
26/11/2024 20:10:40,Class A,211299300,54.631993,8.381955,Under way using engine,,0.0,185.9,,Unknown,DCHL,EILUN,Passenger,,5.0,25.0,GPS,1.0,AMRUM,,AIS,12.0,13.0,3.0,2.0
26/11/2024 20:10:50,Class A,211299300,54.631993,8.381958,Under way using engine,,0.0,185.9,,Unknown,DCHL,EILUN,Passenger,,5.0,25.0,GPS,1.0,AMRUM,,AIS,12.0,13.0,3.0,2.0
26/11/2024 20:11:19,Class A,211299300,54.631952,8.381973,Under way using engine,,0.0,185.9,,Unknown,DCHL,EILUN,Passenger,,5.0,25.0,GPS,1.0,AMRUM,,AIS,12.0,13.0,3.0,2.0
26/11/2024 20:11:40,Class A,211299300,54.631953,8.38197,Under way using engine,,0.0,185.9,,Unknown,DCHL,EILUN,Passenger,,5.0,25.0,GPS,1.0,AMRUM,,AIS,12.0,13.0,3.0,2.0
26/11/2024 20:11:50,Class A,211299300,54.63196,8.381963,Under way using engine,,0.0,185.9,,Unknown,DCHL,EILUN,Passenger,,5.0,25.0,GPS,1.0,AMRUM,,AIS,12.0,13.0,3.0,2.0
26/11/2024 20:12:10,Class A,211299300,54.63197,8.381955,Under way using engine,,0.0,185.9,,Unknown,DCHL,EILUN,Passenger,,5.0,25.0,GPS,1.0,AMRUM,,AIS,12.0,13.0,3.0,2.0
26/11/2024 20:12:30,Class A,211299300,54.63197,8.381958,Under way using engine,,0.0,185.9,,Unknown,DCHL,EILUN,Passenger,,5.0,25.0,GPS,1.0,AMRUM,,AIS,12.0,13.0,3.0,2.0
26/11/2024 20:12:50,Class A,211299300,54.631975,8.381953,Under way using engine,,0.0,185.9,,Unknown,DCHL,EILUN,Passenger,,5.0,25.0,GPS,1.0,AMRUM,,AIS,12.0,13.0,3.0,2.0
26/11/2024 20:12:59,Class A,211299300,54.63198,8.381955,Under way using engine,,0.0,185.9,,Unknown,DCHL,EILUN,Passenger,,5.0,25.0,GPS,1.0,AMRUM,,AIS,12.0,13.0,3.0,2.0
26/11/2024 20:13:10,Class A,211299300,54.631983,8.381955,Under way using engine,,0.0,185.9,,Unknown,DCHL,EILUN,Passenger,,5.0,25.0,GPS,1.0,AMRUM,,AIS,12.0,13.0,3.0,2.0
26/11/2024 20:13:19,Class A,211299300,54.631988,8.381957,Under way using engine,,0.0,185.9,,Unknown,DCHL,EILUN,Passenger,,5.0,25.0,GPS,1.0,AMRUM,,AIS,12.0,13.0,3.0,2.0
26/11/2024 20:13:39,Class A,211299300,54.631988,8.38196,Under way using engine,,0.0,185.9,,Unknown,DCHL,EILUN,Passenger,,5.0,25.0,GPS,1.0,AMRUM,,AIS,12.0,13.0,3.0,2.0
26/11/2024 20:13:50,Class A,211299300,54.631988,8.38197,Under way using engine,,0.0,185.9,,Unknown,DCHL,EILUN,Passenger,,5.0,25.0,GPS,1.0,AMRUM,,AIS,12.0,13.0,3.0,2.0
26/11/2024 20:14:30,Class A,211299300,54.631993,8.381967,Under way using engine,,0.0,185.9,,Unknown,DCHL,EILUN,Passenger,,5.0,25.0,GPS,1.0,AMRUM,,AIS,12.0,13.0,3.0,2.0
26/11/2024 20:14:50,Class A,211299300,54.63199,8.381977,Under way using engine,,0.0,185.9,,Unknown,DCHL,EILUN,Passenger,,5.0,25.0,GPS,1.0,AMRUM,,AIS,12.0,13.0,3.0,2.0
26/11/2024 20:15:00,Class A,211299300,54.631988,8.381977,Under way using engine,,0.0,185.9,,Unknown,DCHL,EILUN,Passenger,,5.0,25.0,GPS,1.0,AMRUM,,AIS,12.0,13.0,3.0,2.0
26/11/2024 20:15:19,Class A,211299300,54.631988,8.381973,Under way using engine,,0.0,185.9,,Unknown,DCHL,EILUN,Passenger,,5.0,25.0,GPS,1.0,AMRUM,,AIS,12.0,13.0,3.0,2.0
26/11/2024 20:15:30,Class A,211299300,54.631993,8.381967,Under way using engine,,0.0,185.9,,Unknown,DCHL,EILUN,Passenger,,5.0,25.0,GPS,1.0,AMRUM,,AIS,12.0,13.0,3.0,2.0
26/11/2024 20:15:39,Class A,211299300,54.631992,8.381957,Under way using engine,,0.0,185.9,,Unknown,DCHL,EILUN,Passenger,,5.0,25.0,GPS,1.0,AMRUM,,AIS,12.0,13.0,3.0,2.0
26/11/2024 20:15:50,Class A,211299300,54.631988,8.381948,Under way using engine,,0.0,185.9,,Unknown,DCHL,EILUN,Passenger,,5.0,25.0,GPS,1.0,AMRUM,,AIS,12.0,13.0,3.0,2.0
26/11/2024 20:16:30,Class A,211299300,54.631977,8.381948,Under way using engine,,0.0,185.9,,Unknown,DCHL,EILUN,Passenger,,5.0,25.0,GPS,1.0,AMRUM,,AIS,12.0,13.0,3.0,2.0
26/11/2024 20:16:39,Class A,211299300,54.631978,8.381952,Under way using engine,,0.0,185.9,,Unknown,DCHL,EILUN,Passenger,,5.0,25.0,GPS,1.0,AMRUM,,AIS,12.0,13.0,3.0,2.0
26/11/2024 20:16:50,Class A,211299300,54.631985,8.381952,Under way using engine,,0.0,185.9,,Unknown,DCHL,EILUN,Passenger,,5.0,25.0,GPS,1.0,AMRUM,,AIS,12.0,13.0,3.0,2.0
26/11/2024 20:17:19,Class A,211299300,54.632003,8.381942,Under way using engine,,0.0,185.9,,Unknown,DCHL,EILUN,Passenger,,5.0,25.0,GPS,1.0,AMRUM,,AIS,12.0,13.0,3.0,2.0
26/11/2024 20:17:50,Class A,211299300,54.632003,8.381948,Under way using engine,,0.0,185.9,,Unknown,DCHL,EILUN,Passenger,,5.0,25.0,GPS,1.0,AMRUM,,AIS,12.0,13.0,3.0,2.0
26/11/2024 20:18:09,Class A,211299300,54.632003,8.381955,Under way using engine,,0.0,185.9,,Unknown,DCHL,EILUN,Passenger,,5.0,25.0,GPS,1.0,AMRUM,,AIS,12.0,13.0,3.0,2.0
26/11/2024 20:18:19,Class A,211299300,54.632003,8.381955,Under way using engine,,0.0,185.9,,Unknown,DCHL,EILUN,Passenger,,5.0,25.0,GPS,1.0,AMRUM,,AIS,12.0,13.0,3.0,2.0
26/11/2024 20:18:30,Class A,211299300,54.63201,8.381955,Under way using engine,,0.0,185.9,,Unknown,DCHL,EILUN,Passenger,,5.0,25.0,GPS,1.0,AMRUM,,AIS,12.0,13.0,3.0,2.0
26/11/2024 20:18:39,Class A,211299300,54.632012,8.381952,Under way using engine,,0.0,185.9,,Unknown,DCHL,EILUN,Passenger,,5.0,25.0,GPS,1.0,AMRUM,,AIS,12.0,13.0,3.0,2.0
26/11/2024 20:18:50,Class A,211299300,54.632012,8.381948,Under way using engine,,0.0,185.9,,Unknown,DCHL,EILUN,Passenger,,5.0,25.0,GPS,1.0,AMRUM,,AIS,12.0,13.0,3.0,2.0
26/11/2024 20:19:09,Class A,211299300,54.632015,8.381948,Under way using engine,,0.0,185.9,,Unknown,DCHL,EILUN,Passenger,,5.0,25.0,GPS,1.0,AMRUM,,AIS,12.0,13.0,3.0,2.0
26/11/2024 20:19:35,Class A,211299300,54.632015,8.381948,Under way using engine,,0.0,185.9,,Unknown,DCHL,EILUN,Passenger,,5.0,25.0,GPS,1.0,AMRUM,,AIS,12.0,13.0,3.0,2.0
26/11/2024 20:19:39,Class A,211299300,54.632007,8.38196,Under way using engine,,0.0,185.9,,Unknown,DCHL,EILUN,Passenger,,5.0,25.0,GPS,1.0,AMRUM,,AIS,12.0,13.0,3.0,2.0
26/11/2024 20:19:50,Class A,211299300,54.632007,8.381962,Under way using engine,,0.0,185.9,,Unknown,DCHL,EILUN,Passenger,,5.0,25.0,GPS,1.0,AMRUM,,AIS,12.0,13.0,3.0,2.0
26/11/2024 20:20:09,Class A,211299300,54.632002,8.381967,Under way using engine,,0.0,185.9,,Unknown,DCHL,EILUN,Passenger,,5.0,25.0,GPS,1.0,AMRUM,,AIS,12.0,13.0,3.0,2.0
26/11/2024 20:20:19,Class A,211299300,54.631997,8.381967,Under way using engine,,0.0,185.9,,Unknown,DCHL,EILUN,Passenger,,5.0,25.0,GPS,1.0,AMRUM,,AIS,12.0,13.0,3.0,2.0
26/11/2024 20:20:30,Class A,211299300,54.631993,8.381967,Under way using engine,,0.0,185.9,,Unknown,DCHL,EILUN,Passenger,,5.0,25.0,GPS,1.0,AMRUM,,AIS,12.0,13.0,3.0,2.0
26/11/2024 20:20:39,Class A,211299300,54.63199,8.381968,Under way using engine,,0.0,185.9,,Unknown,DCHL,EILUN,Passenger,,5.0,25.0,GPS,1.0,AMRUM,,AIS,12.0,13.0,3.0,2.0
26/11/2024 20:20:50,Class A,211299300,54.631987,8.381973,Under way using engine,,0.0,185.9,,Unknown,DCHL,EILUN,Passenger,,5.0,25.0,GPS,1.0,AMRUM,,AIS,12.0,13.0,3.0,2.0
26/11/2024 20:21:09,Class A,211299300,54.631988,8.381973,Under way using engine,,0.0,185.9,,Unknown,DCHL,EILUN,Passenger,,5.0,25.0,GPS,1.0,AMRUM,,AIS,12.0,13.0,3.0,2.0
26/11/2024 20:21:19,Class A,211299300,54.631995,8.38197,Under way using engine,,0.0,185.9,,Unknown,DCHL,EILUN,Passenger,,5.0,25.0,GPS,1.0,AMRUM,,AIS,12.0,13.0,3.0,2.0
26/11/2024 20:21:30,Class A,211299300,54.632,8.38197,Under way using engine,,0.0,185.9,,Unknown,DCHL,EILUN,Passenger,,5.0,25.0,GPS,1.0,AMRUM,,AIS,12.0,13.0,3.0,2.0
26/11/2024 20:21:39,Class A,211299300,54.631997,8.381973,Under way using engine,,0.0,185.9,,Unknown,DCHL,EILUN,Passenger,,5.0,25.0,GPS,1.0,AMRUM,,AIS,12.0,13.0,3.0,2.0
26/11/2024 20:22:19,Class A,211299300,54.631977,8.381952,Under way using engine,,0.0,185.9,,Unknown,DCHL,EILUN,Passenger,,5.0,25.0,GPS,1.0,AMRUM,,AIS,12.0,13.0,3.0,2.0
26/11/2024 20:22:29,Class A,211299300,54.631977,8.381948,Under way using engine,,0.0,185.9,,Unknown,DCHL,EILUN,Passenger,,5.0,25.0,GPS,1.0,AMRUM,,AIS,12.0,13.0,3.0,2.0
26/11/2024 20:22:50,Class A,211299300,54.631988,8.381943,Under way using engine,,0.0,185.9,,Unknown,DCHL,EILUN,Passenger,,5.0,25.0,GPS,1.0,AMRUM,,AIS,12.0,13.0,3.0,2.0
26/11/2024 20:23:09,Class A,211299300,54.631997,8.381928,Under way using engine,,0.0,185.9,,Unknown,DCHL,EILUN,Passenger,,5.0,25.0,GPS,1.0,AMRUM,,AIS,12.0,13.0,3.0,2.0
26/11/2024 20:23:19,Class A,211299300,54.632,8.381922,Under way using engine,,0.0,185.9,,Unknown,DCHL,EILUN,Passenger,,5.0,25.0,GPS,1.0,AMRUM,,AIS,12.0,13.0,3.0,2.0
26/11/2024 20:23:29,Class A,211299300,54.631998,8.381912,Under way using engine,,0.0,185.9,,Unknown,DCHL,EILUN,Passenger,,5.0,25.0,GPS,1.0,AMRUM,,AIS,12.0,13.0,3.0,2.0
26/11/2024 20:23:40,Class A,211299300,54.631998,8.381895,Under way using engine,,0.0,185.9,,Unknown,DCHL,EILUN,Passenger,,5.0,25.0,GPS,1.0,AMRUM,,AIS,12.0,13.0,3.0,2.0
26/11/2024 20:23:50,Class A,211299300,54.632002,8.381888,Under way using engine,,0.0,185.9,,Unknown,DCHL,EILUN,Passenger,,5.0,25.0,GPS,1.0,AMRUM,,AIS,12.0,13.0,3.0,2.0
26/11/2024 20:24:09,Class A,211299300,54.632008,8.381888,Under way using engine,,0.0,185.9,,Unknown,DCHL,EILUN,Passenger,,5.0,25.0,GPS,1.0,AMRUM,,AIS,12.0,13.0,3.0,2.0
26/11/2024 20:24:19,Class A,211299300,54.632012,8.381898,Under way using engine,,0.0,185.9,,Unknown,DCHL,EILUN,Passenger,,5.0,25.0,GPS,1.0,AMRUM,,AIS,12.0,13.0,3.0,2.0
26/11/2024 20:24:29,Class A,211299300,54.632012,8.3819,Under way using engine,,0.0,185.9,,Unknown,DCHL,EILUN,Passenger,,5.0,25.0,GPS,1.0,AMRUM,,AIS,12.0,13.0,3.0,2.0
26/11/2024 20:24:40,Class A,211299300,54.63201,8.381903,Under way using engine,,0.0,185.9,,Unknown,DCHL,EILUN,Passenger,,5.0,25.0,GPS,1.0,AMRUM,,AIS,12.0,13.0,3.0,2.0
26/11/2024 20:24:50,Class A,211299300,54.632012,8.381913,Under way using engine,,0.0,185.9,,Unknown,DCHL,EILUN,Passenger,,5.0,25.0,GPS,1.0,AMRUM,,AIS,12.0,13.0,3.0,2.0
26/11/2024 20:24:59,Class A,211299300,54.632012,8.38192,Under way using engine,,0.0,185.9,,Unknown,DCHL,EILUN,Passenger,,5.0,25.0,GPS,1.0,AMRUM,,AIS,12.0,13.0,3.0,2.0
26/11/2024 20:25:10,Class A,211299300,54.632008,8.381925,Under way using engine,,0.0,185.9,,Unknown,DCHL,EILUN,Passenger,,5.0,25.0,GPS,1.0,AMRUM,,AIS,12.0,13.0,3.0,2.0
26/11/2024 20:25:40,Class A,211299300,54.632007,8.381933,Under way using engine,,0.0,185.9,,Unknown,DCHL,EILUN,Passenger,,5.0,25.0,GPS,1.0,AMRUM,,AIS,12.0,13.0,3.0,2.0
26/11/2024 20:25:51,Class A,211299300,54.632007,8.38193,Under way using engine,,0.0,185.9,,Unknown,DCHL,EILUN,Passenger,,5.0,25.0,GPS,1.0,AMRUM,,AIS,12.0,13.0,3.0,2.0
26/11/2024 20:25:59,Class A,211299300,54.632012,8.381928,Under way using engine,,0.0,185.9,,Unknown,DCHL,EILUN,Passenger,,5.0,25.0,GPS,1.0,AMRUM,,AIS,12.0,13.0,3.0,2.0
26/11/2024 20:26:10,Class A,211299300,54.632015,8.381925,Under way using engine,,0.0,185.9,,Unknown,DCHL,EILUN,Passenger,,5.0,25.0,GPS,1.0,AMRUM,,AIS,12.0,13.0,3.0,2.0
26/11/2024 20:26:19,Class A,211299300,54.632018,8.381928,Under way using engine,,0.0,185.9,,Unknown,DCHL,EILUN,Passenger,,5.0,25.0,GPS,1.0,AMRUM,,AIS,12.0,13.0,3.0,2.0
26/11/2024 20:26:30,Class A,211299300,54.632017,8.38193,Under way using engine,,0.0,185.9,,Unknown,DCHL,EILUN,Passenger,,5.0,25.0,GPS,1.0,AMRUM,,AIS,12.0,13.0,3.0,2.0
26/11/2024 20:26:40,Class A,211299300,54.632008,8.381937,Under way using engine,,0.0,185.9,,Unknown,DCHL,EILUN,Passenger,,5.0,25.0,GPS,1.0,AMRUM,,AIS,12.0,13.0,3.0,2.0
26/11/2024 20:26:51,Class A,211299300,54.632005,8.381937,Under way using engine,,0.0,185.9,,Unknown,DCHL,EILUN,Passenger,,5.0,25.0,GPS,1.0,AMRUM,,AIS,12.0,13.0,3.0,2.0
26/11/2024 20:26:59,Class A,211299300,54.632003,8.381937,Under way using engine,,0.0,185.9,,Unknown,DCHL,EILUN,Passenger,,5.0,25.0,GPS,1.0,AMRUM,,AIS,12.0,13.0,3.0,2.0
26/11/2024 20:27:10,Class A,211299300,54.632003,8.38194,Under way using engine,,0.0,185.9,,Unknown,DCHL,EILUN,Passenger,,5.0,25.0,GPS,1.0,AMRUM,,AIS,12.0,13.0,3.0,2.0
26/11/2024 20:27:30,Class A,211299300,54.632,8.381932,Under way using engine,,0.0,185.9,,Unknown,DCHL,EILUN,Passenger,,5.0,25.0,GPS,1.0,AMRUM,,AIS,12.0,13.0,3.0,2.0
26/11/2024 20:27:40,Class A,211299300,54.632,8.381928,Under way using engine,,0.0,185.9,,Unknown,DCHL,EILUN,Passenger,,5.0,25.0,GPS,1.0,AMRUM,,AIS,12.0,13.0,3.0,2.0
26/11/2024 20:27:51,Class A,211299300,54.632002,8.381928,Under way using engine,,0.0,185.9,,Unknown,DCHL,EILUN,Passenger,,5.0,25.0,GPS,1.0,AMRUM,,AIS,12.0,13.0,3.0,2.0
26/11/2024 20:28:10,Class A,211299300,54.632,8.381935,Under way using engine,,0.0,185.9,,Unknown,DCHL,EILUN,Passenger,,5.0,25.0,GPS,1.0,AMRUM,,AIS,12.0,13.0,3.0,2.0
26/11/2024 20:28:19,Class A,211299300,54.632,8.381933,Under way using engine,,0.0,185.9,,Unknown,DCHL,EILUN,Passenger,,5.0,25.0,GPS,1.0,AMRUM,,AIS,12.0,13.0,3.0,2.0
26/11/2024 20:28:30,Class A,211299300,54.632,8.381937,Under way using engine,,0.0,185.9,,Unknown,DCHL,EILUN,Passenger,,5.0,25.0,GPS,1.0,AMRUM,,AIS,12.0,13.0,3.0,2.0
26/11/2024 20:28:40,Class A,211299300,54.632003,8.381952,Under way using engine,,0.0,185.9,,Unknown,DCHL,EILUN,Passenger,,5.0,25.0,GPS,1.0,AMRUM,,AIS,12.0,13.0,3.0,2.0
26/11/2024 20:28:51,Class A,211299300,54.632,8.381937,Under way using engine,,0.0,185.9,,Unknown,DCHL,EILUN,Passenger,,5.0,25.0,GPS,1.0,AMRUM,,AIS,12.0,13.0,3.0,2.0
26/11/2024 20:28:59,Class A,211299300,54.631995,8.381937,Under way using engine,,0.0,185.9,,Unknown,DCHL,EILUN,Passenger,,5.0,25.0,GPS,1.0,AMRUM,,AIS,12.0,13.0,3.0,2.0
26/11/2024 20:29:09,Class A,211299300,54.631992,8.381938,Under way using engine,,0.0,185.9,,Unknown,DCHL,EILUN,Passenger,,5.0,25.0,GPS,1.0,AMRUM,,AIS,12.0,13.0,3.0,2.0
26/11/2024 20:29:19,Class A,211299300,54.631988,8.381947,Under way using engine,,0.0,185.9,,Unknown,DCHL,EILUN,Passenger,,5.0,25.0,GPS,1.0,AMRUM,,AIS,12.0,13.0,3.0,2.0
26/11/2024 20:29:40,Class A,211299300,54.631988,8.381967,Under way using engine,,0.0,185.9,,Unknown,DCHL,EILUN,Passenger,,5.0,25.0,GPS,1.0,AMRUM,,AIS,12.0,13.0,3.0,2.0
26/11/2024 20:29:51,Class A,211299300,54.631992,8.381955,Under way using engine,,0.0,185.9,,Unknown,DCHL,EILUN,Passenger,,5.0,25.0,GPS,1.0,AMRUM,,AIS,12.0,13.0,3.0,2.0
26/11/2024 20:29:59,Class A,211299300,54.631993,8.381955,Under way using engine,,0.0,185.9,,Unknown,DCHL,EILUN,Passenger,,5.0,25.0,GPS,1.0,AMRUM,,AIS,12.0,13.0,3.0,2.0
26/11/2024 20:30:09,Class A,211299300,54.631993,8.381948,Under way using engine,,0.0,185.9,,Unknown,DCHL,EILUN,Passenger,,5.0,25.0,GPS,1.0,AMRUM,,AIS,12.0,13.0,3.0,2.0
26/11/2024 20:30:30,Class A,211299300,54.631997,8.381948,Under way using engine,,0.0,185.9,,Unknown,DCHL,EILUN,Passenger,,5.0,25.0,GPS,1.0,AMRUM,,AIS,12.0,13.0,3.0,2.0
26/11/2024 20:30:40,Class A,211299300,54.632,8.381953,Under way using engine,,0.0,185.9,,Unknown,DCHL,EILUN,Passenger,,5.0,25.0,GPS,1.0,AMRUM,,AIS,12.0,13.0,3.0,2.0
26/11/2024 20:30:51,Class A,211299300,54.632002,8.381965,Under way using engine,,0.0,185.9,,Unknown,DCHL,EILUN,Passenger,,5.0,25.0,GPS,1.0,AMRUM,,AIS,12.0,13.0,3.0,2.0
26/11/2024 20:30:59,Class A,211299300,54.632007,8.381972,Under way using engine,,0.0,185.9,,Unknown,DCHL,EILUN,Passenger,,5.0,25.0,GPS,1.0,AMRUM,,AIS,12.0,13.0,3.0,2.0
26/11/2024 20:31:30,Class A,211299300,54.632012,8.381985,Under way using engine,,0.0,185.9,,Unknown,DCHL,EILUN,Passenger,,5.0,25.0,GPS,1.0,AMRUM,,AIS,12.0,13.0,3.0,2.0
26/11/2024 20:31:36,Class A,211299300,54.632012,8.381985,Under way using engine,,0.0,185.9,,Unknown,DCHL,EILUN,Passenger,,5.0,25.0,GPS,1.0,AMRUM,,AIS,12.0,13.0,3.0,2.0
26/11/2024 20:31:51,Class A,211299300,54.632023,8.381985,Under way using engine,,0.0,185.9,,Unknown,DCHL,EILUN,Passenger,,5.0,25.0,GPS,1.0,AMRUM,,AIS,12.0,13.0,3.0,2.0
26/11/2024 20:31:59,Class A,211299300,54.632023,8.381985,Under way using engine,,0.0,185.9,,Unknown,DCHL,EILUN,Passenger,,5.0,25.0,GPS,1.0,AMRUM,,AIS,12.0,13.0,3.0,2.0
26/11/2024 20:32:30,Class A,211299300,54.63201,8.381972,Under way using engine,,0.0,185.9,,Unknown,DCHL,EILUN,Passenger,,5.0,25.0,GPS,1.0,AMRUM,,AIS,12.0,13.0,3.0,2.0
26/11/2024 20:32:39,Class A,211299300,54.632007,8.381967,Under way using engine,,0.0,185.9,,Unknown,DCHL,EILUN,Passenger,,5.0,25.0,GPS,1.0,AMRUM,,AIS,12.0,13.0,3.0,2.0
26/11/2024 20:32:51,Class A,211299300,54.632013,8.381967,Under way using engine,,0.0,185.9,,Unknown,DCHL,EILUN,Passenger,,5.0,25.0,GPS,1.0,AMRUM,,AIS,12.0,13.0,3.0,2.0
26/11/2024 20:33:10,Class A,211299300,54.632023,8.381967,Under way using engine,,0.0,185.9,,Unknown,DCHL,EILUN,Passenger,,5.0,25.0,GPS,1.0,AMRUM,,AIS,12.0,13.0,3.0,2.0
26/11/2024 20:33:30,Class A,211299300,54.632035,8.381967,Under way using engine,,0.0,185.9,,Unknown,DCHL,EILUN,Passenger,,5.0,25.0,GPS,1.0,AMRUM,,AIS,12.0,13.0,3.0,2.0
26/11/2024 20:33:49,Class A,211299300,54.632023,8.381973,Under way using engine,,0.0,185.9,,Unknown,DCHL,EILUN,Passenger,,5.0,25.0,GPS,1.0,AMRUM,,AIS,12.0,13.0,3.0,2.0
26/11/2024 20:34:10,Class A,211299300,54.632012,8.381967,Under way using engine,,0.0,185.9,,Unknown,DCHL,EILUN,Passenger,,5.0,25.0,GPS,1.0,AMRUM,,AIS,12.0,13.0,3.0,2.0
26/11/2024 20:34:19,Class A,211299300,54.632012,8.381967,Under way using engine,,0.0,185.9,,Unknown,DCHL,EILUN,Passenger,,5.0,25.0,GPS,1.0,AMRUM,,AIS,12.0,13.0,3.0,2.0
26/11/2024 20:34:30,Class A,211299300,54.632012,8.381973,Under way using engine,,0.0,185.9,,Unknown,DCHL,EILUN,Passenger,,5.0,25.0,GPS,1.0,AMRUM,,AIS,12.0,13.0,3.0,2.0
26/11/2024 20:34:39,Class A,211299300,54.632008,8.381982,Under way using engine,,0.0,185.9,,Unknown,DCHL,EILUN,Passenger,,5.0,25.0,GPS,1.0,AMRUM,,AIS,12.0,13.0,3.0,2.0
26/11/2024 20:35:19,Class A,211299300,54.632005,8.382003,Under way using engine,,0.0,185.9,,Unknown,DCHL,EILUN,Passenger,,5.0,25.0,GPS,1.0,AMRUM,,AIS,12.0,13.0,3.0,2.0
26/11/2024 20:35:30,Class A,211299300,54.632012,8.381995,Under way using engine,,0.0,185.9,,Unknown,DCHL,EILUN,Passenger,,5.0,25.0,GPS,1.0,AMRUM,,AIS,12.0,13.0,3.0,2.0
26/11/2024 20:35:39,Class A,211299300,54.632005,8.381988,Under way using engine,,0.0,185.9,,Unknown,DCHL,EILUN,Passenger,,5.0,25.0,GPS,1.0,AMRUM,,AIS,12.0,13.0,3.0,2.0
26/11/2024 20:35:49,Class A,211299300,54.631992,8.38199,Under way using engine,,0.0,185.9,,Unknown,DCHL,EILUN,Passenger,,5.0,25.0,GPS,1.0,AMRUM,,AIS,12.0,13.0,3.0,2.0
26/11/2024 20:36:19,Class A,211299300,54.631977,8.381985,Under way using engine,,0.0,185.9,,Unknown,DCHL,EILUN,Passenger,,5.0,25.0,GPS,1.0,AMRUM,,AIS,12.0,13.0,3.0,2.0
26/11/2024 20:36:39,Class A,211299300,54.631982,8.38197,Under way using engine,,0.0,185.9,,Unknown,DCHL,EILUN,Passenger,,5.0,25.0,GPS,1.0,AMRUM,,AIS,12.0,13.0,3.0,2.0
26/11/2024 20:36:49,Class A,211299300,54.631988,8.38197,Under way using engine,,0.0,185.9,,Unknown,DCHL,EILUN,Passenger,,5.0,25.0,GPS,1.0,AMRUM,,AIS,12.0,13.0,3.0,2.0
26/11/2024 20:37:49,Class A,211299300,54.632007,8.381958,Under way using engine,,0.0,185.9,,Unknown,DCHL,EILUN,Passenger,,5.0,25.0,GPS,1.0,AMRUM,,AIS,12.0,13.0,3.0,2.0
26/11/2024 20:38:30,Class A,211299300,54.632005,8.381942,Under way using engine,,0.0,185.9,,Unknown,DCHL,EILUN,Passenger,,5.0,25.0,GPS,1.0,AMRUM,,AIS,12.0,13.0,3.0,2.0
26/11/2024 20:38:39,Class A,211299300,54.632003,8.381948,Under way using engine,,0.0,185.9,,Unknown,DCHL,EILUN,Passenger,,5.0,25.0,GPS,1.0,AMRUM,,AIS,12.0,13.0,3.0,2.0
26/11/2024 20:38:49,Class A,211299300,54.632003,8.381942,Under way using engine,,0.0,185.9,,Unknown,DCHL,EILUN,Passenger,,5.0,25.0,GPS,1.0,AMRUM,,AIS,12.0,13.0,3.0,2.0
26/11/2024 20:39:39,Class A,211299300,54.631993,8.381955,Under way using engine,,0.0,185.9,,Unknown,DCHL,EILUN,Passenger,,5.0,25.0,GPS,1.0,AMRUM,,AIS,12.0,13.0,3.0,2.0
26/11/2024 20:39:49,Class A,211299300,54.631997,8.381955,Under way using engine,,0.0,185.9,,Unknown,DCHL,EILUN,Passenger,,5.0,25.0,GPS,1.0,AMRUM,,AIS,12.0,13.0,3.0,2.0
26/11/2024 20:40:09,Class A,211299300,54.63199,8.381953,Under way using engine,,0.0,185.9,,Unknown,DCHL,EILUN,Passenger,,5.0,25.0,GPS,1.0,AMRUM,,AIS,12.0,13.0,3.0,2.0
26/11/2024 20:40:30,Class A,211299300,54.63198,8.381955,Under way using engine,,0.0,185.9,,Unknown,DCHL,EILUN,Passenger,,5.0,25.0,GPS,1.0,AMRUM,,AIS,12.0,13.0,3.0,2.0
26/11/2024 20:40:39,Class A,211299300,54.631982,8.381955,Under way using engine,,0.0,185.9,,Unknown,DCHL,EILUN,Passenger,,5.0,25.0,GPS,1.0,AMRUM,,AIS,12.0,13.0,3.0,2.0
26/11/2024 20:40:49,Class A,211299300,54.631982,8.381965,Under way using engine,,0.0,185.9,,Unknown,DCHL,EILUN,Passenger,,5.0,25.0,GPS,1.0,AMRUM,,AIS,12.0,13.0,3.0,2.0
26/11/2024 20:40:59,Class A,211299300,54.631973,8.381973,Under way using engine,,0.0,185.9,,Unknown,DCHL,EILUN,Passenger,,5.0,25.0,GPS,1.0,AMRUM,,AIS,12.0,13.0,3.0,2.0
26/11/2024 20:41:09,Class A,211299300,54.63197,8.381973,Under way using engine,,0.0,185.9,,Unknown,DCHL,EILUN,Passenger,,5.0,25.0,GPS,1.0,AMRUM,,AIS,12.0,13.0,3.0,2.0
26/11/2024 20:41:30,Class A,211299300,54.631973,8.381977,Under way using engine,,0.0,185.9,,Unknown,DCHL,EILUN,Passenger,,5.0,25.0,GPS,1.0,AMRUM,,AIS,12.0,13.0,3.0,2.0
26/11/2024 20:41:49,Class A,211299300,54.631975,8.381972,Under way using engine,,0.0,185.9,,Unknown,DCHL,EILUN,Passenger,,5.0,25.0,GPS,1.0,AMRUM,,AIS,12.0,13.0,3.0,2.0
26/11/2024 20:41:59,Class A,211299300,54.631975,8.381967,Under way using engine,,0.0,185.9,,Unknown,DCHL,EILUN,Passenger,,5.0,25.0,GPS,1.0,AMRUM,,AIS,12.0,13.0,3.0,2.0
26/11/2024 20:42:30,Class A,211299300,54.631945,8.382007,Under way using engine,,0.0,185.9,,Unknown,DCHL,EILUN,Passenger,,5.0,25.0,GPS,1.0,AMRUM,,AIS,12.0,13.0,3.0,2.0
26/11/2024 20:42:39,Class A,211299300,54.631973,8.381987,Under way using engine,,0.0,185.9,,Unknown,DCHL,EILUN,Passenger,,5.0,25.0,GPS,1.0,AMRUM,,AIS,12.0,13.0,3.0,2.0
26/11/2024 20:42:49,Class A,211299300,54.631937,8.382038,Under way using engine,,0.0,185.9,,Unknown,DCHL,EILUN,Passenger,,5.0,25.0,GPS,1.0,AMRUM,,AIS,12.0,13.0,3.0,2.0
26/11/2024 20:42:59,Class A,211299300,54.631973,8.382028,Under way using engine,,0.0,185.9,,Unknown,DCHL,EILUN,Passenger,,5.0,25.0,GPS,1.0,AMRUM,,AIS,12.0,13.0,3.0,2.0
26/11/2024 20:43:09,Class A,211299300,54.631997,8.382007,Under way using engine,,0.0,185.9,,Unknown,DCHL,EILUN,Passenger,,5.0,25.0,GPS,1.0,AMRUM,,AIS,12.0,13.0,3.0,2.0
26/11/2024 20:43:30,Class A,211299300,54.632002,8.381958,Under way using engine,,0.0,185.9,,Unknown,DCHL,EILUN,Passenger,,5.0,25.0,GPS,1.0,AMRUM,,AIS,12.0,13.0,3.0,2.0
26/11/2024 20:43:35,Class A,211299300,54.632002,8.381958,Under way using engine,,0.0,185.9,,Unknown,DCHL,EILUN,Passenger,,5.0,25.0,GPS,1.0,AMRUM,,AIS,12.0,13.0,3.0,2.0
26/11/2024 20:43:39,Class A,211299300,54.632003,8.381952,Under way using engine,,0.0,185.9,,Unknown,DCHL,EILUN,Passenger,,5.0,25.0,GPS,1.0,AMRUM,,AIS,12.0,13.0,3.0,2.0
26/11/2024 20:43:49,Class A,211299300,54.632002,8.381943,Under way using engine,,0.0,185.9,,Unknown,DCHL,EILUN,Passenger,,5.0,25.0,GPS,1.0,AMRUM,,AIS,12.0,13.0,3.0,2.0
26/11/2024 20:43:59,Class A,211299300,54.632003,8.381948,Under way using engine,,0.0,185.9,,Unknown,DCHL,EILUN,Passenger,,5.0,25.0,GPS,1.0,AMRUM,,AIS,12.0,13.0,3.0,2.0
26/11/2024 20:44:09,Class A,211299300,54.632007,8.382003,Under way using engine,,0.0,185.9,,Unknown,DCHL,EILUN,Passenger,,5.0,25.0,GPS,1.0,AMRUM,,AIS,12.0,13.0,3.0,2.0
26/11/2024 20:44:30,Class A,211299300,54.632003,8.381943,Under way using engine,,0.0,185.9,,Unknown,DCHL,EILUN,Passenger,,5.0,25.0,GPS,1.0,AMRUM,,AIS,12.0,13.0,3.0,2.0
26/11/2024 20:44:39,Class A,211299300,54.63203,8.38189,Under way using engine,,0.0,185.9,,Unknown,DCHL,EILUN,Passenger,,5.0,25.0,GPS,1.0,AMRUM,,AIS,12.0,13.0,3.0,2.0
26/11/2024 20:44:49,Class A,211299300,54.632078,8.38181,Under way using engine,,0.0,185.9,,Unknown,DCHL,EILUN,Passenger,,5.0,25.0,GPS,1.0,AMRUM,,AIS,12.0,13.0,3.0,2.0
26/11/2024 20:44:59,Class A,211299300,54.632078,8.381863,Under way using engine,,0.0,185.9,,Unknown,DCHL,EILUN,Passenger,,5.0,25.0,GPS,1.0,AMRUM,,AIS,12.0,13.0,3.0,2.0
26/11/2024 20:45:09,Class A,211299300,54.632068,8.381892,Under way using engine,,0.0,185.9,,Unknown,DCHL,EILUN,Passenger,,5.0,25.0,GPS,1.0,AMRUM,,AIS,12.0,13.0,3.0,2.0
26/11/2024 20:45:29,Class A,211299300,54.632035,8.381918,Under way using engine,,0.0,185.9,,Unknown,DCHL,EILUN,Passenger,,5.0,25.0,GPS,1.0,AMRUM,,AIS,12.0,13.0,3.0,2.0
26/11/2024 20:45:59,Class A,211299300,54.63204,8.381943,Under way using engine,,0.0,185.9,,Unknown,DCHL,EILUN,Passenger,,5.0,25.0,GPS,1.0,AMRUM,,AIS,12.0,13.0,3.0,2.0
26/11/2024 20:46:10,Class A,211299300,54.632052,8.381945,Under way using engine,,0.0,185.9,,Unknown,DCHL,EILUN,Passenger,,5.0,25.0,GPS,1.0,AMRUM,,AIS,12.0,13.0,3.0,2.0
26/11/2024 20:46:19,Class A,211299300,54.631952,8.381942,Under way using engine,,0.0,185.9,,Unknown,DCHL,EILUN,Passenger,,5.0,25.0,GPS,1.0,AMRUM,,AIS,12.0,13.0,3.0,2.0
26/11/2024 20:46:29,Class A,211299300,54.631927,8.381947,Under way using engine,,0.0,185.9,,Unknown,DCHL,EILUN,Passenger,,5.0,25.0,GPS,1.0,AMRUM,,AIS,12.0,13.0,3.0,2.0
26/11/2024 20:46:49,Class A,211299300,54.631937,8.381955,Under way using engine,,0.0,185.9,,Unknown,DCHL,EILUN,Passenger,,5.0,25.0,GPS,1.0,AMRUM,,AIS,12.0,13.0,3.0,2.0
26/11/2024 20:47:10,Class A,211299300,54.631963,8.381952,Under way using engine,,0.0,185.9,,Unknown,DCHL,EILUN,Passenger,,5.0,25.0,GPS,1.0,AMRUM,,AIS,12.0,13.0,3.0,2.0
26/11/2024 20:47:29,Class A,211299300,54.632007,8.381942,Under way using engine,,0.0,185.9,,Unknown,DCHL,EILUN,Passenger,,5.0,25.0,GPS,1.0,AMRUM,,AIS,12.0,13.0,3.0,2.0
26/11/2024 20:48:19,Class A,211299300,54.632017,8.381963,Under way using engine,,0.0,185.9,,Unknown,DCHL,EILUN,Passenger,,5.0,25.0,GPS,1.0,AMRUM,,AIS,12.0,13.0,3.0,2.0
26/11/2024 20:48:29,Class A,211299300,54.632017,8.381967,Under way using engine,,0.0,185.9,,Unknown,DCHL,EILUN,Passenger,,5.0,25.0,GPS,1.0,AMRUM,,AIS,12.0,13.0,3.0,2.0
26/11/2024 20:48:49,Class A,211299300,54.632023,8.381967,Under way using engine,,0.0,185.9,,Unknown,DCHL,EILUN,Passenger,,5.0,25.0,GPS,1.0,AMRUM,,AIS,12.0,13.0,3.0,2.0
26/11/2024 20:48:59,Class A,211299300,54.632023,8.381963,Under way using engine,,0.0,185.9,,Unknown,DCHL,EILUN,Passenger,,5.0,25.0,GPS,1.0,AMRUM,,AIS,12.0,13.0,3.0,2.0
26/11/2024 20:49:19,Class A,211299300,54.632015,8.381963,Under way using engine,,0.0,185.9,,Unknown,DCHL,EILUN,Passenger,,5.0,25.0,GPS,1.0,AMRUM,,AIS,12.0,13.0,3.0,2.0
26/11/2024 20:49:59,Class A,211299300,54.632,8.382008,Under way using engine,,0.0,185.9,,Unknown,DCHL,EILUN,Passenger,,5.0,25.0,GPS,1.0,AMRUM,,AIS,12.0,13.0,3.0,2.0
26/11/2024 20:50:10,Class A,211299300,54.631997,8.382017,Under way using engine,,0.0,185.9,,Unknown,DCHL,EILUN,Passenger,,5.0,25.0,GPS,1.0,AMRUM,,AIS,12.0,13.0,3.0,2.0
26/11/2024 20:50:19,Class A,211299300,54.631995,8.382022,Under way using engine,,0.0,185.9,,Unknown,DCHL,EILUN,Passenger,,5.0,25.0,GPS,1.0,AMRUM,,AIS,12.0,13.0,3.0,2.0
26/11/2024 20:50:49,Class A,211299300,54.632,8.38203,Under way using engine,,0.0,185.9,,Unknown,DCHL,EILUN,Passenger,,5.0,25.0,GPS,1.0,AMRUM,,AIS,12.0,13.0,3.0,2.0
26/11/2024 20:51:10,Class A,211299300,54.632005,8.382008,Under way using engine,,0.0,185.9,,Unknown,DCHL,EILUN,Passenger,,5.0,25.0,GPS,1.0,AMRUM,,AIS,12.0,13.0,3.0,2.0
26/11/2024 20:51:29,Class A,211299300,54.631985,8.38199,Under way using engine,,0.0,185.9,,Unknown,DCHL,EILUN,Passenger,,5.0,25.0,GPS,1.0,AMRUM,,AIS,12.0,13.0,3.0,2.0
26/11/2024 20:51:39,Class A,211299300,54.631982,8.381992,Under way using engine,,0.0,185.9,,Unknown,DCHL,EILUN,Passenger,,5.0,25.0,GPS,1.0,AMRUM,,AIS,12.0,13.0,3.0,2.0
26/11/2024 20:51:59,Class A,211299300,54.631982,8.382007,Under way using engine,,0.0,185.9,,Unknown,DCHL,EILUN,Passenger,,5.0,25.0,GPS,1.0,AMRUM,,AIS,12.0,13.0,3.0,2.0
26/11/2024 20:52:10,Class A,211299300,54.631942,8.382027,Under way using engine,,0.0,185.9,,Unknown,DCHL,EILUN,Passenger,,5.0,25.0,GPS,1.0,AMRUM,,AIS,12.0,13.0,3.0,2.0
26/11/2024 20:52:39,Class A,211299300,54.631978,8.38193,Under way using engine,,0.0,185.9,,Unknown,DCHL,EILUN,Passenger,,5.0,25.0,GPS,1.0,AMRUM,,AIS,12.0,13.0,3.0,2.0
26/11/2024 20:52:50,Class A,211299300,54.631978,8.381918,Under way using engine,,0.0,185.9,,Unknown,DCHL,EILUN,Passenger,,5.0,25.0,GPS,1.0,AMRUM,,AIS,12.0,13.0,3.0,2.0
26/11/2024 20:52:59,Class A,211299300,54.631972,8.381923,Under way using engine,,0.0,185.9,,Unknown,DCHL,EILUN,Passenger,,5.0,25.0,GPS,1.0,AMRUM,,AIS,12.0,13.0,3.0,2.0
26/11/2024 20:53:10,Class A,211299300,54.631955,8.381942,Under way using engine,,0.0,185.9,,Unknown,DCHL,EILUN,Passenger,,5.0,25.0,GPS,1.0,AMRUM,,AIS,12.0,13.0,3.0,2.0
26/11/2024 20:53:30,Class A,211299300,54.63197,8.381943,Under way using engine,,0.0,185.9,,Unknown,DCHL,EILUN,Passenger,,5.0,25.0,GPS,1.0,AMRUM,,AIS,12.0,13.0,3.0,2.0
26/11/2024 20:53:39,Class A,211299300,54.631988,8.381942,Under way using engine,,0.0,185.9,,Unknown,DCHL,EILUN,Passenger,,5.0,25.0,GPS,1.0,AMRUM,,AIS,12.0,13.0,3.0,2.0
26/11/2024 20:53:50,Class A,211299300,54.632,8.38194,Under way using engine,,0.0,185.9,,Unknown,DCHL,EILUN,Passenger,,5.0,25.0,GPS,1.0,AMRUM,,AIS,12.0,13.0,3.0,2.0
26/11/2024 20:53:59,Class A,211299300,54.632005,8.38194,Under way using engine,,0.0,185.9,,Unknown,DCHL,EILUN,Passenger,,5.0,25.0,GPS,1.0,AMRUM,,AIS,12.0,13.0,3.0,2.0
26/11/2024 20:54:10,Class A,211299300,54.632005,8.381943,Under way using engine,,0.0,185.9,,Unknown,DCHL,EILUN,Passenger,,5.0,25.0,GPS,1.0,AMRUM,,AIS,12.0,13.0,3.0,2.0
26/11/2024 20:54:30,Class A,211299300,54.632007,8.38192,Under way using engine,,0.0,185.9,,Unknown,DCHL,EILUN,Passenger,,5.0,25.0,GPS,1.0,AMRUM,,AIS,12.0,13.0,3.0,2.0
26/11/2024 20:54:39,Class A,211299300,54.632007,8.381927,Under way using engine,,0.0,185.9,,Unknown,DCHL,EILUN,Passenger,,5.0,25.0,GPS,1.0,AMRUM,,AIS,12.0,13.0,3.0,2.0
26/11/2024 20:54:59,Class A,211299300,54.631988,8.381953,Under way using engine,,0.0,185.9,,Unknown,DCHL,EILUN,Passenger,,5.0,25.0,GPS,1.0,AMRUM,,AIS,12.0,13.0,3.0,2.0
26/11/2024 20:55:30,Class A,211299300,54.631992,8.381977,Under way using engine,,0.0,185.9,,Unknown,DCHL,EILUN,Passenger,,5.0,25.0,GPS,1.0,AMRUM,,AIS,12.0,13.0,3.0,2.0
26/11/2024 20:55:39,Class A,211299300,54.632,8.381937,Under way using engine,,0.0,185.9,,Unknown,DCHL,EILUN,Passenger,,5.0,25.0,GPS,1.0,AMRUM,,AIS,12.0,13.0,3.0,2.0
26/11/2024 20:56:30,Class A,211299300,54.631978,8.381985,Under way using engine,,0.0,185.9,,Unknown,DCHL,EILUN,Passenger,,5.0,25.0,GPS,1.0,AMRUM,,AIS,12.0,13.0,3.0,2.0
26/11/2024 20:56:39,Class A,211299300,54.631982,8.381992,Under way using engine,,0.0,185.9,,Unknown,DCHL,EILUN,Passenger,,5.0,25.0,GPS,1.0,AMRUM,,AIS,12.0,13.0,3.0,2.0
26/11/2024 20:57:20,Class A,211299300,54.631933,8.382015,Under way using engine,,0.0,185.9,,Unknown,DCHL,EILUN,Passenger,,5.0,25.0,GPS,1.0,AMRUM,,AIS,12.0,13.0,3.0,2.0
26/11/2024 20:57:29,Class A,211299300,54.631943,8.382008,Under way using engine,,0.0,185.9,,Unknown,DCHL,EILUN,Passenger,,5.0,25.0,GPS,1.0,AMRUM,,AIS,12.0,13.0,3.0,2.0
26/11/2024 20:57:39,Class A,211299300,54.631957,8.382002,Under way using engine,,0.0,185.9,,Unknown,DCHL,EILUN,Passenger,,5.0,25.0,GPS,1.0,AMRUM,,AIS,12.0,13.0,3.0,2.0
26/11/2024 20:58:09,Class A,211299300,54.631945,8.381943,Under way using engine,,0.0,185.9,,Unknown,DCHL,EILUN,Passenger,,5.0,25.0,GPS,1.0,AMRUM,,AIS,12.0,13.0,3.0,2.0
26/11/2024 20:58:19,Class A,211299300,54.631963,8.381943,Under way using engine,,0.0,185.9,,Unknown,DCHL,EILUN,Passenger,,5.0,25.0,GPS,1.0,AMRUM,,AIS,12.0,13.0,3.0,2.0
26/11/2024 20:58:29,Class A,211299300,54.631967,8.381955,Under way using engine,,0.0,185.9,,Unknown,DCHL,EILUN,Passenger,,5.0,25.0,GPS,1.0,AMRUM,,AIS,12.0,13.0,3.0,2.0
26/11/2024 20:58:40,Class A,211299300,54.631967,8.38196,Under way using engine,,0.0,185.9,,Unknown,DCHL,EILUN,Passenger,,5.0,25.0,GPS,1.0,AMRUM,,AIS,12.0,13.0,3.0,2.0
26/11/2024 20:59:09,Class A,211299300,54.632,8.38195,Under way using engine,,0.0,185.9,,Unknown,DCHL,EILUN,Passenger,,5.0,25.0,GPS,1.0,AMRUM,,AIS,12.0,13.0,3.0,2.0
26/11/2024 20:59:19,Class A,211299300,54.632018,8.381945,Under way using engine,,0.0,185.9,,Unknown,DCHL,EILUN,Passenger,,5.0,25.0,GPS,1.0,AMRUM,,AIS,12.0,13.0,3.0,2.0
26/11/2024 20:59:29,Class A,211299300,54.631973,8.381908,Under way using engine,,0.0,185.9,,Unknown,DCHL,EILUN,Passenger,,5.0,25.0,GPS,1.0,AMRUM,,AIS,12.0,13.0,3.0,2.0
26/11/2024 20:59:50,Class A,211299300,54.631975,8.381913,Under way using engine,,0.0,185.9,,Unknown,DCHL,EILUN,Passenger,,5.0,25.0,GPS,1.0,AMRUM,,AIS,12.0,13.0,3.0,2.0
26/11/2024 21:00:19,Class A,211299300,54.632022,8.381925,Under way using engine,,0.0,185.9,,Unknown,DCHL,EILUN,Passenger,,5.0,25.0,GPS,1.0,AMRUM,,AIS,12.0,13.0,3.0,2.0
26/11/2024 21:00:29,Class A,211299300,54.632012,8.381918,Under way using engine,,0.0,185.9,,Unknown,DCHL,EILUN,Passenger,,5.0,25.0,GPS,1.0,AMRUM,,AIS,12.0,13.0,3.0,2.0
26/11/2024 21:00:40,Class A,211299300,54.631992,8.381898,Under way using engine,,0.0,185.9,,Unknown,DCHL,EILUN,Passenger,,5.0,25.0,GPS,1.0,AMRUM,,AIS,12.0,13.0,3.0,2.0
26/11/2024 21:00:50,Class A,211299300,54.63198,8.381895,Under way using engine,,0.0,185.9,,Unknown,DCHL,EILUN,Passenger,,5.0,25.0,GPS,1.0,AMRUM,,AIS,12.0,13.0,3.0,2.0
26/11/2024 21:01:09,Class A,211299300,54.632007,8.381918,Under way using engine,,0.0,185.9,,Unknown,DCHL,EILUN,Passenger,,5.0,25.0,GPS,1.0,AMRUM,,AIS,12.0,13.0,3.0,2.0
26/11/2024 21:01:19,Class A,211299300,54.632042,8.381908,Under way using engine,,0.0,185.9,,Unknown,DCHL,EILUN,Passenger,,5.0,25.0,GPS,1.0,AMRUM,,AIS,12.0,13.0,3.0,2.0
26/11/2024 21:01:50,Class A,211299300,54.632043,8.381942,Under way using engine,,0.0,185.9,,Unknown,DCHL,EILUN,Passenger,,5.0,25.0,GPS,1.0,AMRUM,,AIS,12.0,13.0,3.0,2.0
26/11/2024 21:01:59,Class A,211299300,54.632023,8.381965,Under way using engine,,0.0,185.9,,Unknown,DCHL,EILUN,Passenger,,5.0,25.0,GPS,1.0,AMRUM,,AIS,12.0,13.0,3.0,2.0
26/11/2024 21:02:19,Class A,211299300,54.632012,8.381973,Under way using engine,,0.0,185.9,,Unknown,DCHL,EILUN,Passenger,,5.0,25.0,GPS,1.0,AMRUM,,AIS,12.0,13.0,3.0,2.0
26/11/2024 21:02:40,Class A,211299300,54.631967,8.381955,Under way using engine,,0.0,185.9,,Unknown,DCHL,EILUN,Passenger,,5.0,25.0,GPS,1.0,AMRUM,,AIS,12.0,13.0,3.0,2.0
26/11/2024 21:02:50,Class A,211299300,54.63194,8.381932,Under way using engine,,0.0,185.9,,Unknown,DCHL,EILUN,Passenger,,5.0,25.0,GPS,1.0,AMRUM,,AIS,12.0,13.0,3.0,2.0
26/11/2024 21:03:09,Class A,211299300,54.631937,8.381942,Under way using engine,,0.0,185.9,,Unknown,DCHL,EILUN,Passenger,,5.0,25.0,GPS,1.0,AMRUM,,AIS,12.0,13.0,3.0,2.0
26/11/2024 21:03:50,Class A,211299300,54.631973,8.381952,Under way using engine,,0.0,185.9,,Unknown,DCHL,EILUN,Passenger,,5.0,25.0,GPS,1.0,AMRUM,,AIS,12.0,13.0,3.0,2.0
26/11/2024 21:03:59,Class A,211299300,54.631982,8.381963,Under way using engine,,0.0,185.9,,Unknown,DCHL,EILUN,Passenger,,5.0,25.0,GPS,1.0,AMRUM,,AIS,12.0,13.0,3.0,2.0
26/11/2024 21:04:09,Class A,211299300,54.632005,8.382007,Under way using engine,,0.0,185.9,,Unknown,DCHL,EILUN,Passenger,,5.0,25.0,GPS,1.0,AMRUM,,AIS,12.0,13.0,3.0,2.0
26/11/2024 21:04:40,Class A,211299300,54.632005,8.38202,Under way using engine,,0.0,185.9,,Unknown,DCHL,EILUN,Passenger,,5.0,25.0,GPS,1.0,AMRUM,,AIS,12.0,13.0,3.0,2.0
26/11/2024 21:04:50,Class A,211299300,54.631997,8.382003,Under way using engine,,0.0,185.9,,Unknown,DCHL,EILUN,Passenger,,5.0,25.0,GPS,1.0,AMRUM,,AIS,12.0,13.0,3.0,2.0
26/11/2024 21:05:09,Class A,211299300,54.631985,8.381925,Under way using engine,,0.0,185.9,,Unknown,DCHL,EILUN,Passenger,,5.0,25.0,GPS,1.0,AMRUM,,AIS,12.0,13.0,3.0,2.0
26/11/2024 21:05:50,Class A,211299300,54.631952,8.381877,Under way using engine,,0.0,185.9,,Unknown,DCHL,EILUN,Passenger,,5.0,25.0,GPS,1.0,AMRUM,,AIS,12.0,13.0,3.0,2.0
26/11/2024 21:05:59,Class A,211299300,54.631903,8.381882,Under way using engine,,0.0,185.9,,Unknown,DCHL,EILUN,Passenger,,5.0,25.0,GPS,1.0,AMRUM,,AIS,12.0,13.0,3.0,2.0
26/11/2024 21:06:09,Class A,211299300,54.631872,8.381888,Under way using engine,,0.0,185.9,,Unknown,DCHL,EILUN,Passenger,,5.0,25.0,GPS,1.0,AMRUM,,AIS,12.0,13.0,3.0,2.0
26/11/2024 21:06:19,Class A,211299300,54.631892,8.3819,Under way using engine,,0.0,185.9,,Unknown,DCHL,EILUN,Passenger,,5.0,25.0,GPS,1.0,AMRUM,,AIS,12.0,13.0,3.0,2.0
26/11/2024 21:06:50,Class A,211299300,54.631975,8.381883,Under way using engine,,0.0,185.9,,Unknown,DCHL,EILUN,Passenger,,5.0,25.0,GPS,1.0,AMRUM,,AIS,12.0,13.0,3.0,2.0
26/11/2024 21:06:59,Class A,211299300,54.631982,8.381882,Under way using engine,,0.0,185.9,,Unknown,DCHL,EILUN,Passenger,,5.0,25.0,GPS,1.0,AMRUM,,AIS,12.0,13.0,3.0,2.0
26/11/2024 21:07:09,Class A,211299300,54.63198,8.381877,Under way using engine,,0.0,185.9,,Unknown,DCHL,EILUN,Passenger,,5.0,25.0,GPS,1.0,AMRUM,,AIS,12.0,13.0,3.0,2.0
26/11/2024 21:07:19,Class A,211299300,54.631977,8.381865,Under way using engine,,0.0,185.9,,Unknown,DCHL,EILUN,Passenger,,5.0,25.0,GPS,1.0,AMRUM,,AIS,12.0,13.0,3.0,2.0
26/11/2024 21:07:30,Class A,211299300,54.631982,8.38188,Under way using engine,,0.0,185.9,,Unknown,DCHL,EILUN,Passenger,,5.0,25.0,GPS,1.0,AMRUM,,AIS,12.0,13.0,3.0,2.0
26/11/2024 21:07:35,Class A,211299300,54.631982,8.38188,Under way using engine,,0.0,185.9,,Unknown,DCHL,EILUN,Passenger,,5.0,25.0,GPS,1.0,AMRUM,,AIS,12.0,13.0,3.0,2.0
26/11/2024 21:07:50,Class A,211299300,54.631993,8.381932,Under way using engine,,0.0,185.9,,Unknown,DCHL,EILUN,Passenger,,5.0,25.0,GPS,1.0,AMRUM,,AIS,12.0,13.0,3.0,2.0
26/11/2024 21:07:59,Class A,211299300,54.63199,8.381937,Under way using engine,,0.0,185.9,,Unknown,DCHL,EILUN,Passenger,,5.0,25.0,GPS,1.0,AMRUM,,AIS,12.0,13.0,3.0,2.0
26/11/2024 21:08:09,Class A,211299300,54.63197,8.381955,Under way using engine,,0.0,185.9,,Unknown,DCHL,EILUN,Passenger,,5.0,25.0,GPS,1.0,AMRUM,,AIS,12.0,13.0,3.0,2.0
26/11/2024 21:08:19,Class A,211299300,54.631942,8.381978,Under way using engine,,0.0,185.9,,Unknown,DCHL,EILUN,Passenger,,5.0,25.0,GPS,1.0,AMRUM,,AIS,12.0,13.0,3.0,2.0
26/11/2024 21:08:30,Class A,211299300,54.631945,8.381978,Under way using engine,,0.0,185.9,,Unknown,DCHL,EILUN,Passenger,,5.0,25.0,GPS,1.0,AMRUM,,AIS,12.0,13.0,3.0,2.0
26/11/2024 21:08:40,Class A,211299300,54.631957,8.381967,Under way using engine,,0.0,185.9,,Unknown,DCHL,EILUN,Passenger,,5.0,25.0,GPS,1.0,AMRUM,,AIS,12.0,13.0,3.0,2.0
26/11/2024 21:08:50,Class A,211299300,54.631963,8.381962,Under way using engine,,0.0,185.9,,Unknown,DCHL,EILUN,Passenger,,5.0,25.0,GPS,1.0,AMRUM,,AIS,12.0,13.0,3.0,2.0
26/11/2024 21:08:59,Class A,211299300,54.63197,8.381963,Under way using engine,,0.0,185.9,,Unknown,DCHL,EILUN,Passenger,,5.0,25.0,GPS,1.0,AMRUM,,AIS,12.0,13.0,3.0,2.0
26/11/2024 21:09:09,Class A,211299300,54.63197,8.38196,Under way using engine,,0.0,185.9,,Unknown,DCHL,EILUN,Passenger,,5.0,25.0,GPS,1.0,AMRUM,,AIS,12.0,13.0,3.0,2.0
26/11/2024 21:09:19,Class A,211299300,54.631975,8.381967,Under way using engine,,0.0,185.9,,Unknown,DCHL,EILUN,Passenger,,5.0,25.0,GPS,1.0,AMRUM,,AIS,12.0,13.0,3.0,2.0
26/11/2024 21:09:30,Class A,211299300,54.63198,8.381973,Under way using engine,,0.0,185.9,,Unknown,DCHL,EILUN,Passenger,,5.0,25.0,GPS,1.0,AMRUM,,AIS,12.0,13.0,3.0,2.0
26/11/2024 21:09:50,Class A,211299300,54.631963,8.38195,Under way using engine,,0.0,185.9,,Unknown,DCHL,EILUN,Passenger,,5.0,25.0,GPS,1.0,AMRUM,,AIS,12.0,13.0,3.0,2.0
26/11/2024 21:10:00,Class A,211299300,54.631975,8.381912,Under way using engine,,0.0,185.9,,Unknown,DCHL,EILUN,Passenger,,5.0,25.0,GPS,1.0,AMRUM,,AIS,12.0,13.0,3.0,2.0
26/11/2024 21:10:09,Class A,211299300,54.631993,8.381895,Under way using engine,,0.0,185.9,,Unknown,DCHL,EILUN,Passenger,,5.0,25.0,GPS,1.0,AMRUM,,AIS,12.0,13.0,3.0,2.0
26/11/2024 21:10:19,Class A,211299300,54.631988,8.381907,Under way using engine,,0.0,185.9,,Unknown,DCHL,EILUN,Passenger,,5.0,25.0,GPS,1.0,AMRUM,,AIS,12.0,13.0,3.0,2.0
26/11/2024 21:10:50,Class A,211299300,54.632072,8.381942,Under way using engine,,0.0,185.9,,Unknown,DCHL,EILUN,Passenger,,5.0,25.0,GPS,1.0,AMRUM,,AIS,12.0,13.0,3.0,2.0
26/11/2024 21:11:00,Class A,211299300,54.632063,8.38193,Under way using engine,,0.0,185.9,,Unknown,DCHL,EILUN,Passenger,,5.0,25.0,GPS,1.0,AMRUM,,AIS,12.0,13.0,3.0,2.0
26/11/2024 21:11:09,Class A,211299300,54.632062,8.381928,Under way using engine,,0.0,185.9,,Unknown,DCHL,EILUN,Passenger,,5.0,25.0,GPS,1.0,AMRUM,,AIS,12.0,13.0,3.0,2.0
26/11/2024 21:11:19,Class A,211299300,54.63206,8.381937,Under way using engine,,0.0,185.9,,Unknown,DCHL,EILUN,Passenger,,5.0,25.0,GPS,1.0,AMRUM,,AIS,12.0,13.0,3.0,2.0
26/11/2024 21:11:50,Class A,211299300,54.632012,8.381942,Under way using engine,,0.0,185.9,,Unknown,DCHL,EILUN,Passenger,,5.0,25.0,GPS,1.0,AMRUM,,AIS,12.0,13.0,3.0,2.0
26/11/2024 21:12:10,Class A,211299300,54.632012,8.381942,Under way using engine,,0.0,185.9,,Unknown,DCHL,EILUN,Passenger,,5.0,25.0,GPS,1.0,AMRUM,,AIS,12.0,13.0,3.0,2.0
26/11/2024 21:12:50,Class A,211299300,54.632018,8.381953,Under way using engine,,0.0,185.9,,Unknown,DCHL,EILUN,Passenger,,5.0,25.0,GPS,1.0,AMRUM,,AIS,12.0,13.0,3.0,2.0
26/11/2024 21:13:00,Class A,211299300,54.632018,8.381952,Under way using engine,,0.0,185.9,,Unknown,DCHL,EILUN,Passenger,,5.0,25.0,GPS,1.0,AMRUM,,AIS,12.0,13.0,3.0,2.0
26/11/2024 21:13:10,Class A,211299300,54.632018,8.381943,Under way using engine,,0.0,185.9,,Unknown,DCHL,EILUN,Passenger,,5.0,25.0,GPS,1.0,AMRUM,,AIS,12.0,13.0,3.0,2.0
26/11/2024 21:13:20,Class A,211299300,54.632012,8.38194,Under way using engine,,0.0,185.9,,Unknown,DCHL,EILUN,Passenger,,5.0,25.0,GPS,1.0,AMRUM,,AIS,12.0,13.0,3.0,2.0
26/11/2024 21:13:35,Class A,211299300,54.632012,8.38194,Under way using engine,,0.0,185.9,,Unknown,DCHL,EILUN,Passenger,,5.0,25.0,GPS,1.0,AMRUM,,AIS,12.0,13.0,3.0,2.0
26/11/2024 21:14:00,Class A,211299300,54.632007,8.381948,Under way using engine,,0.0,185.9,,Unknown,DCHL,EILUN,Passenger,,5.0,25.0,GPS,1.0,AMRUM,,AIS,12.0,13.0,3.0,2.0
26/11/2024 21:14:10,Class A,211299300,54.632003,8.38196,Under way using engine,,0.0,185.9,,Unknown,DCHL,EILUN,Passenger,,5.0,25.0,GPS,1.0,AMRUM,,AIS,12.0,13.0,3.0,2.0
26/11/2024 21:14:20,Class A,211299300,54.632003,8.381963,Under way using engine,,0.0,185.9,,Unknown,DCHL,EILUN,Passenger,,5.0,25.0,GPS,1.0,AMRUM,,AIS,12.0,13.0,3.0,2.0
26/11/2024 21:15:00,Class A,211299300,54.631985,8.381978,Under way using engine,,0.0,185.9,,Unknown,DCHL,EILUN,Passenger,,5.0,25.0,GPS,1.0,AMRUM,,AIS,12.0,13.0,3.0,2.0
26/11/2024 21:15:10,Class A,211299300,54.63199,8.38197,Under way using engine,,0.0,185.9,,Unknown,DCHL,EILUN,Passenger,,5.0,25.0,GPS,1.0,AMRUM,,AIS,12.0,13.0,3.0,2.0
26/11/2024 21:15:30,Class A,211299300,54.631993,8.381997,Under way using engine,,0.0,185.9,,Unknown,DCHL,EILUN,Passenger,,5.0,25.0,GPS,1.0,AMRUM,,AIS,12.0,13.0,3.0,2.0
26/11/2024 21:15:39,Class A,211299300,54.63201,8.381997,Under way using engine,,0.0,185.9,,Unknown,DCHL,EILUN,Passenger,,5.0,25.0,GPS,1.0,AMRUM,,AIS,12.0,13.0,3.0,2.0
26/11/2024 21:15:50,Class A,211299300,54.632018,8.381973,Under way using engine,,0.0,185.9,,Unknown,DCHL,EILUN,Passenger,,5.0,25.0,GPS,1.0,AMRUM,,AIS,12.0,13.0,3.0,2.0
26/11/2024 21:16:00,Class A,211299300,54.632012,8.38197,Under way using engine,,0.0,185.9,,Unknown,DCHL,EILUN,Passenger,,5.0,25.0,GPS,1.0,AMRUM,,AIS,12.0,13.0,3.0,2.0
26/11/2024 21:16:10,Class A,211299300,54.632,8.38199,Under way using engine,,0.0,185.9,,Unknown,DCHL,EILUN,Passenger,,5.0,25.0,GPS,1.0,AMRUM,,AIS,12.0,13.0,3.0,2.0
26/11/2024 21:16:20,Class A,211299300,54.632008,8.381975,Under way using engine,,0.0,185.9,,Unknown,DCHL,EILUN,Passenger,,5.0,25.0,GPS,1.0,AMRUM,,AIS,12.0,13.0,3.0,2.0
26/11/2024 21:16:30,Class A,211299300,54.632012,8.381977,Under way using engine,,0.0,185.9,,Unknown,DCHL,EILUN,Passenger,,5.0,25.0,GPS,1.0,AMRUM,,AIS,12.0,13.0,3.0,2.0
26/11/2024 21:16:50,Class A,211299300,54.632013,8.381973,Under way using engine,,0.0,185.9,,Unknown,DCHL,EILUN,Passenger,,5.0,25.0,GPS,1.0,AMRUM,,AIS,12.0,13.0,3.0,2.0
26/11/2024 21:17:00,Class A,211299300,54.632005,8.381978,Under way using engine,,0.0,185.9,,Unknown,DCHL,EILUN,Passenger,,5.0,25.0,GPS,1.0,AMRUM,,AIS,12.0,13.0,3.0,2.0
26/11/2024 21:17:20,Class A,211299300,54.631982,8.381973,Under way using engine,,0.0,185.9,,Unknown,DCHL,EILUN,Passenger,,5.0,25.0,GPS,1.0,AMRUM,,AIS,12.0,13.0,3.0,2.0
26/11/2024 21:18:00,Class A,211299300,54.632,8.381962,Under way using engine,,0.0,185.9,,Unknown,DCHL,EILUN,Passenger,,5.0,25.0,GPS,1.0,AMRUM,,AIS,12.0,13.0,3.0,2.0
26/11/2024 21:18:20,Class A,211299300,54.631992,8.381963,Under way using engine,,0.0,185.9,,Unknown,DCHL,EILUN,Passenger,,5.0,25.0,GPS,1.0,AMRUM,,AIS,12.0,13.0,3.0,2.0
26/11/2024 21:19:00,Class A,211299300,54.631995,8.381955,Under way using engine,,0.0,185.9,,Unknown,DCHL,EILUN,Passenger,,5.0,25.0,GPS,1.0,AMRUM,,AIS,12.0,13.0,3.0,2.0
26/11/2024 21:19:20,Class A,211299300,54.632007,8.381952,Under way using engine,,0.0,185.9,,Unknown,DCHL,EILUN,Passenger,,5.0,25.0,GPS,1.0,AMRUM,,AIS,12.0,13.0,3.0,2.0
26/11/2024 21:19:50,Class A,211299300,54.632005,8.381963,Under way using engine,,0.0,185.9,,Unknown,DCHL,EILUN,Passenger,,5.0,25.0,GPS,1.0,AMRUM,,AIS,12.0,13.0,3.0,2.0
26/11/2024 21:20:00,Class A,211299300,54.632003,8.381972,Under way using engine,,0.0,185.9,,Unknown,DCHL,EILUN,Passenger,,5.0,25.0,GPS,1.0,AMRUM,,AIS,12.0,13.0,3.0,2.0
26/11/2024 21:20:20,Class A,211299300,54.632007,8.381985,Under way using engine,,0.0,185.9,,Unknown,DCHL,EILUN,Passenger,,5.0,25.0,GPS,1.0,AMRUM,,AIS,12.0,13.0,3.0,2.0
26/11/2024 21:20:40,Class A,211299300,54.632018,8.382,Under way using engine,,0.0,185.9,,Unknown,DCHL,EILUN,Passenger,,5.0,25.0,GPS,1.0,AMRUM,,AIS,12.0,13.0,3.0,2.0
26/11/2024 21:20:50,Class A,211299300,54.632022,8.381997,Under way using engine,,0.0,185.9,,Unknown,DCHL,EILUN,Passenger,,5.0,25.0,GPS,1.0,AMRUM,,AIS,12.0,13.0,3.0,2.0
26/11/2024 21:21:00,Class A,211299300,54.632027,8.381988,Under way using engine,,0.0,185.9,,Unknown,DCHL,EILUN,Passenger,,5.0,25.0,GPS,1.0,AMRUM,,AIS,12.0,13.0,3.0,2.0
26/11/2024 21:21:20,Class A,211299300,54.63203,8.381977,Under way using engine,,0.0,185.9,,Unknown,DCHL,EILUN,Passenger,,5.0,25.0,GPS,1.0,AMRUM,,AIS,12.0,13.0,3.0,2.0
26/11/2024 21:21:29,Class A,211299300,54.632027,8.381977,Under way using engine,,0.0,185.9,,Unknown,DCHL,EILUN,Passenger,,5.0,25.0,GPS,1.0,AMRUM,,AIS,12.0,13.0,3.0,2.0
26/11/2024 21:21:40,Class A,211299300,54.632025,8.38198,Under way using engine,,0.0,185.9,,Unknown,DCHL,EILUN,Passenger,,5.0,25.0,GPS,1.0,AMRUM,,AIS,12.0,13.0,3.0,2.0
26/11/2024 21:22:10,Class A,211299300,54.632018,8.382008,Under way using engine,,0.0,185.9,,Unknown,DCHL,EILUN,Passenger,,5.0,25.0,GPS,1.0,AMRUM,,AIS,12.0,13.0,3.0,2.0
26/11/2024 21:22:20,Class A,211299300,54.632018,8.382007,Under way using engine,,0.0,185.9,,Unknown,DCHL,EILUN,Passenger,,5.0,25.0,GPS,1.0,AMRUM,,AIS,12.0,13.0,3.0,2.0
26/11/2024 21:22:29,Class A,211299300,54.632018,8.382,Under way using engine,,0.0,185.9,,Unknown,DCHL,EILUN,Passenger,,5.0,25.0,GPS,1.0,AMRUM,,AIS,12.0,13.0,3.0,2.0
26/11/2024 21:22:40,Class A,211299300,54.632018,8.381997,Under way using engine,,0.0,185.9,,Unknown,DCHL,EILUN,Passenger,,5.0,25.0,GPS,1.0,AMRUM,,AIS,12.0,13.0,3.0,2.0
26/11/2024 21:22:50,Class A,211299300,54.632018,8.381992,Under way using engine,,0.0,185.9,,Unknown,DCHL,EILUN,Passenger,,5.0,25.0,GPS,1.0,AMRUM,,AIS,12.0,13.0,3.0,2.0
26/11/2024 21:23:10,Class A,211299300,54.632015,8.381985,Under way using engine,,0.0,185.9,,Unknown,DCHL,EILUN,Passenger,,5.0,25.0,GPS,1.0,AMRUM,,AIS,12.0,13.0,3.0,2.0
26/11/2024 21:23:20,Class A,211299300,54.632012,8.381985,Under way using engine,,0.0,185.9,,Unknown,DCHL,EILUN,Passenger,,5.0,25.0,GPS,1.0,AMRUM,,AIS,12.0,13.0,3.0,2.0
26/11/2024 21:23:29,Class A,211299300,54.632007,8.381982,Under way using engine,,0.0,185.9,,Unknown,DCHL,EILUN,Passenger,,5.0,25.0,GPS,1.0,AMRUM,,AIS,12.0,13.0,3.0,2.0
26/11/2024 21:23:40,Class A,211299300,54.63201,8.381978,Under way using engine,,0.0,185.9,,Unknown,DCHL,EILUN,Passenger,,5.0,25.0,GPS,1.0,AMRUM,,AIS,12.0,13.0,3.0,2.0
26/11/2024 21:24:10,Class A,211299300,54.632025,8.381978,Under way using engine,,0.0,185.9,,Unknown,DCHL,EILUN,Passenger,,5.0,25.0,GPS,1.0,AMRUM,,AIS,12.0,13.0,3.0,2.0
26/11/2024 21:24:29,Class A,211299300,54.632012,8.382,Under way using engine,,0.0,185.9,,Unknown,DCHL,EILUN,Passenger,,5.0,25.0,GPS,1.0,AMRUM,,AIS,12.0,13.0,3.0,2.0
26/11/2024 21:24:59,Class A,211299300,54.632003,8.382015,Under way using engine,,0.0,185.9,,Unknown,DCHL,EILUN,Passenger,,5.0,25.0,GPS,1.0,AMRUM,,AIS,12.0,13.0,3.0,2.0
26/11/2024 21:25:20,Class A,211299300,54.632007,8.382013,Under way using engine,,0.0,185.9,,Unknown,DCHL,EILUN,Passenger,,5.0,25.0,GPS,1.0,AMRUM,,AIS,12.0,13.0,3.0,2.0
26/11/2024 21:25:29,Class A,211299300,54.632007,8.382007,Under way using engine,,0.0,185.9,,Unknown,DCHL,EILUN,Passenger,,5.0,25.0,GPS,1.0,AMRUM,,AIS,12.0,13.0,3.0,2.0
26/11/2024 21:25:35,Class A,211299300,54.632007,8.382007,Under way using engine,,0.0,185.9,,Unknown,DCHL,EILUN,Passenger,,5.0,25.0,GPS,1.0,AMRUM,,AIS,12.0,13.0,3.0,2.0
26/11/2024 21:26:29,Class A,211299300,54.631978,8.382033,Under way using engine,,0.0,185.9,,Unknown,DCHL,EILUN,Passenger,,5.0,25.0,GPS,1.0,AMRUM,,AIS,12.0,13.0,3.0,2.0
26/11/2024 21:26:59,Class A,211299300,54.631988,8.382033,Under way using engine,,0.0,185.9,,Unknown,DCHL,EILUN,Passenger,,5.0,25.0,GPS,1.0,AMRUM,,AIS,12.0,13.0,3.0,2.0
26/11/2024 21:27:29,Class A,211299300,54.631993,8.382027,Under way using engine,,0.0,185.9,,Unknown,DCHL,EILUN,Passenger,,5.0,25.0,GPS,1.0,AMRUM,,AIS,12.0,13.0,3.0,2.0
26/11/2024 21:27:59,Class A,211299300,54.631982,8.382015,Under way using engine,,0.0,185.9,,Unknown,DCHL,EILUN,Passenger,,5.0,25.0,GPS,1.0,AMRUM,,AIS,12.0,13.0,3.0,2.0
26/11/2024 21:28:09,Class A,211299300,54.631982,8.382003,Under way using engine,,0.0,185.9,,Unknown,DCHL,EILUN,Passenger,,5.0,25.0,GPS,1.0,AMRUM,,AIS,12.0,13.0,3.0,2.0
26/11/2024 21:28:19,Class A,211299300,54.631977,8.382003,Under way using engine,,0.0,185.9,,Unknown,DCHL,EILUN,Passenger,,5.0,25.0,GPS,1.0,AMRUM,,AIS,12.0,13.0,3.0,2.0
26/11/2024 21:28:29,Class A,211299300,54.631982,8.382003,Under way using engine,,0.0,185.9,,Unknown,DCHL,EILUN,Passenger,,5.0,25.0,GPS,1.0,AMRUM,,AIS,12.0,13.0,3.0,2.0
26/11/2024 21:28:59,Class A,211299300,54.631983,8.381992,Under way using engine,,0.0,185.9,,Unknown,DCHL,EILUN,Passenger,,5.0,25.0,GPS,1.0,AMRUM,,AIS,12.0,13.0,3.0,2.0
26/11/2024 21:29:29,Class A,211299300,54.631988,8.382,Under way using engine,,0.0,185.9,,Unknown,DCHL,EILUN,Passenger,,5.0,25.0,GPS,1.0,AMRUM,,AIS,12.0,13.0,3.0,2.0
26/11/2024 21:29:50,Class A,211299300,54.631993,8.381967,Under way using engine,,0.0,185.9,,Unknown,DCHL,EILUN,Passenger,,5.0,25.0,GPS,1.0,AMRUM,,AIS,12.0,13.0,3.0,2.0
26/11/2024 21:29:59,Class A,211299300,54.632,8.381965,Under way using engine,,0.0,185.9,,Unknown,DCHL,EILUN,Passenger,,5.0,25.0,GPS,1.0,AMRUM,,AIS,12.0,13.0,3.0,2.0
26/11/2024 21:30:29,Class A,211299300,54.632,8.381988,Under way using engine,,0.0,185.9,,Unknown,DCHL,EILUN,Passenger,,5.0,25.0,GPS,1.0,AMRUM,,AIS,12.0,13.0,3.0,2.0
26/11/2024 21:30:50,Class A,211299300,54.631997,8.381997,Under way using engine,,0.0,185.9,,Unknown,DCHL,EILUN,Passenger,,5.0,25.0,GPS,1.0,AMRUM,,AIS,12.0,13.0,3.0,2.0
26/11/2024 21:30:59,Class A,211299300,54.631995,8.38199,Under way using engine,,0.0,185.9,,Unknown,DCHL,EILUN,Passenger,,5.0,25.0,GPS,1.0,AMRUM,,AIS,12.0,13.0,3.0,2.0
26/11/2024 21:31:10,Class A,211299300,54.63199,8.381985,Under way using engine,,0.0,185.9,,Unknown,DCHL,EILUN,Passenger,,5.0,25.0,GPS,1.0,AMRUM,,AIS,12.0,13.0,3.0,2.0
26/11/2024 21:31:19,Class A,211299300,54.631993,8.38198,Under way using engine,,0.0,185.9,,Unknown,DCHL,EILUN,Passenger,,5.0,25.0,GPS,1.0,AMRUM,,AIS,12.0,13.0,3.0,2.0
26/11/2024 21:31:36,Class A,211299300,54.631993,8.38198,Under way using engine,,0.0,185.9,,Unknown,DCHL,EILUN,Passenger,,5.0,25.0,GPS,1.0,AMRUM,,AIS,12.0,13.0,3.0,2.0
26/11/2024 21:31:40,Class A,211299300,54.631993,8.381972,Under way using engine,,0.0,185.9,,Unknown,DCHL,EILUN,Passenger,,5.0,25.0,GPS,1.0,AMRUM,,AIS,12.0,13.0,3.0,2.0
26/11/2024 21:31:50,Class A,211299300,54.631997,8.381975,Under way using engine,,0.0,185.9,,Unknown,DCHL,EILUN,Passenger,,5.0,25.0,GPS,1.0,AMRUM,,AIS,12.0,13.0,3.0,2.0
26/11/2024 21:32:20,Class A,211299300,54.632023,8.382012,Under way using engine,,0.0,185.9,,Unknown,DCHL,EILUN,Passenger,,5.0,25.0,GPS,1.0,AMRUM,,AIS,12.0,13.0,3.0,2.0
26/11/2024 21:32:40,Class A,211299300,54.632052,8.382047,Under way using engine,,0.0,185.9,,Unknown,DCHL,EILUN,Passenger,,5.0,25.0,GPS,1.0,AMRUM,,AIS,12.0,13.0,3.0,2.0
26/11/2024 21:32:50,Class A,211299300,54.632042,8.382033,Under way using engine,,0.0,185.9,,Unknown,DCHL,EILUN,Passenger,,5.0,25.0,GPS,1.0,AMRUM,,AIS,12.0,13.0,3.0,2.0
26/11/2024 21:33:29,Class A,211299300,54.632,8.381988,Under way using engine,,0.0,185.9,,Unknown,DCHL,EILUN,Passenger,,5.0,25.0,GPS,1.0,AMRUM,,AIS,12.0,13.0,3.0,2.0
26/11/2024 21:33:40,Class A,211299300,54.631998,8.381985,Under way using engine,,0.0,185.9,,Unknown,DCHL,EILUN,Passenger,,5.0,25.0,GPS,1.0,AMRUM,,AIS,12.0,13.0,3.0,2.0
26/11/2024 21:33:50,Class A,211299300,54.632,8.381985,Under way using engine,,0.0,185.9,,Unknown,DCHL,EILUN,Passenger,,5.0,25.0,GPS,1.0,AMRUM,,AIS,12.0,13.0,3.0,2.0
26/11/2024 21:34:29,Class A,211299300,54.632012,8.381963,Under way using engine,,0.0,185.9,,Unknown,DCHL,EILUN,Passenger,,5.0,25.0,GPS,1.0,AMRUM,,AIS,12.0,13.0,3.0,2.0
26/11/2024 21:34:40,Class A,211299300,54.632018,8.381967,Under way using engine,,0.0,185.9,,Unknown,DCHL,EILUN,Passenger,,5.0,25.0,GPS,1.0,AMRUM,,AIS,12.0,13.0,3.0,2.0
26/11/2024 21:34:50,Class A,211299300,54.632022,8.381975,Under way using engine,,0.0,185.9,,Unknown,DCHL,EILUN,Passenger,,5.0,25.0,GPS,1.0,AMRUM,,AIS,12.0,13.0,3.0,2.0
26/11/2024 21:35:09,Class A,211299300,54.632005,8.381978,Under way using engine,,0.0,185.9,,Unknown,DCHL,EILUN,Passenger,,5.0,25.0,GPS,1.0,AMRUM,,AIS,12.0,13.0,3.0,2.0
26/11/2024 21:35:29,Class A,211299300,54.631983,8.381972,Under way using engine,,0.0,185.9,,Unknown,DCHL,EILUN,Passenger,,5.0,25.0,GPS,1.0,AMRUM,,AIS,12.0,13.0,3.0,2.0
26/11/2024 21:35:50,Class A,211299300,54.631968,8.381965,Under way using engine,,0.0,185.9,,Unknown,DCHL,EILUN,Passenger,,5.0,25.0,GPS,1.0,AMRUM,,AIS,12.0,13.0,3.0,2.0
26/11/2024 21:35:59,Class A,211299300,54.631967,8.38196,Under way using engine,,0.0,185.9,,Unknown,DCHL,EILUN,Passenger,,5.0,25.0,GPS,1.0,AMRUM,,AIS,12.0,13.0,3.0,2.0
26/11/2024 21:36:09,Class A,211299300,54.631963,8.381962,Under way using engine,,0.0,185.9,,Unknown,DCHL,EILUN,Passenger,,5.0,25.0,GPS,1.0,AMRUM,,AIS,12.0,13.0,3.0,2.0
26/11/2024 21:36:29,Class A,211299300,54.631967,8.381985,Under way using engine,,0.0,185.9,,Unknown,DCHL,EILUN,Passenger,,5.0,25.0,GPS,1.0,AMRUM,,AIS,12.0,13.0,3.0,2.0
26/11/2024 21:36:40,Class A,211299300,54.631975,8.38199,Under way using engine,,0.0,185.9,,Unknown,DCHL,EILUN,Passenger,,5.0,25.0,GPS,1.0,AMRUM,,AIS,12.0,13.0,3.0,2.0
26/11/2024 21:36:50,Class A,211299300,54.631988,8.381992,Under way using engine,,0.0,185.9,,Unknown,DCHL,EILUN,Passenger,,5.0,25.0,GPS,1.0,AMRUM,,AIS,12.0,13.0,3.0,2.0
26/11/2024 21:36:59,Class A,211299300,54.631992,8.381992,Under way using engine,,0.0,185.9,,Unknown,DCHL,EILUN,Passenger,,5.0,25.0,GPS,1.0,AMRUM,,AIS,12.0,13.0,3.0,2.0
26/11/2024 21:37:09,Class A,211299300,54.631988,8.381985,Under way using engine,,0.0,185.9,,Unknown,DCHL,EILUN,Passenger,,5.0,25.0,GPS,1.0,AMRUM,,AIS,12.0,13.0,3.0,2.0
26/11/2024 21:37:29,Class A,211299300,54.63199,8.381973,Under way using engine,,0.0,185.9,,Unknown,DCHL,EILUN,Passenger,,5.0,25.0,GPS,1.0,AMRUM,,AIS,12.0,13.0,3.0,2.0
26/11/2024 21:37:39,Class A,211299300,54.631987,8.381973,Under way using engine,,0.0,185.9,,Unknown,DCHL,EILUN,Passenger,,5.0,25.0,GPS,1.0,AMRUM,,AIS,12.0,13.0,3.0,2.0
26/11/2024 21:37:50,Class A,211299300,54.631982,8.381973,Under way using engine,,0.0,185.9,,Unknown,DCHL,EILUN,Passenger,,5.0,25.0,GPS,1.0,AMRUM,,AIS,12.0,13.0,3.0,2.0
26/11/2024 21:37:59,Class A,211299300,54.631978,8.381973,Under way using engine,,0.0,185.9,,Unknown,DCHL,EILUN,Passenger,,5.0,25.0,GPS,1.0,AMRUM,,AIS,12.0,13.0,3.0,2.0
26/11/2024 21:38:09,Class A,211299300,54.631982,8.381975,Under way using engine,,0.0,185.9,,Unknown,DCHL,EILUN,Passenger,,5.0,25.0,GPS,1.0,AMRUM,,AIS,12.0,13.0,3.0,2.0
26/11/2024 21:38:29,Class A,211299300,54.631985,8.381982,Under way using engine,,0.0,185.9,,Unknown,DCHL,EILUN,Passenger,,5.0,25.0,GPS,1.0,AMRUM,,AIS,12.0,13.0,3.0,2.0
26/11/2024 21:38:50,Class A,211299300,54.631988,8.38197,Under way using engine,,0.0,185.9,,Unknown,DCHL,EILUN,Passenger,,5.0,25.0,GPS,1.0,AMRUM,,AIS,12.0,13.0,3.0,2.0
26/11/2024 21:38:59,Class A,211299300,54.631993,8.381972,Under way using engine,,0.0,185.9,,Unknown,DCHL,EILUN,Passenger,,5.0,25.0,GPS,1.0,AMRUM,,AIS,12.0,13.0,3.0,2.0
26/11/2024 21:39:09,Class A,211299300,54.632003,8.381975,Under way using engine,,0.0,185.9,,Unknown,DCHL,EILUN,Passenger,,5.0,25.0,GPS,1.0,AMRUM,,AIS,12.0,13.0,3.0,2.0
26/11/2024 21:39:20,Class A,211299300,54.632012,8.381975,Under way using engine,,0.0,185.9,,Unknown,DCHL,EILUN,Passenger,,5.0,25.0,GPS,1.0,AMRUM,,AIS,12.0,13.0,3.0,2.0
26/11/2024 21:39:29,Class A,211299300,54.632015,8.381978,Under way using engine,,0.0,185.9,,Unknown,DCHL,EILUN,Passenger,,5.0,25.0,GPS,1.0,AMRUM,,AIS,12.0,13.0,3.0,2.0
26/11/2024 21:39:50,Class A,211299300,54.632012,8.381978,Under way using engine,,0.0,185.9,,Unknown,DCHL,EILUN,Passenger,,5.0,25.0,GPS,1.0,AMRUM,,AIS,12.0,13.0,3.0,2.0
26/11/2024 21:40:09,Class A,211299300,54.63201,8.38198,Under way using engine,,0.0,185.9,,Unknown,DCHL,EILUN,Passenger,,5.0,25.0,GPS,1.0,AMRUM,,AIS,12.0,13.0,3.0,2.0
26/11/2024 21:40:20,Class A,211299300,54.632007,8.38199,Under way using engine,,0.0,185.9,,Unknown,DCHL,EILUN,Passenger,,5.0,25.0,GPS,1.0,AMRUM,,AIS,12.0,13.0,3.0,2.0
26/11/2024 21:40:39,Class A,211299300,54.631995,8.381992,Under way using engine,,0.0,185.9,,Unknown,DCHL,EILUN,Passenger,,5.0,25.0,GPS,1.0,AMRUM,,AIS,12.0,13.0,3.0,2.0
26/11/2024 21:40:50,Class A,211299300,54.631992,8.381988,Under way using engine,,0.0,185.9,,Unknown,DCHL,EILUN,Passenger,,5.0,25.0,GPS,1.0,AMRUM,,AIS,12.0,13.0,3.0,2.0
26/11/2024 21:41:00,Class A,211299300,54.631993,8.381997,Under way using engine,,0.0,185.9,,Unknown,DCHL,EILUN,Passenger,,5.0,25.0,GPS,1.0,AMRUM,,AIS,12.0,13.0,3.0,2.0
26/11/2024 21:41:09,Class A,211299300,54.631995,8.381993,Under way using engine,,0.0,185.9,,Unknown,DCHL,EILUN,Passenger,,5.0,25.0,GPS,1.0,AMRUM,,AIS,12.0,13.0,3.0,2.0
26/11/2024 21:41:20,Class A,211299300,54.631982,8.381952,Under way using engine,,0.0,185.9,,Unknown,DCHL,EILUN,Passenger,,5.0,25.0,GPS,1.0,AMRUM,,AIS,12.0,13.0,3.0,2.0
26/11/2024 21:41:39,Class A,211299300,54.631997,8.381933,Under way using engine,,0.0,185.9,,Unknown,DCHL,EILUN,Passenger,,5.0,25.0,GPS,1.0,AMRUM,,AIS,12.0,13.0,3.0,2.0
26/11/2024 21:41:50,Class A,211299300,54.632013,8.381973,Under way using engine,,0.0,185.9,,Unknown,DCHL,EILUN,Passenger,,5.0,25.0,GPS,1.0,AMRUM,,AIS,12.0,13.0,3.0,2.0
26/11/2024 21:42:00,Class A,211299300,54.632023,8.381997,Under way using engine,,0.0,185.9,,Unknown,DCHL,EILUN,Passenger,,5.0,25.0,GPS,1.0,AMRUM,,AIS,12.0,13.0,3.0,2.0
26/11/2024 21:42:09,Class A,211299300,54.632023,8.38201,Under way using engine,,0.0,185.9,,Unknown,DCHL,EILUN,Passenger,,5.0,25.0,GPS,1.0,AMRUM,,AIS,12.0,13.0,3.0,2.0
26/11/2024 21:42:30,Class A,211299300,54.63203,8.382015,Under way using engine,,0.0,185.9,,Unknown,DCHL,EILUN,Passenger,,5.0,25.0,GPS,1.0,AMRUM,,AIS,12.0,13.0,3.0,2.0
26/11/2024 21:42:50,Class A,211299300,54.632005,8.381998,Under way using engine,,0.0,185.9,,Unknown,DCHL,EILUN,Passenger,,5.0,25.0,GPS,1.0,AMRUM,,AIS,12.0,13.0,3.0,2.0
26/11/2024 21:43:35,Class A,211299300,54.632005,8.381998,Under way using engine,,0.0,185.9,,Unknown,DCHL,EILUN,Passenger,,5.0,25.0,GPS,1.0,AMRUM,,AIS,12.0,13.0,3.0,2.0
26/11/2024 21:43:50,Class A,211299300,54.631993,8.382032,Under way using engine,,0.0,185.9,,Unknown,DCHL,EILUN,Passenger,,5.0,25.0,GPS,1.0,AMRUM,,AIS,12.0,13.0,3.0,2.0
26/11/2024 21:44:09,Class A,211299300,54.632,8.382025,Under way using engine,,0.0,185.9,,Unknown,DCHL,EILUN,Passenger,,5.0,25.0,GPS,1.0,AMRUM,,AIS,12.0,13.0,3.0,2.0
26/11/2024 21:44:30,Class A,211299300,54.632012,8.382007,Under way using engine,,0.0,185.9,,Unknown,DCHL,EILUN,Passenger,,5.0,25.0,GPS,1.0,AMRUM,,AIS,12.0,13.0,3.0,2.0
26/11/2024 21:45:09,Class A,211299300,54.632008,8.381977,Under way using engine,,0.0,185.9,,Unknown,DCHL,EILUN,Passenger,,5.0,25.0,GPS,1.0,AMRUM,,AIS,12.0,13.0,3.0,2.0
26/11/2024 21:45:30,Class A,211299300,54.632018,8.381982,Under way using engine,,0.0,185.9,,Unknown,DCHL,EILUN,Passenger,,5.0,25.0,GPS,1.0,AMRUM,,AIS,12.0,13.0,3.0,2.0
26/11/2024 21:46:00,Class A,211299300,54.632003,8.381985,Under way using engine,,0.0,185.9,,Unknown,DCHL,EILUN,Passenger,,5.0,25.0,GPS,1.0,AMRUM,,AIS,12.0,13.0,3.0,2.0
26/11/2024 21:46:30,Class A,211299300,54.632,8.381995,Under way using engine,,0.0,185.9,,Unknown,DCHL,EILUN,Passenger,,5.0,25.0,GPS,1.0,AMRUM,,AIS,12.0,13.0,3.0,2.0
26/11/2024 21:46:50,Class A,211299300,54.632005,8.381997,Under way using engine,,0.0,185.9,,Unknown,DCHL,EILUN,Passenger,,5.0,25.0,GPS,1.0,AMRUM,,AIS,12.0,13.0,3.0,2.0
26/11/2024 21:47:40,Class A,211299300,54.63201,8.382003,Under way using engine,,0.0,185.9,,Unknown,DCHL,EILUN,Passenger,,5.0,25.0,GPS,1.0,AMRUM,,AIS,12.0,13.0,3.0,2.0
26/11/2024 21:47:50,Class A,211299300,54.632,8.381985,Under way using engine,,0.0,185.9,,Unknown,DCHL,EILUN,Passenger,,5.0,25.0,GPS,1.0,AMRUM,,AIS,12.0,13.0,3.0,2.0
26/11/2024 21:48:29,Class A,211299300,54.631982,8.381942,Under way using engine,,0.0,185.9,,Unknown,DCHL,EILUN,Passenger,,5.0,25.0,GPS,1.0,AMRUM,,AIS,12.0,13.0,3.0,2.0
26/11/2024 21:48:40,Class A,211299300,54.631975,8.381925,Under way using engine,,0.0,185.9,,Unknown,DCHL,EILUN,Passenger,,5.0,25.0,GPS,1.0,AMRUM,,AIS,12.0,13.0,3.0,2.0
26/11/2024 21:48:50,Class A,211299300,54.631975,8.381922,Under way using engine,,0.0,185.9,,Unknown,DCHL,EILUN,Passenger,,5.0,25.0,GPS,1.0,AMRUM,,AIS,12.0,13.0,3.0,2.0
26/11/2024 21:49:20,Class A,211299300,54.631985,8.381968,Under way using engine,,0.0,185.9,,Unknown,DCHL,EILUN,Passenger,,5.0,25.0,GPS,1.0,AMRUM,,AIS,12.0,13.0,3.0,2.0
26/11/2024 21:49:29,Class A,211299300,54.631995,8.381973,Under way using engine,,0.0,185.9,,Unknown,DCHL,EILUN,Passenger,,5.0,25.0,GPS,1.0,AMRUM,,AIS,12.0,13.0,3.0,2.0
26/11/2024 21:50:29,Class A,211299300,54.631982,8.381933,Under way using engine,,0.0,185.9,,Unknown,DCHL,EILUN,Passenger,,5.0,25.0,GPS,1.0,AMRUM,,AIS,12.0,13.0,3.0,2.0
26/11/2024 21:50:50,Class A,211299300,54.631985,8.381948,Under way using engine,,0.0,185.9,,Unknown,DCHL,EILUN,Passenger,,5.0,25.0,GPS,1.0,AMRUM,,AIS,12.0,13.0,3.0,2.0
26/11/2024 21:50:59,Class A,211299300,54.631993,8.381952,Under way using engine,,0.0,185.9,,Unknown,DCHL,EILUN,Passenger,,5.0,25.0,GPS,1.0,AMRUM,,AIS,12.0,13.0,3.0,2.0
26/11/2024 21:51:20,Class A,211299300,54.632003,8.381948,Under way using engine,,0.0,185.9,,Unknown,DCHL,EILUN,Passenger,,5.0,25.0,GPS,1.0,AMRUM,,AIS,12.0,13.0,3.0,2.0
26/11/2024 21:51:50,Class A,211299300,54.632012,8.381937,Under way using engine,,0.0,185.9,,Unknown,DCHL,EILUN,Passenger,,5.0,25.0,GPS,1.0,AMRUM,,AIS,12.0,13.0,3.0,2.0
26/11/2024 21:52:20,Class A,211299300,54.631997,8.381955,Under way using engine,,0.0,185.9,,Unknown,DCHL,EILUN,Passenger,,5.0,25.0,GPS,1.0,AMRUM,,AIS,12.0,13.0,3.0,2.0
26/11/2024 21:52:29,Class A,211299300,54.631993,8.381965,Under way using engine,,0.0,185.9,,Unknown,DCHL,EILUN,Passenger,,5.0,25.0,GPS,1.0,AMRUM,,AIS,12.0,13.0,3.0,2.0
26/11/2024 21:53:20,Class A,211299300,54.632012,8.381973,Under way using engine,,0.0,185.9,,Unknown,DCHL,EILUN,Passenger,,5.0,25.0,GPS,1.0,AMRUM,,AIS,12.0,13.0,3.0,2.0
26/11/2024 21:53:30,Class A,211299300,54.632012,8.381973,Under way using engine,,0.0,185.9,,Unknown,DCHL,EILUN,Passenger,,5.0,25.0,GPS,1.0,AMRUM,,AIS,12.0,13.0,3.0,2.0
26/11/2024 21:53:50,Class A,211299300,54.632012,8.381977,Under way using engine,,0.0,185.9,,Unknown,DCHL,EILUN,Passenger,,5.0,25.0,GPS,1.0,AMRUM,,AIS,12.0,13.0,3.0,2.0
26/11/2024 21:53:59,Class A,211299300,54.632015,8.381973,Under way using engine,,0.0,185.9,,Unknown,DCHL,EILUN,Passenger,,5.0,25.0,GPS,1.0,AMRUM,,AIS,12.0,13.0,3.0,2.0
26/11/2024 21:54:10,Class A,211299300,54.632017,8.381978,Under way using engine,,0.0,185.9,,Unknown,DCHL,EILUN,Passenger,,5.0,25.0,GPS,1.0,AMRUM,,AIS,12.0,13.0,3.0,2.0
26/11/2024 21:54:20,Class A,211299300,54.632023,8.381948,Under way using engine,,0.0,185.9,,Unknown,DCHL,EILUN,Passenger,,5.0,25.0,GPS,1.0,AMRUM,,AIS,12.0,13.0,3.0,2.0
26/11/2024 21:54:30,Class A,211299300,54.632027,8.381948,Under way using engine,,0.0,185.9,,Unknown,DCHL,EILUN,Passenger,,5.0,25.0,GPS,1.0,AMRUM,,AIS,12.0,13.0,3.0,2.0
26/11/2024 21:54:50,Class A,211299300,54.632015,8.381997,Under way using engine,,0.0,185.9,,Unknown,DCHL,EILUN,Passenger,,5.0,25.0,GPS,1.0,AMRUM,,AIS,12.0,13.0,3.0,2.0
26/11/2024 21:55:10,Class A,211299300,54.632023,8.381997,Under way using engine,,0.0,185.9,,Unknown,DCHL,EILUN,Passenger,,5.0,25.0,GPS,1.0,AMRUM,,AIS,12.0,13.0,3.0,2.0
26/11/2024 21:55:20,Class A,211299300,54.632022,8.381992,Under way using engine,,0.0,185.9,,Unknown,DCHL,EILUN,Passenger,,5.0,25.0,GPS,1.0,AMRUM,,AIS,12.0,13.0,3.0,2.0
26/11/2024 21:55:30,Class A,211299300,54.632027,8.38199,Under way using engine,,0.0,185.9,,Unknown,DCHL,EILUN,Passenger,,5.0,25.0,GPS,1.0,AMRUM,,AIS,12.0,13.0,3.0,2.0
26/11/2024 21:55:50,Class A,211299300,54.632027,8.381985,Under way using engine,,0.0,185.9,,Unknown,DCHL,EILUN,Passenger,,5.0,25.0,GPS,1.0,AMRUM,,AIS,12.0,13.0,3.0,2.0
26/11/2024 21:55:59,Class A,211299300,54.632025,8.38199,Under way using engine,,0.0,185.9,,Unknown,DCHL,EILUN,Passenger,,5.0,25.0,GPS,1.0,AMRUM,,AIS,12.0,13.0,3.0,2.0
26/11/2024 21:56:10,Class A,211299300,54.632023,8.381988,Under way using engine,,0.0,185.9,,Unknown,DCHL,EILUN,Passenger,,5.0,25.0,GPS,1.0,AMRUM,,AIS,12.0,13.0,3.0,2.0
26/11/2024 21:56:20,Class A,211299300,54.632022,8.38199,Under way using engine,,0.0,185.9,,Unknown,DCHL,EILUN,Passenger,,5.0,25.0,GPS,1.0,AMRUM,,AIS,12.0,13.0,3.0,2.0
26/11/2024 21:56:30,Class A,211299300,54.632018,8.381983,Under way using engine,,0.0,185.9,,Unknown,DCHL,EILUN,Passenger,,5.0,25.0,GPS,1.0,AMRUM,,AIS,12.0,13.0,3.0,2.0
26/11/2024 21:58:09,Class A,211299300,54.632013,8.381993,Under way using engine,,0.0,185.9,,Unknown,DCHL,EILUN,Passenger,,5.0,25.0,GPS,1.0,AMRUM,,AIS,12.0,13.0,3.0,2.0
26/11/2024 21:58:59,Class A,211299300,54.632018,8.381993,Under way using engine,,0.0,185.9,,Unknown,DCHL,EILUN,Passenger,,5.0,25.0,GPS,1.0,AMRUM,,AIS,12.0,13.0,3.0,2.0
26/11/2024 21:59:09,Class A,211299300,54.632018,8.381995,Under way using engine,,0.0,185.9,,Unknown,DCHL,EILUN,Passenger,,5.0,25.0,GPS,1.0,AMRUM,,AIS,12.0,13.0,3.0,2.0
26/11/2024 21:59:40,Class A,211299300,54.632023,8.381987,Under way using engine,,0.0,185.9,,Unknown,DCHL,EILUN,Passenger,,5.0,25.0,GPS,1.0,AMRUM,,AIS,12.0,13.0,3.0,2.0
26/11/2024 21:59:49,Class A,211299300,54.632023,8.381992,Under way using engine,,0.0,185.9,,Unknown,DCHL,EILUN,Passenger,,5.0,25.0,GPS,1.0,AMRUM,,AIS,12.0,13.0,3.0,2.0
26/11/2024 21:59:59,Class A,211299300,54.632023,8.381995,Under way using engine,,0.0,185.9,,Unknown,DCHL,EILUN,Passenger,,5.0,25.0,GPS,1.0,AMRUM,,AIS,12.0,13.0,3.0,2.0
26/11/2024 22:00:09,Class A,211299300,54.632022,8.381977,Under way using engine,,0.0,185.9,,Unknown,DCHL,EILUN,Passenger,,5.0,25.0,GPS,1.0,AMRUM,,AIS,12.0,13.0,3.0,2.0
26/11/2024 22:00:30,Class A,211299300,54.632012,8.381985,Under way using engine,,0.0,185.9,,Unknown,DCHL,EILUN,Passenger,,5.0,25.0,GPS,1.0,AMRUM,,AIS,12.0,13.0,3.0,2.0
26/11/2024 22:00:40,Class A,211299300,54.632007,8.382007,Under way using engine,,0.0,185.9,,Unknown,DCHL,EILUN,Passenger,,5.0,25.0,GPS,1.0,AMRUM,,AIS,12.0,13.0,3.0,2.0
26/11/2024 22:00:49,Class A,211299300,54.632003,8.382015,Under way using engine,,0.0,185.9,,Unknown,DCHL,EILUN,Passenger,,5.0,25.0,GPS,1.0,AMRUM,,AIS,12.0,13.0,3.0,2.0
26/11/2024 22:01:09,Class A,211299300,54.632003,8.382027,Under way using engine,,0.0,185.9,,Unknown,DCHL,EILUN,Passenger,,5.0,25.0,GPS,1.0,AMRUM,,AIS,12.0,13.0,3.0,2.0
26/11/2024 22:01:29,Class A,211299300,54.632005,8.382038,Under way using engine,,0.0,185.9,,Unknown,DCHL,EILUN,Passenger,,5.0,25.0,GPS,1.0,AMRUM,,AIS,12.0,13.0,3.0,2.0
26/11/2024 22:01:49,Class A,211299300,54.632008,8.38203,Under way using engine,,0.0,185.9,,Unknown,DCHL,EILUN,Passenger,,5.0,25.0,GPS,1.0,AMRUM,,AIS,12.0,13.0,3.0,2.0
26/11/2024 22:02:09,Class A,211299300,54.632,8.382057,Under way using engine,,0.0,185.9,,Unknown,DCHL,EILUN,Passenger,,5.0,25.0,GPS,1.0,AMRUM,,AIS,12.0,13.0,3.0,2.0
26/11/2024 22:02:29,Class A,211299300,54.632007,8.382042,Under way using engine,,0.0,185.9,,Unknown,DCHL,EILUN,Passenger,,5.0,25.0,GPS,1.0,AMRUM,,AIS,12.0,13.0,3.0,2.0
26/11/2024 22:02:49,Class A,211299300,54.632015,8.382018,Under way using engine,,0.0,185.9,,Unknown,DCHL,EILUN,Passenger,,5.0,25.0,GPS,1.0,AMRUM,,AIS,12.0,13.0,3.0,2.0
26/11/2024 22:02:59,Class A,211299300,54.632012,8.382018,Under way using engine,,0.0,185.9,,Unknown,DCHL,EILUN,Passenger,,5.0,25.0,GPS,1.0,AMRUM,,AIS,12.0,13.0,3.0,2.0
26/11/2024 22:03:09,Class A,211299300,54.632012,8.382015,Under way using engine,,0.0,185.9,,Unknown,DCHL,EILUN,Passenger,,5.0,25.0,GPS,1.0,AMRUM,,AIS,12.0,13.0,3.0,2.0
26/11/2024 22:03:29,Class A,211299300,54.632007,8.382007,Under way using engine,,0.0,185.9,,Unknown,DCHL,EILUN,Passenger,,5.0,25.0,GPS,1.0,AMRUM,,AIS,12.0,13.0,3.0,2.0
26/11/2024 22:03:40,Class A,211299300,54.632007,8.382008,Under way using engine,,0.0,185.9,,Unknown,DCHL,EILUN,Passenger,,5.0,25.0,GPS,1.0,AMRUM,,AIS,12.0,13.0,3.0,2.0
26/11/2024 22:03:49,Class A,211299300,54.63201,8.382003,Under way using engine,,0.0,185.9,,Unknown,DCHL,EILUN,Passenger,,5.0,25.0,GPS,1.0,AMRUM,,AIS,12.0,13.0,3.0,2.0
26/11/2024 22:03:59,Class A,211299300,54.632008,8.382,Under way using engine,,0.0,185.9,,Unknown,DCHL,EILUN,Passenger,,5.0,25.0,GPS,1.0,AMRUM,,AIS,12.0,13.0,3.0,2.0
26/11/2024 22:04:09,Class A,211299300,54.632012,8.382008,Under way using engine,,0.0,185.9,,Unknown,DCHL,EILUN,Passenger,,5.0,25.0,GPS,1.0,AMRUM,,AIS,12.0,13.0,3.0,2.0
26/11/2024 22:04:29,Class A,211299300,54.632012,8.38202,Under way using engine,,0.0,185.9,,Unknown,DCHL,EILUN,Passenger,,5.0,25.0,GPS,1.0,AMRUM,,AIS,12.0,13.0,3.0,2.0
26/11/2024 22:04:40,Class A,211299300,54.632007,8.38202,Under way using engine,,0.0,185.9,,Unknown,DCHL,EILUN,Passenger,,5.0,25.0,GPS,1.0,AMRUM,,AIS,12.0,13.0,3.0,2.0
26/11/2024 22:04:49,Class A,211299300,54.632005,8.38202,Under way using engine,,0.0,185.9,,Unknown,DCHL,EILUN,Passenger,,5.0,25.0,GPS,1.0,AMRUM,,AIS,12.0,13.0,3.0,2.0
26/11/2024 22:04:59,Class A,211299300,54.632003,8.38202,Under way using engine,,0.0,185.9,,Unknown,DCHL,EILUN,Passenger,,5.0,25.0,GPS,1.0,AMRUM,,AIS,12.0,13.0,3.0,2.0
26/11/2024 22:05:09,Class A,211299300,54.632,8.38202,Under way using engine,,0.0,185.9,,Unknown,DCHL,EILUN,Passenger,,5.0,25.0,GPS,1.0,AMRUM,,AIS,12.0,13.0,3.0,2.0
26/11/2024 22:05:20,Class A,211299300,54.631988,8.38202,Under way using engine,,0.0,185.9,,Unknown,DCHL,EILUN,Passenger,,5.0,25.0,GPS,1.0,AMRUM,,AIS,12.0,13.0,3.0,2.0
26/11/2024 22:05:29,Class A,211299300,54.631978,8.38203,Under way using engine,,0.0,185.9,,Unknown,DCHL,EILUN,Passenger,,5.0,25.0,GPS,1.0,AMRUM,,AIS,12.0,13.0,3.0,2.0
26/11/2024 22:05:40,Class A,211299300,54.631967,8.382012,Under way using engine,,0.0,185.9,,Unknown,DCHL,EILUN,Passenger,,5.0,25.0,GPS,1.0,AMRUM,,AIS,12.0,13.0,3.0,2.0
26/11/2024 22:05:49,Class A,211299300,54.631968,8.382008,Under way using engine,,0.0,185.9,,Unknown,DCHL,EILUN,Passenger,,5.0,25.0,GPS,1.0,AMRUM,,AIS,12.0,13.0,3.0,2.0
26/11/2024 22:05:59,Class A,211299300,54.631977,8.381997,Under way using engine,,0.0,185.9,,Unknown,DCHL,EILUN,Passenger,,5.0,25.0,GPS,1.0,AMRUM,,AIS,12.0,13.0,3.0,2.0
26/11/2024 22:06:09,Class A,211299300,54.631985,8.381997,Under way using engine,,0.0,185.9,,Unknown,DCHL,EILUN,Passenger,,5.0,25.0,GPS,1.0,AMRUM,,AIS,12.0,13.0,3.0,2.0
26/11/2024 22:06:40,Class A,211299300,54.632002,8.382015,Under way using engine,,0.0,185.9,,Unknown,DCHL,EILUN,Passenger,,5.0,25.0,GPS,1.0,AMRUM,,AIS,12.0,13.0,3.0,2.0
26/11/2024 22:06:49,Class A,211299300,54.632005,8.38202,Under way using engine,,0.0,185.9,,Unknown,DCHL,EILUN,Passenger,,5.0,25.0,GPS,1.0,AMRUM,,AIS,12.0,13.0,3.0,2.0
26/11/2024 22:07:01,Class A,211299300,54.632012,8.382022,Under way using engine,,0.0,185.9,,Unknown,DCHL,EILUN,Passenger,,5.0,25.0,GPS,1.0,AMRUM,,AIS,12.0,13.0,3.0,2.0
26/11/2024 22:07:09,Class A,211299300,54.632017,8.382023,Under way using engine,,0.0,185.9,,Unknown,DCHL,EILUN,Passenger,,5.0,25.0,GPS,1.0,AMRUM,,AIS,12.0,13.0,3.0,2.0
26/11/2024 22:07:29,Class A,211299300,54.632012,8.382017,Under way using engine,,0.0,185.9,,Unknown,DCHL,EILUN,Passenger,,5.0,25.0,GPS,1.0,AMRUM,,AIS,12.0,13.0,3.0,2.0
26/11/2024 22:07:35,Class A,211299300,54.632012,8.382017,Under way using engine,,0.0,185.9,,Unknown,DCHL,EILUN,Passenger,,5.0,25.0,GPS,1.0,AMRUM,,AIS,12.0,13.0,3.0,2.0
26/11/2024 22:07:40,Class A,211299300,54.632017,8.382015,Under way using engine,,0.0,185.9,,Unknown,DCHL,EILUN,Passenger,,5.0,25.0,GPS,1.0,AMRUM,,AIS,12.0,13.0,3.0,2.0
26/11/2024 22:07:49,Class A,211299300,54.632018,8.382015,Under way using engine,,0.0,185.9,,Unknown,DCHL,EILUN,Passenger,,5.0,25.0,GPS,1.0,AMRUM,,AIS,12.0,13.0,3.0,2.0
26/11/2024 22:08:09,Class A,211299300,54.632018,8.382005,Under way using engine,,0.0,185.9,,Unknown,DCHL,EILUN,Passenger,,5.0,25.0,GPS,1.0,AMRUM,,AIS,12.0,13.0,3.0,2.0
26/11/2024 22:08:40,Class A,211299300,54.632018,8.382,Under way using engine,,0.0,185.9,,Unknown,DCHL,EILUN,Passenger,,5.0,25.0,GPS,1.0,AMRUM,,AIS,12.0,13.0,3.0,2.0
26/11/2024 22:08:49,Class A,211299300,54.632022,8.382003,Under way using engine,,0.0,185.9,,Unknown,DCHL,EILUN,Passenger,,5.0,25.0,GPS,1.0,AMRUM,,AIS,12.0,13.0,3.0,2.0
26/11/2024 22:09:09,Class A,211299300,54.632022,8.381985,Under way using engine,,0.0,185.9,,Unknown,DCHL,EILUN,Passenger,,5.0,25.0,GPS,1.0,AMRUM,,AIS,12.0,13.0,3.0,2.0
26/11/2024 22:09:40,Class A,211299300,54.632012,8.381983,Under way using engine,,0.0,185.9,,Unknown,DCHL,EILUN,Passenger,,5.0,25.0,GPS,1.0,AMRUM,,AIS,12.0,13.0,3.0,2.0
26/11/2024 22:09:49,Class A,211299300,54.632012,8.381978,Under way using engine,,0.0,185.9,,Unknown,DCHL,EILUN,Passenger,,5.0,25.0,GPS,1.0,AMRUM,,AIS,12.0,13.0,3.0,2.0
26/11/2024 22:10:09,Class A,211299300,54.63199,8.381972,Under way using engine,,0.0,185.9,,Unknown,DCHL,EILUN,Passenger,,5.0,25.0,GPS,1.0,AMRUM,,AIS,12.0,13.0,3.0,2.0
26/11/2024 22:10:49,Class A,211299300,54.632012,8.381985,Under way using engine,,0.0,185.9,,Unknown,DCHL,EILUN,Passenger,,5.0,25.0,GPS,1.0,AMRUM,,AIS,12.0,13.0,3.0,2.0
26/11/2024 22:11:09,Class A,211299300,54.632012,8.381992,Under way using engine,,0.0,185.9,,Unknown,DCHL,EILUN,Passenger,,5.0,25.0,GPS,1.0,AMRUM,,AIS,12.0,13.0,3.0,2.0
26/11/2024 22:12:40,Class A,211299300,54.631982,8.381972,Under way using engine,,0.0,185.9,,Unknown,DCHL,EILUN,Passenger,,5.0,25.0,GPS,1.0,AMRUM,,AIS,12.0,13.0,3.0,2.0
26/11/2024 22:12:50,Class A,211299300,54.631992,8.381973,Under way using engine,,0.0,185.9,,Unknown,DCHL,EILUN,Passenger,,5.0,25.0,GPS,1.0,AMRUM,,AIS,12.0,13.0,3.0,2.0
26/11/2024 22:13:29,Class A,211299300,54.631993,8.381967,Under way using engine,,0.0,185.9,,Unknown,DCHL,EILUN,Passenger,,5.0,25.0,GPS,1.0,AMRUM,,AIS,12.0,13.0,3.0,2.0
26/11/2024 22:13:50,Class A,211299300,54.631995,8.38196,Under way using engine,,0.0,185.9,,Unknown,DCHL,EILUN,Passenger,,5.0,25.0,GPS,1.0,AMRUM,,AIS,12.0,13.0,3.0,2.0
26/11/2024 22:14:00,Class A,211299300,54.631997,8.381958,Under way using engine,,0.0,185.9,,Unknown,DCHL,EILUN,Passenger,,5.0,25.0,GPS,1.0,AMRUM,,AIS,12.0,13.0,3.0,2.0
26/11/2024 22:14:19,Class A,211299300,54.631998,8.381962,Under way using engine,,0.0,185.9,,Unknown,DCHL,EILUN,Passenger,,5.0,25.0,GPS,1.0,AMRUM,,AIS,12.0,13.0,3.0,2.0
26/11/2024 22:14:50,Class A,211299300,54.632017,8.381977,Under way using engine,,0.0,185.9,,Unknown,DCHL,EILUN,Passenger,,5.0,25.0,GPS,1.0,AMRUM,,AIS,12.0,13.0,3.0,2.0
26/11/2024 22:15:00,Class A,211299300,54.63202,8.381975,Under way using engine,,0.0,185.9,,Unknown,DCHL,EILUN,Passenger,,5.0,25.0,GPS,1.0,AMRUM,,AIS,12.0,13.0,3.0,2.0
26/11/2024 22:15:19,Class A,211299300,54.632013,8.38198,Under way using engine,,0.0,185.9,,Unknown,DCHL,EILUN,Passenger,,5.0,25.0,GPS,1.0,AMRUM,,AIS,12.0,13.0,3.0,2.0
26/11/2024 22:15:29,Class A,211299300,54.632012,8.381982,Under way using engine,,0.0,185.9,,Unknown,DCHL,EILUN,Passenger,,5.0,25.0,GPS,1.0,AMRUM,,AIS,12.0,13.0,3.0,2.0
26/11/2024 22:15:39,Class A,211299300,54.632003,8.381978,Under way using engine,,0.0,185.9,,Unknown,DCHL,EILUN,Passenger,,5.0,25.0,GPS,1.0,AMRUM,,AIS,12.0,13.0,3.0,2.0
26/11/2024 22:16:10,Class A,211299300,54.631998,8.381982,Under way using engine,,0.0,185.9,,Unknown,DCHL,EILUN,Passenger,,5.0,25.0,GPS,1.0,AMRUM,,AIS,12.0,13.0,3.0,2.0
26/11/2024 22:16:29,Class A,211299300,54.632003,8.381985,Under way using engine,,0.0,185.9,,Unknown,DCHL,EILUN,Passenger,,5.0,25.0,GPS,1.0,AMRUM,,AIS,12.0,13.0,3.0,2.0
26/11/2024 22:16:39,Class A,211299300,54.632005,8.38199,Under way using engine,,0.0,185.9,,Unknown,DCHL,EILUN,Passenger,,5.0,25.0,GPS,1.0,AMRUM,,AIS,12.0,13.0,3.0,2.0
26/11/2024 22:16:50,Class A,211299300,54.632002,8.381988,Under way using engine,,0.0,185.9,,Unknown,DCHL,EILUN,Passenger,,5.0,25.0,GPS,1.0,AMRUM,,AIS,12.0,13.0,3.0,2.0
26/11/2024 22:17:10,Class A,211299300,54.631995,8.381985,Under way using engine,,0.0,185.9,,Unknown,DCHL,EILUN,Passenger,,5.0,25.0,GPS,1.0,AMRUM,,AIS,12.0,13.0,3.0,2.0
26/11/2024 22:17:29,Class A,211299300,54.631982,8.381977,Under way using engine,,0.0,185.9,,Unknown,DCHL,EILUN,Passenger,,5.0,25.0,GPS,1.0,AMRUM,,AIS,12.0,13.0,3.0,2.0
26/11/2024 22:17:50,Class A,211299300,54.631982,8.381963,Under way using engine,,0.0,185.9,,Unknown,DCHL,EILUN,Passenger,,5.0,25.0,GPS,1.0,AMRUM,,AIS,12.0,13.0,3.0,2.0
26/11/2024 22:18:10,Class A,211299300,54.631982,8.381962,Under way using engine,,0.0,185.9,,Unknown,DCHL,EILUN,Passenger,,5.0,25.0,GPS,1.0,AMRUM,,AIS,12.0,13.0,3.0,2.0
26/11/2024 22:18:19,Class A,211299300,54.631983,8.381963,Under way using engine,,0.0,185.9,,Unknown,DCHL,EILUN,Passenger,,5.0,25.0,GPS,1.0,AMRUM,,AIS,12.0,13.0,3.0,2.0
26/11/2024 22:18:39,Class A,211299300,54.631987,8.381967,Under way using engine,,0.0,185.9,,Unknown,DCHL,EILUN,Passenger,,5.0,25.0,GPS,1.0,AMRUM,,AIS,12.0,13.0,3.0,2.0
26/11/2024 22:18:50,Class A,211299300,54.631988,8.381972,Under way using engine,,0.0,185.9,,Unknown,DCHL,EILUN,Passenger,,5.0,25.0,GPS,1.0,AMRUM,,AIS,12.0,13.0,3.0,2.0
26/11/2024 22:19:10,Class A,211299300,54.632,8.38199,Under way using engine,,0.0,185.9,,Unknown,DCHL,EILUN,Passenger,,5.0,25.0,GPS,1.0,AMRUM,,AIS,12.0,13.0,3.0,2.0
26/11/2024 22:19:19,Class A,211299300,54.632005,8.381997,Under way using engine,,0.0,185.9,,Unknown,DCHL,EILUN,Passenger,,5.0,25.0,GPS,1.0,AMRUM,,AIS,12.0,13.0,3.0,2.0
26/11/2024 22:19:36,Class A,211299300,54.632005,8.381997,Under way using engine,,0.0,185.9,,Unknown,DCHL,EILUN,Passenger,,5.0,25.0,GPS,1.0,AMRUM,,AIS,12.0,13.0,3.0,2.0
26/11/2024 22:19:40,Class A,211299300,54.632007,8.381998,Under way using engine,,0.0,185.9,,Unknown,DCHL,EILUN,Passenger,,5.0,25.0,GPS,1.0,AMRUM,,AIS,12.0,13.0,3.0,2.0
26/11/2024 22:19:50,Class A,211299300,54.632,8.381992,Under way using engine,,0.0,185.9,,Unknown,DCHL,EILUN,Passenger,,5.0,25.0,GPS,1.0,AMRUM,,AIS,12.0,13.0,3.0,2.0
26/11/2024 22:20:00,Class A,211299300,54.631993,8.381985,Under way using engine,,0.0,185.9,,Unknown,DCHL,EILUN,Passenger,,5.0,25.0,GPS,1.0,AMRUM,,AIS,12.0,13.0,3.0,2.0
26/11/2024 22:20:09,Class A,211299300,54.631993,8.381985,Under way using engine,,0.0,185.9,,Unknown,DCHL,EILUN,Passenger,,5.0,25.0,GPS,1.0,AMRUM,,AIS,12.0,13.0,3.0,2.0
26/11/2024 22:20:19,Class A,211299300,54.631993,8.382003,Under way using engine,,0.0,185.9,,Unknown,DCHL,EILUN,Passenger,,5.0,25.0,GPS,1.0,AMRUM,,AIS,12.0,13.0,3.0,2.0
26/11/2024 22:20:40,Class A,211299300,54.631987,8.382008,Under way using engine,,0.0,185.9,,Unknown,DCHL,EILUN,Passenger,,5.0,25.0,GPS,1.0,AMRUM,,AIS,12.0,13.0,3.0,2.0
26/11/2024 22:20:49,Class A,211299300,54.631982,8.382003,Under way using engine,,0.0,185.9,,Unknown,DCHL,EILUN,Passenger,,5.0,25.0,GPS,1.0,AMRUM,,AIS,12.0,13.0,3.0,2.0
26/11/2024 22:21:09,Class A,211299300,54.631988,8.381988,Under way using engine,,0.0,185.9,,Unknown,DCHL,EILUN,Passenger,,5.0,25.0,GPS,1.0,AMRUM,,AIS,12.0,13.0,3.0,2.0
26/11/2024 22:21:40,Class A,211299300,54.631982,8.381985,Under way using engine,,0.0,185.9,,Unknown,DCHL,EILUN,Passenger,,5.0,25.0,GPS,1.0,AMRUM,,AIS,12.0,13.0,3.0,2.0
26/11/2024 22:21:49,Class A,211299300,54.631982,8.381985,Under way using engine,,0.0,185.9,,Unknown,DCHL,EILUN,Passenger,,5.0,25.0,GPS,1.0,AMRUM,,AIS,12.0,13.0,3.0,2.0
26/11/2024 22:22:09,Class A,211299300,54.631983,8.38199,Under way using engine,,0.0,185.9,,Unknown,DCHL,EILUN,Passenger,,5.0,25.0,GPS,1.0,AMRUM,,AIS,12.0,13.0,3.0,2.0
26/11/2024 22:22:40,Class A,211299300,54.632007,8.381987,Under way using engine,,0.0,185.9,,Unknown,DCHL,EILUN,Passenger,,5.0,25.0,GPS,1.0,AMRUM,,AIS,12.0,13.0,3.0,2.0
26/11/2024 22:22:49,Class A,211299300,54.632012,8.381992,Under way using engine,,0.0,185.9,,Unknown,DCHL,EILUN,Passenger,,5.0,25.0,GPS,1.0,AMRUM,,AIS,12.0,13.0,3.0,2.0
26/11/2024 22:22:59,Class A,211299300,54.632007,8.381998,Under way using engine,,0.0,185.9,,Unknown,DCHL,EILUN,Passenger,,5.0,25.0,GPS,1.0,AMRUM,,AIS,12.0,13.0,3.0,2.0
26/11/2024 22:23:09,Class A,211299300,54.632,8.382003,Under way using engine,,0.0,185.9,,Unknown,DCHL,EILUN,Passenger,,5.0,25.0,GPS,1.0,AMRUM,,AIS,12.0,13.0,3.0,2.0
26/11/2024 22:23:40,Class A,211299300,54.632005,8.382007,Under way using engine,,0.0,185.9,,Unknown,DCHL,EILUN,Passenger,,5.0,25.0,GPS,1.0,AMRUM,,AIS,12.0,13.0,3.0,2.0
26/11/2024 22:23:49,Class A,211299300,54.632005,8.382005,Under way using engine,,0.0,185.9,,Unknown,DCHL,EILUN,Passenger,,5.0,25.0,GPS,1.0,AMRUM,,AIS,12.0,13.0,3.0,2.0
26/11/2024 22:23:59,Class A,211299300,54.632005,8.382003,Under way using engine,,0.0,185.9,,Unknown,DCHL,EILUN,Passenger,,5.0,25.0,GPS,1.0,AMRUM,,AIS,12.0,13.0,3.0,2.0
26/11/2024 22:24:09,Class A,211299300,54.632,8.382005,Under way using engine,,0.0,185.9,,Unknown,DCHL,EILUN,Passenger,,5.0,25.0,GPS,1.0,AMRUM,,AIS,12.0,13.0,3.0,2.0
26/11/2024 22:24:29,Class A,211299300,54.631973,8.382022,Under way using engine,,0.0,185.9,,Unknown,DCHL,EILUN,Passenger,,5.0,25.0,GPS,1.0,AMRUM,,AIS,12.0,13.0,3.0,2.0
26/11/2024 22:24:40,Class A,211299300,54.631982,8.38202,Under way using engine,,0.0,185.9,,Unknown,DCHL,EILUN,Passenger,,5.0,25.0,GPS,1.0,AMRUM,,AIS,12.0,13.0,3.0,2.0
26/11/2024 22:24:49,Class A,211299300,54.631982,8.382015,Under way using engine,,0.0,185.9,,Unknown,DCHL,EILUN,Passenger,,5.0,25.0,GPS,1.0,AMRUM,,AIS,12.0,13.0,3.0,2.0
26/11/2024 22:24:59,Class A,211299300,54.631988,8.38201,Under way using engine,,0.0,185.9,,Unknown,DCHL,EILUN,Passenger,,5.0,25.0,GPS,1.0,AMRUM,,AIS,12.0,13.0,3.0,2.0
26/11/2024 22:25:29,Class A,211299300,54.63197,8.382003,Under way using engine,,0.0,185.9,,Unknown,DCHL,EILUN,Passenger,,5.0,25.0,GPS,1.0,AMRUM,,AIS,12.0,13.0,3.0,2.0
26/11/2024 22:25:40,Class A,211299300,54.631973,8.38197,Under way using engine,,0.0,185.9,,Unknown,DCHL,EILUN,Passenger,,5.0,25.0,GPS,1.0,AMRUM,,AIS,12.0,13.0,3.0,2.0
26/11/2024 22:25:49,Class A,211299300,54.631963,8.381978,Under way using engine,,0.0,185.9,,Unknown,DCHL,EILUN,Passenger,,5.0,25.0,GPS,1.0,AMRUM,,AIS,12.0,13.0,3.0,2.0
26/11/2024 22:25:59,Class A,211299300,54.631957,8.381997,Under way using engine,,0.0,185.9,,Unknown,DCHL,EILUN,Passenger,,5.0,25.0,GPS,1.0,AMRUM,,AIS,12.0,13.0,3.0,2.0
26/11/2024 22:26:29,Class A,211299300,54.631982,8.381958,Under way using engine,,0.0,185.9,,Unknown,DCHL,EILUN,Passenger,,5.0,25.0,GPS,1.0,AMRUM,,AIS,12.0,13.0,3.0,2.0
26/11/2024 22:26:40,Class A,211299300,54.631987,8.381948,Under way using engine,,0.0,185.9,,Unknown,DCHL,EILUN,Passenger,,5.0,25.0,GPS,1.0,AMRUM,,AIS,12.0,13.0,3.0,2.0
26/11/2024 22:26:49,Class A,211299300,54.631978,8.38194,Under way using engine,,0.0,185.9,,Unknown,DCHL,EILUN,Passenger,,5.0,25.0,GPS,1.0,AMRUM,,AIS,12.0,13.0,3.0,2.0
26/11/2024 22:26:59,Class A,211299300,54.631998,8.381902,Under way using engine,,0.0,185.9,,Unknown,DCHL,EILUN,Passenger,,5.0,25.0,GPS,1.0,AMRUM,,AIS,12.0,13.0,3.0,2.0
26/11/2024 22:27:09,Class A,211299300,54.632012,8.381888,Under way using engine,,0.0,185.9,,Unknown,DCHL,EILUN,Passenger,,5.0,25.0,GPS,1.0,AMRUM,,AIS,12.0,13.0,3.0,2.0
26/11/2024 22:27:29,Class A,211299300,54.632023,8.381898,Under way using engine,,0.0,185.9,,Unknown,DCHL,EILUN,Passenger,,5.0,25.0,GPS,1.0,AMRUM,,AIS,12.0,13.0,3.0,2.0
26/11/2024 22:27:49,Class A,211299300,54.63203,8.381933,Under way using engine,,0.0,185.9,,Unknown,DCHL,EILUN,Passenger,,5.0,25.0,GPS,1.0,AMRUM,,AIS,12.0,13.0,3.0,2.0
26/11/2024 22:27:59,Class A,211299300,54.632023,8.381942,Under way using engine,,0.0,185.9,,Unknown,DCHL,EILUN,Passenger,,5.0,25.0,GPS,1.0,AMRUM,,AIS,12.0,13.0,3.0,2.0
26/11/2024 22:28:09,Class A,211299300,54.632023,8.381937,Under way using engine,,0.0,185.9,,Unknown,DCHL,EILUN,Passenger,,5.0,25.0,GPS,1.0,AMRUM,,AIS,12.0,13.0,3.0,2.0
26/11/2024 22:28:20,Class A,211299300,54.632023,8.381928,Under way using engine,,0.0,185.9,,Unknown,DCHL,EILUN,Passenger,,5.0,25.0,GPS,1.0,AMRUM,,AIS,12.0,13.0,3.0,2.0
26/11/2024 22:28:29,Class A,211299300,54.632023,8.381937,Under way using engine,,0.0,185.9,,Unknown,DCHL,EILUN,Passenger,,5.0,25.0,GPS,1.0,AMRUM,,AIS,12.0,13.0,3.0,2.0
26/11/2024 22:28:40,Class A,211299300,54.632023,8.381947,Under way using engine,,0.0,185.9,,Unknown,DCHL,EILUN,Passenger,,5.0,25.0,GPS,1.0,AMRUM,,AIS,12.0,13.0,3.0,2.0
26/11/2024 22:28:49,Class A,211299300,54.632018,8.381953,Under way using engine,,0.0,185.9,,Unknown,DCHL,EILUN,Passenger,,5.0,25.0,GPS,1.0,AMRUM,,AIS,12.0,13.0,3.0,2.0
26/11/2024 22:28:59,Class A,211299300,54.632013,8.381953,Under way using engine,,0.0,185.9,,Unknown,DCHL,EILUN,Passenger,,5.0,25.0,GPS,1.0,AMRUM,,AIS,12.0,13.0,3.0,2.0
26/11/2024 22:29:10,Class A,211299300,54.632005,8.381948,Under way using engine,,0.0,185.9,,Unknown,DCHL,EILUN,Passenger,,5.0,25.0,GPS,1.0,AMRUM,,AIS,12.0,13.0,3.0,2.0
26/11/2024 22:29:40,Class A,211299300,54.631997,8.381967,Under way using engine,,0.0,185.9,,Unknown,DCHL,EILUN,Passenger,,5.0,25.0,GPS,1.0,AMRUM,,AIS,12.0,13.0,3.0,2.0
26/11/2024 22:29:49,Class A,211299300,54.632017,8.381973,Under way using engine,,0.0,185.9,,Unknown,DCHL,EILUN,Passenger,,5.0,25.0,GPS,1.0,AMRUM,,AIS,12.0,13.0,3.0,2.0
26/11/2024 22:30:10,Class A,211299300,54.632007,8.381963,Under way using engine,,0.0,185.9,,Unknown,DCHL,EILUN,Passenger,,5.0,25.0,GPS,1.0,AMRUM,,AIS,12.0,13.0,3.0,2.0
26/11/2024 22:30:30,Class A,211299300,54.631997,8.381963,Under way using engine,,0.0,185.9,,Unknown,DCHL,EILUN,Passenger,,5.0,25.0,GPS,1.0,AMRUM,,AIS,12.0,13.0,3.0,2.0
26/11/2024 22:30:39,Class A,211299300,54.631993,8.381965,Under way using engine,,0.0,185.9,,Unknown,DCHL,EILUN,Passenger,,5.0,25.0,GPS,1.0,AMRUM,,AIS,12.0,13.0,3.0,2.0
26/11/2024 22:30:49,Class A,211299300,54.632,8.381972,Under way using engine,,0.0,185.9,,Unknown,DCHL,EILUN,Passenger,,5.0,25.0,GPS,1.0,AMRUM,,AIS,12.0,13.0,3.0,2.0
26/11/2024 22:31:00,Class A,211299300,54.632003,8.381982,Under way using engine,,0.0,185.9,,Unknown,DCHL,EILUN,Passenger,,5.0,25.0,GPS,1.0,AMRUM,,AIS,12.0,13.0,3.0,2.0
26/11/2024 22:31:10,Class A,211299300,54.631992,8.381973,Under way using engine,,0.0,185.9,,Unknown,DCHL,EILUN,Passenger,,5.0,25.0,GPS,1.0,AMRUM,,AIS,12.0,13.0,3.0,2.0
26/11/2024 22:31:20,Class A,211299300,54.631988,8.381967,Under way using engine,,0.0,185.9,,Unknown,DCHL,EILUN,Passenger,,5.0,25.0,GPS,1.0,AMRUM,,AIS,12.0,13.0,3.0,2.0
26/11/2024 22:31:30,Class A,211299300,54.631982,8.381962,Under way using engine,,0.0,185.9,,Unknown,DCHL,EILUN,Passenger,,5.0,25.0,GPS,1.0,AMRUM,,AIS,12.0,13.0,3.0,2.0
26/11/2024 22:32:00,Class A,211299300,54.632012,8.381997,Under way using engine,,0.0,185.9,,Unknown,DCHL,EILUN,Passenger,,5.0,25.0,GPS,1.0,AMRUM,,AIS,12.0,13.0,3.0,2.0
26/11/2024 22:32:10,Class A,211299300,54.632028,8.382003,Under way using engine,,0.0,185.9,,Unknown,DCHL,EILUN,Passenger,,5.0,25.0,GPS,1.0,AMRUM,,AIS,12.0,13.0,3.0,2.0
26/11/2024 22:32:20,Class A,211299300,54.63203,8.382008,Under way using engine,,0.0,185.9,,Unknown,DCHL,EILUN,Passenger,,5.0,25.0,GPS,1.0,AMRUM,,AIS,12.0,13.0,3.0,2.0
26/11/2024 22:32:30,Class A,211299300,54.632027,8.382008,Under way using engine,,0.0,185.9,,Unknown,DCHL,EILUN,Passenger,,5.0,25.0,GPS,1.0,AMRUM,,AIS,12.0,13.0,3.0,2.0
26/11/2024 22:32:39,Class A,211299300,54.632022,8.382013,Under way using engine,,0.0,185.9,,Unknown,DCHL,EILUN,Passenger,,5.0,25.0,GPS,1.0,AMRUM,,AIS,12.0,13.0,3.0,2.0
26/11/2024 22:33:00,Class A,211299300,54.631993,8.381985,Under way using engine,,0.0,185.9,,Unknown,DCHL,EILUN,Passenger,,5.0,25.0,GPS,1.0,AMRUM,,AIS,12.0,13.0,3.0,2.0
26/11/2024 22:33:10,Class A,211299300,54.632003,8.381988,Under way using engine,,0.0,185.9,,Unknown,DCHL,EILUN,Passenger,,5.0,25.0,GPS,1.0,AMRUM,,AIS,12.0,13.0,3.0,2.0
26/11/2024 22:33:20,Class A,211299300,54.632012,8.381992,Under way using engine,,0.0,185.9,,Unknown,DCHL,EILUN,Passenger,,5.0,25.0,GPS,1.0,AMRUM,,AIS,12.0,13.0,3.0,2.0
26/11/2024 22:33:30,Class A,211299300,54.632007,8.38199,Under way using engine,,0.0,185.9,,Unknown,DCHL,EILUN,Passenger,,5.0,25.0,GPS,1.0,AMRUM,,AIS,12.0,13.0,3.0,2.0
26/11/2024 22:33:39,Class A,211299300,54.632,8.381988,Under way using engine,,0.0,185.9,,Unknown,DCHL,EILUN,Passenger,,5.0,25.0,GPS,1.0,AMRUM,,AIS,12.0,13.0,3.0,2.0
26/11/2024 22:34:00,Class A,211299300,54.631985,8.381997,Under way using engine,,0.0,185.9,,Unknown,DCHL,EILUN,Passenger,,5.0,25.0,GPS,1.0,AMRUM,,AIS,12.0,13.0,3.0,2.0
26/11/2024 22:34:10,Class A,211299300,54.63198,8.381997,Under way using engine,,0.0,185.9,,Unknown,DCHL,EILUN,Passenger,,5.0,25.0,GPS,1.0,AMRUM,,AIS,12.0,13.0,3.0,2.0
26/11/2024 22:34:20,Class A,211299300,54.631982,8.381987,Under way using engine,,0.0,185.9,,Unknown,DCHL,EILUN,Passenger,,5.0,25.0,GPS,1.0,AMRUM,,AIS,12.0,13.0,3.0,2.0
26/11/2024 22:34:30,Class A,211299300,54.631988,8.381987,Under way using engine,,0.0,185.9,,Unknown,DCHL,EILUN,Passenger,,5.0,25.0,GPS,1.0,AMRUM,,AIS,12.0,13.0,3.0,2.0
26/11/2024 22:35:20,Class A,211299300,54.631982,8.381973,Under way using engine,,0.0,185.9,,Unknown,DCHL,EILUN,Passenger,,5.0,25.0,GPS,1.0,AMRUM,,AIS,12.0,13.0,3.0,2.0
26/11/2024 22:35:30,Class A,211299300,54.631985,8.38197,Under way using engine,,0.0,185.9,,Unknown,DCHL,EILUN,Passenger,,5.0,25.0,GPS,1.0,AMRUM,,AIS,12.0,13.0,3.0,2.0
26/11/2024 22:35:39,Class A,211299300,54.631992,8.381972,Under way using engine,,0.0,185.9,,Unknown,DCHL,EILUN,Passenger,,5.0,25.0,GPS,1.0,AMRUM,,AIS,12.0,13.0,3.0,2.0
26/11/2024 22:36:00,Class A,211299300,54.631992,8.381967,Under way using engine,,0.0,185.9,,Unknown,DCHL,EILUN,Passenger,,5.0,25.0,GPS,1.0,AMRUM,,AIS,12.0,13.0,3.0,2.0
26/11/2024 22:36:09,Class A,211299300,54.631995,8.381963,Under way using engine,,0.0,185.9,,Unknown,DCHL,EILUN,Passenger,,5.0,25.0,GPS,1.0,AMRUM,,AIS,12.0,13.0,3.0,2.0
26/11/2024 22:36:20,Class A,211299300,54.632005,8.38196,Under way using engine,,0.0,185.9,,Unknown,DCHL,EILUN,Passenger,,5.0,25.0,GPS,1.0,AMRUM,,AIS,12.0,13.0,3.0,2.0
26/11/2024 22:36:29,Class A,211299300,54.632005,8.38196,Under way using engine,,0.0,185.9,,Unknown,DCHL,EILUN,Passenger,,5.0,25.0,GPS,1.0,AMRUM,,AIS,12.0,13.0,3.0,2.0
26/11/2024 22:36:50,Class A,211299300,54.63199,8.38196,Under way using engine,,0.0,185.9,,Unknown,DCHL,EILUN,Passenger,,5.0,25.0,GPS,1.0,AMRUM,,AIS,12.0,13.0,3.0,2.0
26/11/2024 22:37:00,Class A,211299300,54.631988,8.381957,Under way using engine,,0.0,185.9,,Unknown,DCHL,EILUN,Passenger,,5.0,25.0,GPS,1.0,AMRUM,,AIS,12.0,13.0,3.0,2.0
26/11/2024 22:37:20,Class A,211299300,54.632005,8.381958,Under way using engine,,0.0,185.9,,Unknown,DCHL,EILUN,Passenger,,5.0,25.0,GPS,1.0,AMRUM,,AIS,12.0,13.0,3.0,2.0
26/11/2024 22:37:29,Class A,211299300,54.632007,8.381967,Under way using engine,,0.0,185.9,,Unknown,DCHL,EILUN,Passenger,,5.0,25.0,GPS,1.0,AMRUM,,AIS,12.0,13.0,3.0,2.0
26/11/2024 22:37:35,Class A,211299300,54.632007,8.381967,Under way using engine,,0.0,185.9,,Unknown,DCHL,EILUN,Passenger,,5.0,25.0,GPS,1.0,AMRUM,,AIS,12.0,13.0,3.0,2.0
26/11/2024 22:37:39,Class A,211299300,54.632012,8.381973,Under way using engine,,0.0,185.9,,Unknown,DCHL,EILUN,Passenger,,5.0,25.0,GPS,1.0,AMRUM,,AIS,12.0,13.0,3.0,2.0
26/11/2024 22:37:50,Class A,211299300,54.631988,8.381977,Under way using engine,,0.0,185.9,,Unknown,DCHL,EILUN,Passenger,,5.0,25.0,GPS,1.0,AMRUM,,AIS,12.0,13.0,3.0,2.0
26/11/2024 22:38:00,Class A,211299300,54.631988,8.381973,Under way using engine,,0.0,185.9,,Unknown,DCHL,EILUN,Passenger,,5.0,25.0,GPS,1.0,AMRUM,,AIS,12.0,13.0,3.0,2.0
26/11/2024 22:38:29,Class A,211299300,54.631978,8.381967,Under way using engine,,0.0,185.9,,Unknown,DCHL,EILUN,Passenger,,5.0,25.0,GPS,1.0,AMRUM,,AIS,12.0,13.0,3.0,2.0
26/11/2024 22:39:00,Class A,211299300,54.632003,8.381967,Under way using engine,,0.0,185.9,,Unknown,DCHL,EILUN,Passenger,,5.0,25.0,GPS,1.0,AMRUM,,AIS,12.0,13.0,3.0,2.0
26/11/2024 22:39:09,Class A,211299300,54.632008,8.381968,Under way using engine,,0.0,185.9,,Unknown,DCHL,EILUN,Passenger,,5.0,25.0,GPS,1.0,AMRUM,,AIS,12.0,13.0,3.0,2.0
26/11/2024 22:39:20,Class A,211299300,54.632005,8.381978,Under way using engine,,0.0,185.9,,Unknown,DCHL,EILUN,Passenger,,5.0,25.0,GPS,1.0,AMRUM,,AIS,12.0,13.0,3.0,2.0
26/11/2024 22:39:29,Class A,211299300,54.632003,8.381985,Under way using engine,,0.0,185.9,,Unknown,DCHL,EILUN,Passenger,,5.0,25.0,GPS,1.0,AMRUM,,AIS,12.0,13.0,3.0,2.0
26/11/2024 22:39:39,Class A,211299300,54.632,8.381988,Under way using engine,,0.0,185.9,,Unknown,DCHL,EILUN,Passenger,,5.0,25.0,GPS,1.0,AMRUM,,AIS,12.0,13.0,3.0,2.0
26/11/2024 22:39:50,Class A,211299300,54.632,8.381993,Under way using engine,,0.0,185.9,,Unknown,DCHL,EILUN,Passenger,,5.0,25.0,GPS,1.0,AMRUM,,AIS,12.0,13.0,3.0,2.0
26/11/2024 22:40:20,Class A,211299300,54.631982,8.38202,Under way using engine,,0.0,185.9,,Unknown,DCHL,EILUN,Passenger,,5.0,25.0,GPS,1.0,AMRUM,,AIS,12.0,13.0,3.0,2.0
26/11/2024 22:40:39,Class A,211299300,54.631985,8.382022,Under way using engine,,0.0,185.9,,Unknown,DCHL,EILUN,Passenger,,5.0,25.0,GPS,1.0,AMRUM,,AIS,12.0,13.0,3.0,2.0
26/11/2024 22:40:50,Class A,211299300,54.631992,8.382015,Under way using engine,,0.0,185.9,,Unknown,DCHL,EILUN,Passenger,,5.0,25.0,GPS,1.0,AMRUM,,AIS,12.0,13.0,3.0,2.0
26/11/2024 22:40:59,Class A,211299300,54.631998,8.382005,Under way using engine,,0.0,185.9,,Unknown,DCHL,EILUN,Passenger,,5.0,25.0,GPS,1.0,AMRUM,,AIS,12.0,13.0,3.0,2.0
26/11/2024 22:41:09,Class A,211299300,54.632,8.381997,Under way using engine,,0.0,185.9,,Unknown,DCHL,EILUN,Passenger,,5.0,25.0,GPS,1.0,AMRUM,,AIS,12.0,13.0,3.0,2.0
26/11/2024 22:41:29,Class A,211299300,54.632,8.381998,Under way using engine,,0.0,185.9,,Unknown,DCHL,EILUN,Passenger,,5.0,25.0,GPS,1.0,AMRUM,,AIS,12.0,13.0,3.0,2.0
26/11/2024 22:41:50,Class A,211299300,54.631992,8.382012,Under way using engine,,0.0,185.9,,Unknown,DCHL,EILUN,Passenger,,5.0,25.0,GPS,1.0,AMRUM,,AIS,12.0,13.0,3.0,2.0
26/11/2024 22:42:09,Class A,211299300,54.631972,8.382008,Under way using engine,,0.0,185.9,,Unknown,DCHL,EILUN,Passenger,,5.0,25.0,GPS,1.0,AMRUM,,AIS,12.0,13.0,3.0,2.0
26/11/2024 22:42:39,Class A,211299300,54.631983,8.382002,Under way using engine,,0.0,185.9,,Unknown,DCHL,EILUN,Passenger,,5.0,25.0,GPS,1.0,AMRUM,,AIS,12.0,13.0,3.0,2.0
26/11/2024 22:42:50,Class A,211299300,54.631987,8.382008,Under way using engine,,0.0,185.9,,Unknown,DCHL,EILUN,Passenger,,5.0,25.0,GPS,1.0,AMRUM,,AIS,12.0,13.0,3.0,2.0
26/11/2024 22:43:29,Class A,211299300,54.631977,8.382042,Under way using engine,,0.0,185.9,,Unknown,DCHL,EILUN,Passenger,,5.0,25.0,GPS,1.0,AMRUM,,AIS,12.0,13.0,3.0,2.0
26/11/2024 22:43:35,Class A,211299300,54.631977,8.382042,Under way using engine,,0.0,185.9,,Unknown,DCHL,EILUN,Passenger,,5.0,25.0,GPS,1.0,AMRUM,,AIS,12.0,13.0,3.0,2.0
26/11/2024 22:43:39,Class A,211299300,54.631975,8.382037,Under way using engine,,0.0,185.9,,Unknown,DCHL,EILUN,Passenger,,5.0,25.0,GPS,1.0,AMRUM,,AIS,12.0,13.0,3.0,2.0
26/11/2024 22:43:50,Class A,211299300,54.631975,8.382032,Under way using engine,,0.0,185.9,,Unknown,DCHL,EILUN,Passenger,,5.0,25.0,GPS,1.0,AMRUM,,AIS,12.0,13.0,3.0,2.0
26/11/2024 22:44:09,Class A,211299300,54.631978,8.382023,Under way using engine,,0.0,185.9,,Unknown,DCHL,EILUN,Passenger,,5.0,25.0,GPS,1.0,AMRUM,,AIS,12.0,13.0,3.0,2.0
26/11/2024 22:44:29,Class A,211299300,54.631988,8.382025,Under way using engine,,0.0,185.9,,Unknown,DCHL,EILUN,Passenger,,5.0,25.0,GPS,1.0,AMRUM,,AIS,12.0,13.0,3.0,2.0
26/11/2024 22:44:40,Class A,211299300,54.632005,8.382008,Under way using engine,,0.0,185.9,,Unknown,DCHL,EILUN,Passenger,,5.0,25.0,GPS,1.0,AMRUM,,AIS,12.0,13.0,3.0,2.0
26/11/2024 22:44:51,Class A,211299300,54.632012,8.381995,Under way using engine,,0.0,185.9,,Unknown,DCHL,EILUN,Passenger,,5.0,25.0,GPS,1.0,AMRUM,,AIS,12.0,13.0,3.0,2.0
26/11/2024 22:45:09,Class A,211299300,54.632003,8.381992,Under way using engine,,0.0,185.9,,Unknown,DCHL,EILUN,Passenger,,5.0,25.0,GPS,1.0,AMRUM,,AIS,12.0,13.0,3.0,2.0
26/11/2024 22:45:20,Class A,211299300,54.631997,8.381987,Under way using engine,,0.0,185.9,,Unknown,DCHL,EILUN,Passenger,,5.0,25.0,GPS,1.0,AMRUM,,AIS,12.0,13.0,3.0,2.0
26/11/2024 22:45:29,Class A,211299300,54.632005,8.381978,Under way using engine,,0.0,185.9,,Unknown,DCHL,EILUN,Passenger,,5.0,25.0,GPS,1.0,AMRUM,,AIS,12.0,13.0,3.0,2.0
26/11/2024 22:45:40,Class A,211299300,54.631997,8.381997,Under way using engine,,0.0,185.9,,Unknown,DCHL,EILUN,Passenger,,5.0,25.0,GPS,1.0,AMRUM,,AIS,12.0,13.0,3.0,2.0
26/11/2024 22:45:51,Class A,211299300,54.631985,8.382008,Under way using engine,,0.0,185.9,,Unknown,DCHL,EILUN,Passenger,,5.0,25.0,GPS,1.0,AMRUM,,AIS,12.0,13.0,3.0,2.0
26/11/2024 22:46:09,Class A,211299300,54.631977,8.382015,Under way using engine,,0.0,185.9,,Unknown,DCHL,EILUN,Passenger,,5.0,25.0,GPS,1.0,AMRUM,,AIS,12.0,13.0,3.0,2.0
26/11/2024 22:46:29,Class A,211299300,54.631992,8.382008,Under way using engine,,0.0,185.9,,Unknown,DCHL,EILUN,Passenger,,5.0,25.0,GPS,1.0,AMRUM,,AIS,12.0,13.0,3.0,2.0
26/11/2024 22:46:40,Class A,211299300,54.63199,8.382,Under way using engine,,0.0,185.9,,Unknown,DCHL,EILUN,Passenger,,5.0,25.0,GPS,1.0,AMRUM,,AIS,12.0,13.0,3.0,2.0
26/11/2024 22:46:51,Class A,211299300,54.631988,8.381997,Under way using engine,,0.0,185.9,,Unknown,DCHL,EILUN,Passenger,,5.0,25.0,GPS,1.0,AMRUM,,AIS,12.0,13.0,3.0,2.0
26/11/2024 22:47:09,Class A,211299300,54.631993,8.381997,Under way using engine,,0.0,185.9,,Unknown,DCHL,EILUN,Passenger,,5.0,25.0,GPS,1.0,AMRUM,,AIS,12.0,13.0,3.0,2.0
26/11/2024 22:47:29,Class A,211299300,54.632,8.381993,Under way using engine,,0.0,185.9,,Unknown,DCHL,EILUN,Passenger,,5.0,25.0,GPS,1.0,AMRUM,,AIS,12.0,13.0,3.0,2.0
26/11/2024 22:47:40,Class A,211299300,54.632003,8.38199,Under way using engine,,0.0,185.9,,Unknown,DCHL,EILUN,Passenger,,5.0,25.0,GPS,1.0,AMRUM,,AIS,12.0,13.0,3.0,2.0
26/11/2024 22:47:51,Class A,211299300,54.632,8.381995,Under way using engine,,0.0,185.9,,Unknown,DCHL,EILUN,Passenger,,5.0,25.0,GPS,1.0,AMRUM,,AIS,12.0,13.0,3.0,2.0
26/11/2024 22:47:59,Class A,211299300,54.632,8.381997,Under way using engine,,0.0,185.9,,Unknown,DCHL,EILUN,Passenger,,5.0,25.0,GPS,1.0,AMRUM,,AIS,12.0,13.0,3.0,2.0
26/11/2024 22:48:09,Class A,211299300,54.632003,8.382008,Under way using engine,,0.0,185.9,,Unknown,DCHL,EILUN,Passenger,,5.0,25.0,GPS,1.0,AMRUM,,AIS,12.0,13.0,3.0,2.0
26/11/2024 22:48:29,Class A,211299300,54.632015,8.381997,Under way using engine,,0.0,185.9,,Unknown,DCHL,EILUN,Passenger,,5.0,25.0,GPS,1.0,AMRUM,,AIS,12.0,13.0,3.0,2.0
26/11/2024 22:48:40,Class A,211299300,54.632012,8.381988,Under way using engine,,0.0,185.9,,Unknown,DCHL,EILUN,Passenger,,5.0,25.0,GPS,1.0,AMRUM,,AIS,12.0,13.0,3.0,2.0
26/11/2024 22:48:59,Class A,211299300,54.632013,8.38199,Under way using engine,,0.0,185.9,,Unknown,DCHL,EILUN,Passenger,,5.0,25.0,GPS,1.0,AMRUM,,AIS,12.0,13.0,3.0,2.0
26/11/2024 22:49:09,Class A,211299300,54.632015,8.38199,Under way using engine,,0.0,185.9,,Unknown,DCHL,EILUN,Passenger,,5.0,25.0,GPS,1.0,AMRUM,,AIS,12.0,13.0,3.0,2.0
26/11/2024 22:49:40,Class A,211299300,54.632015,8.381982,Under way using engine,,0.0,185.9,,Unknown,DCHL,EILUN,Passenger,,5.0,25.0,GPS,1.0,AMRUM,,AIS,12.0,13.0,3.0,2.0
26/11/2024 22:49:59,Class A,211299300,54.632,8.381997,Under way using engine,,0.0,185.9,,Unknown,DCHL,EILUN,Passenger,,5.0,25.0,GPS,1.0,AMRUM,,AIS,12.0,13.0,3.0,2.0
26/11/2024 22:50:09,Class A,211299300,54.63199,8.382015,Under way using engine,,0.0,185.9,,Unknown,DCHL,EILUN,Passenger,,5.0,25.0,GPS,1.0,AMRUM,,AIS,12.0,13.0,3.0,2.0
26/11/2024 22:50:19,Class A,211299300,54.632,8.382003,Under way using engine,,0.0,185.9,,Unknown,DCHL,EILUN,Passenger,,5.0,25.0,GPS,1.0,AMRUM,,AIS,12.0,13.0,3.0,2.0
26/11/2024 22:50:29,Class A,211299300,54.632005,8.381988,Under way using engine,,0.0,185.9,,Unknown,DCHL,EILUN,Passenger,,5.0,25.0,GPS,1.0,AMRUM,,AIS,12.0,13.0,3.0,2.0
26/11/2024 22:50:40,Class A,211299300,54.632012,8.381988,Under way using engine,,0.0,185.9,,Unknown,DCHL,EILUN,Passenger,,5.0,25.0,GPS,1.0,AMRUM,,AIS,12.0,13.0,3.0,2.0
26/11/2024 22:51:09,Class A,211299300,54.632007,8.381987,Under way using engine,,0.0,185.9,,Unknown,DCHL,EILUN,Passenger,,5.0,25.0,GPS,1.0,AMRUM,,AIS,12.0,13.0,3.0,2.0
26/11/2024 22:51:19,Class A,211299300,54.632003,8.381988,Under way using engine,,0.0,185.9,,Unknown,DCHL,EILUN,Passenger,,5.0,25.0,GPS,1.0,AMRUM,,AIS,12.0,13.0,3.0,2.0
26/11/2024 22:52:10,Class A,211299300,54.631998,8.382027,Under way using engine,,0.0,185.9,,Unknown,DCHL,EILUN,Passenger,,5.0,25.0,GPS,1.0,AMRUM,,AIS,12.0,13.0,3.0,2.0
26/11/2024 22:52:39,Class A,211299300,54.632005,8.382038,Under way using engine,,0.0,185.9,,Unknown,DCHL,EILUN,Passenger,,5.0,25.0,GPS,1.0,AMRUM,,AIS,12.0,13.0,3.0,2.0
26/11/2024 22:52:49,Class A,211299300,54.632007,8.382037,Under way using engine,,0.0,185.9,,Unknown,DCHL,EILUN,Passenger,,5.0,25.0,GPS,1.0,AMRUM,,AIS,12.0,13.0,3.0,2.0
26/11/2024 22:53:10,Class A,211299300,54.632005,8.382033,Under way using engine,,0.0,185.9,,Unknown,DCHL,EILUN,Passenger,,5.0,25.0,GPS,1.0,AMRUM,,AIS,12.0,13.0,3.0,2.0
26/11/2024 22:53:49,Class A,211299300,54.631988,8.38203,Under way using engine,,0.0,185.9,,Unknown,DCHL,EILUN,Passenger,,5.0,25.0,GPS,1.0,AMRUM,,AIS,12.0,13.0,3.0,2.0
26/11/2024 22:54:10,Class A,211299300,54.631993,8.382038,Under way using engine,,0.0,185.9,,Unknown,DCHL,EILUN,Passenger,,5.0,25.0,GPS,1.0,AMRUM,,AIS,12.0,13.0,3.0,2.0
26/11/2024 22:54:19,Class A,211299300,54.632,8.382027,Under way using engine,,0.0,185.9,,Unknown,DCHL,EILUN,Passenger,,5.0,25.0,GPS,1.0,AMRUM,,AIS,12.0,13.0,3.0,2.0
26/11/2024 22:54:49,Class A,211299300,54.631997,8.382042,Under way using engine,,0.0,185.9,,Unknown,DCHL,EILUN,Passenger,,5.0,25.0,GPS,1.0,AMRUM,,AIS,12.0,13.0,3.0,2.0
26/11/2024 22:55:10,Class A,211299300,54.631983,8.382042,Under way using engine,,0.0,185.9,,Unknown,DCHL,EILUN,Passenger,,5.0,25.0,GPS,1.0,AMRUM,,AIS,12.0,13.0,3.0,2.0
26/11/2024 22:55:35,Class A,211299300,54.631983,8.382042,Under way using engine,,0.0,185.9,,Unknown,DCHL,EILUN,Passenger,,5.0,25.0,GPS,1.0,AMRUM,,AIS,12.0,13.0,3.0,2.0
26/11/2024 22:55:50,Class A,211299300,54.631987,8.382045,Under way using engine,,0.0,185.9,,Unknown,DCHL,EILUN,Passenger,,5.0,25.0,GPS,1.0,AMRUM,,AIS,12.0,13.0,3.0,2.0
26/11/2024 22:56:10,Class A,211299300,54.631998,8.38203,Under way using engine,,0.0,185.9,,Unknown,DCHL,EILUN,Passenger,,5.0,25.0,GPS,1.0,AMRUM,,AIS,12.0,13.0,3.0,2.0
26/11/2024 22:56:19,Class A,211299300,54.631988,8.382052,Under way using engine,,0.0,185.9,,Unknown,DCHL,EILUN,Passenger,,5.0,25.0,GPS,1.0,AMRUM,,AIS,12.0,13.0,3.0,2.0
26/11/2024 22:56:39,Class A,211299300,54.631988,8.382037,Under way using engine,,0.0,185.9,,Unknown,DCHL,EILUN,Passenger,,5.0,25.0,GPS,1.0,AMRUM,,AIS,12.0,13.0,3.0,2.0
26/11/2024 22:56:50,Class A,211299300,54.631982,8.381963,Under way using engine,,0.0,185.9,,Unknown,DCHL,EILUN,Passenger,,5.0,25.0,GPS,1.0,AMRUM,,AIS,12.0,13.0,3.0,2.0
26/11/2024 22:57:10,Class A,211299300,54.631982,8.381928,Under way using engine,,0.0,185.9,,Unknown,DCHL,EILUN,Passenger,,5.0,25.0,GPS,1.0,AMRUM,,AIS,12.0,13.0,3.0,2.0
26/11/2024 22:58:10,Class A,211299300,54.63195,8.381967,Under way using engine,,0.0,185.9,,Unknown,DCHL,EILUN,Passenger,,5.0,25.0,GPS,1.0,AMRUM,,AIS,12.0,13.0,3.0,2.0
26/11/2024 22:58:39,Class A,211299300,54.631988,8.38196,Under way using engine,,0.0,185.9,,Unknown,DCHL,EILUN,Passenger,,5.0,25.0,GPS,1.0,AMRUM,,AIS,12.0,13.0,3.0,2.0
26/11/2024 22:58:50,Class A,211299300,54.631988,8.381968,Under way using engine,,0.0,185.9,,Unknown,DCHL,EILUN,Passenger,,5.0,25.0,GPS,1.0,AMRUM,,AIS,12.0,13.0,3.0,2.0
26/11/2024 22:59:10,Class A,211299300,54.631992,8.38198,Under way using engine,,0.0,185.9,,Unknown,DCHL,EILUN,Passenger,,5.0,25.0,GPS,1.0,AMRUM,,AIS,12.0,13.0,3.0,2.0
26/11/2024 22:59:30,Class A,211299300,54.631995,8.38199,Under way using engine,,0.0,185.9,,Unknown,DCHL,EILUN,Passenger,,5.0,25.0,GPS,1.0,AMRUM,,AIS,12.0,13.0,3.0,2.0
26/11/2024 23:00:09,Class A,211299300,54.631987,8.381992,Under way using engine,,0.0,185.9,,Unknown,DCHL,EILUN,Passenger,,5.0,25.0,GPS,1.0,AMRUM,,AIS,12.0,13.0,3.0,2.0
26/11/2024 23:00:19,Class A,211299300,54.631987,8.38199,Under way using engine,,0.0,185.9,,Unknown,DCHL,EILUN,Passenger,,5.0,25.0,GPS,1.0,AMRUM,,AIS,12.0,13.0,3.0,2.0
26/11/2024 23:00:30,Class A,211299300,54.631993,8.381988,Under way using engine,,0.0,185.9,,Unknown,DCHL,EILUN,Passenger,,5.0,25.0,GPS,1.0,AMRUM,,AIS,12.0,13.0,3.0,2.0
26/11/2024 23:00:40,Class A,211299300,54.632007,8.381985,Under way using engine,,0.0,185.9,,Unknown,DCHL,EILUN,Passenger,,5.0,25.0,GPS,1.0,AMRUM,,AIS,12.0,13.0,3.0,2.0
26/11/2024 23:00:50,Class A,211299300,54.632013,8.381985,Under way using engine,,0.0,185.9,,Unknown,DCHL,EILUN,Passenger,,5.0,25.0,GPS,1.0,AMRUM,,AIS,12.0,13.0,3.0,2.0
26/11/2024 23:01:09,Class A,211299300,54.63201,8.38198,Under way using engine,,0.0,185.9,,Unknown,DCHL,EILUN,Passenger,,5.0,25.0,GPS,1.0,AMRUM,,AIS,12.0,13.0,3.0,2.0
26/11/2024 23:01:19,Class A,211299300,54.632012,8.381975,Under way using engine,,0.0,185.9,,Unknown,DCHL,EILUN,Passenger,,5.0,25.0,GPS,1.0,AMRUM,,AIS,12.0,13.0,3.0,2.0
26/11/2024 23:01:40,Class A,211299300,54.632023,8.381982,Under way using engine,,0.0,185.9,,Unknown,DCHL,EILUN,Passenger,,5.0,25.0,GPS,1.0,AMRUM,,AIS,12.0,13.0,3.0,2.0
26/11/2024 23:01:50,Class A,211299300,54.632022,8.38199,Under way using engine,,0.0,185.9,,Unknown,DCHL,EILUN,Passenger,,5.0,25.0,GPS,1.0,AMRUM,,AIS,12.0,13.0,3.0,2.0
26/11/2024 23:02:09,Class A,211299300,54.632012,8.382003,Under way using engine,,0.0,185.9,,Unknown,DCHL,EILUN,Passenger,,5.0,25.0,GPS,1.0,AMRUM,,AIS,12.0,13.0,3.0,2.0
26/11/2024 23:02:20,Class A,211299300,54.632012,8.382007,Under way using engine,,0.0,185.9,,Unknown,DCHL,EILUN,Passenger,,5.0,25.0,GPS,1.0,AMRUM,,AIS,12.0,13.0,3.0,2.0
26/11/2024 23:02:30,Class A,211299300,54.632008,8.382012,Under way using engine,,0.0,185.9,,Unknown,DCHL,EILUN,Passenger,,5.0,25.0,GPS,1.0,AMRUM,,AIS,12.0,13.0,3.0,2.0
26/11/2024 23:02:50,Class A,211299300,54.632002,8.382018,Under way using engine,,0.0,185.9,,Unknown,DCHL,EILUN,Passenger,,5.0,25.0,GPS,1.0,AMRUM,,AIS,12.0,13.0,3.0,2.0
26/11/2024 23:03:30,Class A,211299300,54.632012,8.382003,Under way using engine,,0.0,185.9,,Unknown,DCHL,EILUN,Passenger,,5.0,25.0,GPS,1.0,AMRUM,,AIS,12.0,13.0,3.0,2.0
26/11/2024 23:03:50,Class A,211299300,54.632,8.382015,Under way using engine,,0.0,185.9,,Unknown,DCHL,EILUN,Passenger,,5.0,25.0,GPS,1.0,AMRUM,,AIS,12.0,13.0,3.0,2.0
26/11/2024 23:04:10,Class A,211299300,54.631963,8.382137,Under way using engine,,0.0,185.9,,Unknown,DCHL,EILUN,Passenger,,5.0,25.0,GPS,1.0,AMRUM,,AIS,12.0,13.0,3.0,2.0
26/11/2024 23:04:30,Class A,211299300,54.632018,8.38203,Under way using engine,,0.0,185.9,,Unknown,DCHL,EILUN,Passenger,,5.0,25.0,GPS,1.0,AMRUM,,AIS,12.0,13.0,3.0,2.0
26/11/2024 23:04:50,Class A,211299300,54.632022,8.382005,Under way using engine,,0.0,185.9,,Unknown,DCHL,EILUN,Passenger,,5.0,25.0,GPS,1.0,AMRUM,,AIS,12.0,13.0,3.0,2.0
26/11/2024 23:05:10,Class A,211299300,54.632018,8.381992,Under way using engine,,0.0,185.9,,Unknown,DCHL,EILUN,Passenger,,5.0,25.0,GPS,1.0,AMRUM,,AIS,12.0,13.0,3.0,2.0
26/11/2024 23:05:30,Class A,211299300,54.63201,8.382007,Under way using engine,,0.0,185.9,,Unknown,DCHL,EILUN,Passenger,,5.0,25.0,GPS,1.0,AMRUM,,AIS,12.0,13.0,3.0,2.0
26/11/2024 23:06:10,Class A,211299300,54.632007,8.381997,Under way using engine,,0.0,185.9,,Unknown,DCHL,EILUN,Passenger,,5.0,25.0,GPS,1.0,AMRUM,,AIS,12.0,13.0,3.0,2.0
26/11/2024 23:06:20,Class A,211299300,54.632003,8.381995,Under way using engine,,0.0,185.9,,Unknown,DCHL,EILUN,Passenger,,5.0,25.0,GPS,1.0,AMRUM,,AIS,12.0,13.0,3.0,2.0
26/11/2024 23:06:30,Class A,211299300,54.631997,8.381997,Under way using engine,,0.0,185.9,,Unknown,DCHL,EILUN,Passenger,,5.0,25.0,GPS,1.0,AMRUM,,AIS,12.0,13.0,3.0,2.0
26/11/2024 23:06:40,Class A,211299300,54.631988,8.382007,Under way using engine,,0.0,185.9,,Unknown,DCHL,EILUN,Passenger,,5.0,25.0,GPS,1.0,AMRUM,,AIS,12.0,13.0,3.0,2.0
26/11/2024 23:07:20,Class A,211299300,54.631992,8.38199,Under way using engine,,0.0,185.9,,Unknown,DCHL,EILUN,Passenger,,5.0,25.0,GPS,1.0,AMRUM,,AIS,12.0,13.0,3.0,2.0
26/11/2024 23:08:20,Class A,211299300,54.631972,8.382003,Under way using engine,,0.0,185.9,,Unknown,DCHL,EILUN,Passenger,,5.0,25.0,GPS,1.0,AMRUM,,AIS,12.0,13.0,3.0,2.0
26/11/2024 23:08:30,Class A,211299300,54.631977,8.382,Under way using engine,,0.0,185.9,,Unknown,DCHL,EILUN,Passenger,,5.0,25.0,GPS,1.0,AMRUM,,AIS,12.0,13.0,3.0,2.0
26/11/2024 23:08:49,Class A,211299300,54.631977,8.382007,Under way using engine,,0.0,185.9,,Unknown,DCHL,EILUN,Passenger,,5.0,25.0,GPS,1.0,AMRUM,,AIS,12.0,13.0,3.0,2.0
26/11/2024 23:09:20,Class A,211299300,54.631967,8.382018,Under way using engine,,0.0,185.9,,Unknown,DCHL,EILUN,Passenger,,5.0,25.0,GPS,1.0,AMRUM,,AIS,12.0,13.0,3.0,2.0
26/11/2024 23:09:30,Class A,211299300,54.631955,8.382032,Under way using engine,,0.0,185.9,,Unknown,DCHL,EILUN,Passenger,,5.0,25.0,GPS,1.0,AMRUM,,AIS,12.0,13.0,3.0,2.0
26/11/2024 23:09:40,Class A,211299300,54.631957,8.382033,Under way using engine,,0.0,185.9,,Unknown,DCHL,EILUN,Passenger,,5.0,25.0,GPS,1.0,AMRUM,,AIS,12.0,13.0,3.0,2.0
26/11/2024 23:09:49,Class A,211299300,54.631963,8.382038,Under way using engine,,0.0,185.9,,Unknown,DCHL,EILUN,Passenger,,5.0,25.0,GPS,1.0,AMRUM,,AIS,12.0,13.0,3.0,2.0
26/11/2024 23:10:20,Class A,211299300,54.631988,8.382057,Under way using engine,,0.0,185.9,,Unknown,DCHL,EILUN,Passenger,,5.0,25.0,GPS,1.0,AMRUM,,AIS,12.0,13.0,3.0,2.0
26/11/2024 23:10:30,Class A,211299300,54.631988,8.38205,Under way using engine,,0.0,185.9,,Unknown,DCHL,EILUN,Passenger,,5.0,25.0,GPS,1.0,AMRUM,,AIS,12.0,13.0,3.0,2.0
26/11/2024 23:10:40,Class A,211299300,54.631993,8.382045,Under way using engine,,0.0,185.9,,Unknown,DCHL,EILUN,Passenger,,5.0,25.0,GPS,1.0,AMRUM,,AIS,12.0,13.0,3.0,2.0
26/11/2024 23:10:49,Class A,211299300,54.631983,8.382042,Under way using engine,,0.0,185.9,,Unknown,DCHL,EILUN,Passenger,,5.0,25.0,GPS,1.0,AMRUM,,AIS,12.0,13.0,3.0,2.0
26/11/2024 23:11:10,Class A,211299300,54.631957,8.382042,Under way using engine,,0.0,185.9,,Unknown,DCHL,EILUN,Passenger,,5.0,25.0,GPS,1.0,AMRUM,,AIS,12.0,13.0,3.0,2.0
26/11/2024 23:11:20,Class A,211299300,54.631958,8.382042,Under way using engine,,0.0,185.9,,Unknown,DCHL,EILUN,Passenger,,5.0,25.0,GPS,1.0,AMRUM,,AIS,12.0,13.0,3.0,2.0
26/11/2024 23:11:30,Class A,211299300,54.631958,8.38205,Under way using engine,,0.0,185.9,,Unknown,DCHL,EILUN,Passenger,,5.0,25.0,GPS,1.0,AMRUM,,AIS,12.0,13.0,3.0,2.0
26/11/2024 23:11:40,Class A,211299300,54.631958,8.382057,Under way using engine,,0.0,185.9,,Unknown,DCHL,EILUN,Passenger,,5.0,25.0,GPS,1.0,AMRUM,,AIS,12.0,13.0,3.0,2.0
26/11/2024 23:12:10,Class A,211299300,54.631952,8.38207,Under way using engine,,0.0,185.9,,Unknown,DCHL,EILUN,Passenger,,5.0,25.0,GPS,1.0,AMRUM,,AIS,12.0,13.0,3.0,2.0
26/11/2024 23:12:20,Class A,211299300,54.631947,8.382082,Under way using engine,,0.0,185.9,,Unknown,DCHL,EILUN,Passenger,,5.0,25.0,GPS,1.0,AMRUM,,AIS,12.0,13.0,3.0,2.0
26/11/2024 23:12:49,Class A,211299300,54.63191,8.382063,Under way using engine,,0.0,185.9,,Unknown,DCHL,EILUN,Passenger,,5.0,25.0,GPS,1.0,AMRUM,,AIS,12.0,13.0,3.0,2.0
26/11/2024 23:13:10,Class A,211299300,54.631937,8.382072,Under way using engine,,0.0,185.9,,Unknown,DCHL,EILUN,Passenger,,5.0,25.0,GPS,1.0,AMRUM,,AIS,12.0,13.0,3.0,2.0
26/11/2024 23:13:30,Class A,211299300,54.631915,8.382085,Under way using engine,,0.0,185.9,,Unknown,DCHL,EILUN,Passenger,,5.0,25.0,GPS,1.0,AMRUM,,AIS,12.0,13.0,3.0,2.0
26/11/2024 23:13:49,Class A,211299300,54.631935,8.382067,Under way using engine,,0.0,185.9,,Unknown,DCHL,EILUN,Passenger,,5.0,25.0,GPS,1.0,AMRUM,,AIS,12.0,13.0,3.0,2.0
26/11/2024 23:14:30,Class A,211299300,54.631937,8.382052,Under way using engine,,0.0,185.9,,Unknown,DCHL,EILUN,Passenger,,5.0,25.0,GPS,1.0,AMRUM,,AIS,12.0,13.0,3.0,2.0
26/11/2024 23:14:49,Class A,211299300,54.631972,8.382057,Under way using engine,,0.0,185.9,,Unknown,DCHL,EILUN,Passenger,,5.0,25.0,GPS,1.0,AMRUM,,AIS,12.0,13.0,3.0,2.0
26/11/2024 23:15:10,Class A,211299300,54.631962,8.382038,Under way using engine,,0.0,185.9,,Unknown,DCHL,EILUN,Passenger,,5.0,25.0,GPS,1.0,AMRUM,,AIS,12.0,13.0,3.0,2.0
26/11/2024 23:15:30,Class A,211299300,54.631963,8.382033,Under way using engine,,0.0,185.9,,Unknown,DCHL,EILUN,Passenger,,5.0,25.0,GPS,1.0,AMRUM,,AIS,12.0,13.0,3.0,2.0
26/11/2024 23:15:41,Class A,211299300,54.631967,8.382033,Under way using engine,,0.0,185.9,,Unknown,DCHL,EILUN,Passenger,,5.0,25.0,GPS,1.0,AMRUM,,AIS,12.0,13.0,3.0,2.0
26/11/2024 23:15:49,Class A,211299300,54.63197,8.382033,Under way using engine,,0.0,185.9,,Unknown,DCHL,EILUN,Passenger,,5.0,25.0,GPS,1.0,AMRUM,,AIS,12.0,13.0,3.0,2.0
26/11/2024 23:16:10,Class A,211299300,54.631978,8.381998,Under way using engine,,0.0,185.9,,Unknown,DCHL,EILUN,Passenger,,5.0,25.0,GPS,1.0,AMRUM,,AIS,12.0,13.0,3.0,2.0
26/11/2024 23:16:49,Class A,211299300,54.632012,8.381978,Under way using engine,,0.0,185.9,,Unknown,DCHL,EILUN,Passenger,,5.0,25.0,GPS,1.0,AMRUM,,AIS,12.0,13.0,3.0,2.0
26/11/2024 23:17:00,Class A,211299300,54.632012,8.38197,Under way using engine,,0.0,185.9,,Unknown,DCHL,EILUN,Passenger,,5.0,25.0,GPS,1.0,AMRUM,,AIS,12.0,13.0,3.0,2.0
26/11/2024 23:17:10,Class A,211299300,54.632012,8.381967,Under way using engine,,0.0,185.9,,Unknown,DCHL,EILUN,Passenger,,5.0,25.0,GPS,1.0,AMRUM,,AIS,12.0,13.0,3.0,2.0
26/11/2024 23:17:30,Class A,211299300,54.632013,8.381967,Under way using engine,,0.0,185.9,,Unknown,DCHL,EILUN,Passenger,,5.0,25.0,GPS,1.0,AMRUM,,AIS,12.0,13.0,3.0,2.0
26/11/2024 23:17:49,Class A,211299300,54.632012,8.381975,Under way using engine,,0.0,185.9,,Unknown,DCHL,EILUN,Passenger,,5.0,25.0,GPS,1.0,AMRUM,,AIS,12.0,13.0,3.0,2.0
26/11/2024 23:18:00,Class A,211299300,54.632008,8.381978,Under way using engine,,0.0,185.9,,Unknown,DCHL,EILUN,Passenger,,5.0,25.0,GPS,1.0,AMRUM,,AIS,12.0,13.0,3.0,2.0
26/11/2024 23:18:10,Class A,211299300,54.632008,8.381985,Under way using engine,,0.0,185.9,,Unknown,DCHL,EILUN,Passenger,,5.0,25.0,GPS,1.0,AMRUM,,AIS,12.0,13.0,3.0,2.0
26/11/2024 23:18:19,Class A,211299300,54.632013,8.381992,Under way using engine,,0.0,185.9,,Unknown,DCHL,EILUN,Passenger,,5.0,25.0,GPS,1.0,AMRUM,,AIS,12.0,13.0,3.0,2.0
26/11/2024 23:18:30,Class A,211299300,54.632018,8.381997,Under way using engine,,0.0,185.9,,Unknown,DCHL,EILUN,Passenger,,5.0,25.0,GPS,1.0,AMRUM,,AIS,12.0,13.0,3.0,2.0
26/11/2024 23:18:49,Class A,211299300,54.63202,8.381993,Under way using engine,,0.0,185.9,,Unknown,DCHL,EILUN,Passenger,,5.0,25.0,GPS,1.0,AMRUM,,AIS,12.0,13.0,3.0,2.0
26/11/2024 23:19:30,Class A,211299300,54.632045,8.381925,Under way using engine,,0.0,185.9,,Unknown,DCHL,EILUN,Passenger,,5.0,25.0,GPS,1.0,AMRUM,,AIS,12.0,13.0,3.0,2.0
26/11/2024 23:19:36,Class A,211299300,54.632045,8.381925,Under way using engine,,0.0,185.9,,Unknown,DCHL,EILUN,Passenger,,5.0,25.0,GPS,1.0,AMRUM,,AIS,12.0,13.0,3.0,2.0
26/11/2024 23:19:49,Class A,211299300,54.632053,8.381913,Under way using engine,,0.0,185.9,,Unknown,DCHL,EILUN,Passenger,,5.0,25.0,GPS,1.0,AMRUM,,AIS,12.0,13.0,3.0,2.0
26/11/2024 23:20:49,Class A,211299300,54.632037,8.381967,Under way using engine,,0.0,185.9,,Unknown,DCHL,EILUN,Passenger,,5.0,25.0,GPS,1.0,AMRUM,,AIS,12.0,13.0,3.0,2.0
26/11/2024 23:21:00,Class A,211299300,54.632035,8.381967,Under way using engine,,0.0,185.9,,Unknown,DCHL,EILUN,Passenger,,5.0,25.0,GPS,1.0,AMRUM,,AIS,12.0,13.0,3.0,2.0
26/11/2024 23:21:19,Class A,211299300,54.632027,8.381965,Under way using engine,,0.0,185.9,,Unknown,DCHL,EILUN,Passenger,,5.0,25.0,GPS,1.0,AMRUM,,AIS,12.0,13.0,3.0,2.0
26/11/2024 23:21:41,Class A,211299300,54.632023,8.381958,Under way using engine,,0.0,185.9,,Unknown,DCHL,EILUN,Passenger,,5.0,25.0,GPS,1.0,AMRUM,,AIS,12.0,13.0,3.0,2.0
26/11/2024 23:21:49,Class A,211299300,54.63203,8.381963,Under way using engine,,0.0,185.9,,Unknown,DCHL,EILUN,Passenger,,5.0,25.0,GPS,1.0,AMRUM,,AIS,12.0,13.0,3.0,2.0
26/11/2024 23:22:30,Class A,211299300,54.632018,8.381963,Under way using engine,,0.0,185.9,,Unknown,DCHL,EILUN,Passenger,,5.0,25.0,GPS,1.0,AMRUM,,AIS,12.0,13.0,3.0,2.0
26/11/2024 23:22:41,Class A,211299300,54.632015,8.381972,Under way using engine,,0.0,185.9,,Unknown,DCHL,EILUN,Passenger,,5.0,25.0,GPS,1.0,AMRUM,,AIS,12.0,13.0,3.0,2.0
26/11/2024 23:23:00,Class A,211299300,54.632007,8.381988,Under way using engine,,0.0,185.9,,Unknown,DCHL,EILUN,Passenger,,5.0,25.0,GPS,1.0,AMRUM,,AIS,12.0,13.0,3.0,2.0
26/11/2024 23:23:41,Class A,211299300,54.632008,8.381977,Under way using engine,,0.0,185.9,,Unknown,DCHL,EILUN,Passenger,,5.0,25.0,GPS,1.0,AMRUM,,AIS,12.0,13.0,3.0,2.0
26/11/2024 23:24:00,Class A,211299300,54.632007,8.38198,Under way using engine,,0.0,185.9,,Unknown,DCHL,EILUN,Passenger,,5.0,25.0,GPS,1.0,AMRUM,,AIS,12.0,13.0,3.0,2.0
26/11/2024 23:24:09,Class A,211299300,54.632,8.38199,Under way using engine,,0.0,185.9,,Unknown,DCHL,EILUN,Passenger,,5.0,25.0,GPS,1.0,AMRUM,,AIS,12.0,13.0,3.0,2.0
26/11/2024 23:24:19,Class A,211299300,54.631992,8.382003,Under way using engine,,0.0,185.9,,Unknown,DCHL,EILUN,Passenger,,5.0,25.0,GPS,1.0,AMRUM,,AIS,12.0,13.0,3.0,2.0
26/11/2024 23:24:41,Class A,211299300,54.631985,8.382012,Under way using engine,,0.0,185.9,,Unknown,DCHL,EILUN,Passenger,,5.0,25.0,GPS,1.0,AMRUM,,AIS,12.0,13.0,3.0,2.0
26/11/2024 23:25:09,Class A,211299300,54.632015,8.38196,Under way using engine,,0.0,185.9,,Unknown,DCHL,EILUN,Passenger,,5.0,25.0,GPS,1.0,AMRUM,,AIS,12.0,13.0,3.0,2.0
26/11/2024 23:25:19,Class A,211299300,54.632018,8.381963,Under way using engine,,0.0,185.9,,Unknown,DCHL,EILUN,Passenger,,5.0,25.0,GPS,1.0,AMRUM,,AIS,12.0,13.0,3.0,2.0
26/11/2024 23:25:41,Class A,211299300,54.632012,8.381978,Under way using engine,,0.0,185.9,,Unknown,DCHL,EILUN,Passenger,,5.0,25.0,GPS,1.0,AMRUM,,AIS,12.0,13.0,3.0,2.0
26/11/2024 23:25:59,Class A,211299300,54.632,8.38199,Under way using engine,,0.0,185.9,,Unknown,DCHL,EILUN,Passenger,,5.0,25.0,GPS,1.0,AMRUM,,AIS,12.0,13.0,3.0,2.0
26/11/2024 23:26:09,Class A,211299300,54.632003,8.38199,Under way using engine,,0.0,185.9,,Unknown,DCHL,EILUN,Passenger,,5.0,25.0,GPS,1.0,AMRUM,,AIS,12.0,13.0,3.0,2.0
26/11/2024 23:26:19,Class A,211299300,54.632003,8.38199,Under way using engine,,0.0,185.9,,Unknown,DCHL,EILUN,Passenger,,5.0,25.0,GPS,1.0,AMRUM,,AIS,12.0,13.0,3.0,2.0
26/11/2024 23:26:39,Class A,211299300,54.63201,8.381968,Under way using engine,,0.0,185.9,,Unknown,DCHL,EILUN,Passenger,,5.0,25.0,GPS,1.0,AMRUM,,AIS,12.0,13.0,3.0,2.0
26/11/2024 23:26:50,Class A,211299300,54.632005,8.381967,Under way using engine,,0.0,185.9,,Unknown,DCHL,EILUN,Passenger,,5.0,25.0,GPS,1.0,AMRUM,,AIS,12.0,13.0,3.0,2.0
26/11/2024 23:26:59,Class A,211299300,54.632005,8.381965,Under way using engine,,0.0,185.9,,Unknown,DCHL,EILUN,Passenger,,5.0,25.0,GPS,1.0,AMRUM,,AIS,12.0,13.0,3.0,2.0
26/11/2024 23:27:09,Class A,211299300,54.632005,8.381973,Under way using engine,,0.0,185.9,,Unknown,DCHL,EILUN,Passenger,,5.0,25.0,GPS,1.0,AMRUM,,AIS,12.0,13.0,3.0,2.0
26/11/2024 23:27:50,Class A,211299300,54.631993,8.382003,Under way using engine,,0.0,185.9,,Unknown,DCHL,EILUN,Passenger,,5.0,25.0,GPS,1.0,AMRUM,,AIS,12.0,13.0,3.0,2.0
26/11/2024 23:28:09,Class A,211299300,54.631998,8.381997,Under way using engine,,0.0,185.9,,Unknown,DCHL,EILUN,Passenger,,5.0,25.0,GPS,1.0,AMRUM,,AIS,12.0,13.0,3.0,2.0
26/11/2024 23:29:09,Class A,211299300,54.632012,8.381973,Under way using engine,,0.0,185.9,,Unknown,DCHL,EILUN,Passenger,,5.0,25.0,GPS,1.0,AMRUM,,AIS,12.0,13.0,3.0,2.0
26/11/2024 23:29:29,Class A,211299300,54.632007,8.382008,Under way using engine,,0.0,185.9,,Unknown,DCHL,EILUN,Passenger,,5.0,25.0,GPS,1.0,AMRUM,,AIS,12.0,13.0,3.0,2.0
26/11/2024 23:29:39,Class A,211299300,54.632005,8.382027,Under way using engine,,0.0,185.9,,Unknown,DCHL,EILUN,Passenger,,5.0,25.0,GPS,1.0,AMRUM,,AIS,12.0,13.0,3.0,2.0
26/11/2024 23:30:29,Class A,211299300,54.631997,8.382027,Under way using engine,,0.0,185.9,,Unknown,DCHL,EILUN,Passenger,,5.0,25.0,GPS,1.0,AMRUM,,AIS,12.0,13.0,3.0,2.0
26/11/2024 23:30:39,Class A,211299300,54.631992,8.382027,Under way using engine,,0.0,185.9,,Unknown,DCHL,EILUN,Passenger,,5.0,25.0,GPS,1.0,AMRUM,,AIS,12.0,13.0,3.0,2.0
26/11/2024 23:31:00,Class A,211299300,54.631975,8.382003,Under way using engine,,0.0,185.9,,Unknown,DCHL,EILUN,Passenger,,5.0,25.0,GPS,1.0,AMRUM,,AIS,12.0,13.0,3.0,2.0
26/11/2024 23:31:10,Class A,211299300,54.631965,8.381997,Under way using engine,,0.0,185.9,,Unknown,DCHL,EILUN,Passenger,,5.0,25.0,GPS,1.0,AMRUM,,AIS,12.0,13.0,3.0,2.0
26/11/2024 23:31:20,Class A,211299300,54.63197,8.381988,Under way using engine,,0.0,185.9,,Unknown,DCHL,EILUN,Passenger,,5.0,25.0,GPS,1.0,AMRUM,,AIS,12.0,13.0,3.0,2.0
26/11/2024 23:31:29,Class A,211299300,54.631975,8.381985,Under way using engine,,0.0,185.9,,Unknown,DCHL,EILUN,Passenger,,5.0,25.0,GPS,1.0,AMRUM,,AIS,12.0,13.0,3.0,2.0
26/11/2024 23:31:49,Class A,211299300,54.631982,8.381978,Under way using engine,,0.0,185.9,,Unknown,DCHL,EILUN,Passenger,,5.0,25.0,GPS,1.0,AMRUM,,AIS,12.0,13.0,3.0,2.0
26/11/2024 23:33:10,Class A,211299300,54.631967,8.38196,Under way using engine,,0.0,185.9,,Unknown,DCHL,EILUN,Passenger,,5.0,25.0,GPS,1.0,AMRUM,,AIS,12.0,13.0,3.0,2.0
26/11/2024 23:33:20,Class A,211299300,54.631983,8.381967,Under way using engine,,0.0,185.9,,Unknown,DCHL,EILUN,Passenger,,5.0,25.0,GPS,1.0,AMRUM,,AIS,12.0,13.0,3.0,2.0
26/11/2024 23:33:29,Class A,211299300,54.631985,8.381958,Under way using engine,,0.0,185.9,,Unknown,DCHL,EILUN,Passenger,,5.0,25.0,GPS,1.0,AMRUM,,AIS,12.0,13.0,3.0,2.0
26/11/2024 23:33:39,Class A,211299300,54.632005,8.381947,Under way using engine,,0.0,185.9,,Unknown,DCHL,EILUN,Passenger,,5.0,25.0,GPS,1.0,AMRUM,,AIS,12.0,13.0,3.0,2.0
26/11/2024 23:34:10,Class A,211299300,54.632023,8.381937,Under way using engine,,0.0,185.9,,Unknown,DCHL,EILUN,Passenger,,5.0,25.0,GPS,1.0,AMRUM,,AIS,12.0,13.0,3.0,2.0
26/11/2024 23:35:10,Class A,211299300,54.632002,8.381967,Under way using engine,,0.0,185.9,,Unknown,DCHL,EILUN,Passenger,,5.0,25.0,GPS,1.0,AMRUM,,AIS,12.0,13.0,3.0,2.0
26/11/2024 23:35:20,Class A,211299300,54.632012,8.381968,Under way using engine,,0.0,185.9,,Unknown,DCHL,EILUN,Passenger,,5.0,25.0,GPS,1.0,AMRUM,,AIS,12.0,13.0,3.0,2.0
26/11/2024 23:35:30,Class A,211299300,54.632023,8.381962,Under way using engine,,0.0,185.9,,Unknown,DCHL,EILUN,Passenger,,5.0,25.0,GPS,1.0,AMRUM,,AIS,12.0,13.0,3.0,2.0
26/11/2024 23:35:50,Class A,211299300,54.632035,8.381967,Under way using engine,,0.0,185.9,,Unknown,DCHL,EILUN,Passenger,,5.0,25.0,GPS,1.0,AMRUM,,AIS,12.0,13.0,3.0,2.0
26/11/2024 23:36:09,Class A,211299300,54.632038,8.38197,Under way using engine,,0.0,185.9,,Unknown,DCHL,EILUN,Passenger,,5.0,25.0,GPS,1.0,AMRUM,,AIS,12.0,13.0,3.0,2.0
26/11/2024 23:36:30,Class A,211299300,54.631983,8.381942,Under way using engine,,0.0,185.9,,Unknown,DCHL,EILUN,Passenger,,5.0,25.0,GPS,1.0,AMRUM,,AIS,12.0,13.0,3.0,2.0
26/11/2024 23:36:50,Class A,211299300,54.631997,8.381955,Under way using engine,,0.0,185.9,,Unknown,DCHL,EILUN,Passenger,,5.0,25.0,GPS,1.0,AMRUM,,AIS,12.0,13.0,3.0,2.0
26/11/2024 23:37:09,Class A,211299300,54.632018,8.381985,Under way using engine,,0.0,185.9,,Unknown,DCHL,EILUN,Passenger,,5.0,25.0,GPS,1.0,AMRUM,,AIS,12.0,13.0,3.0,2.0
26/11/2024 23:37:30,Class A,211299300,54.63204,8.381937,Under way using engine,,0.0,185.9,,Unknown,DCHL,EILUN,Passenger,,5.0,25.0,GPS,1.0,AMRUM,,AIS,12.0,13.0,3.0,2.0
26/11/2024 23:38:09,Class A,211299300,54.632022,8.38197,Under way using engine,,0.0,185.9,,Unknown,DCHL,EILUN,Passenger,,5.0,25.0,GPS,1.0,AMRUM,,AIS,12.0,13.0,3.0,2.0
26/11/2024 23:38:20,Class A,211299300,54.632018,8.381965,Under way using engine,,0.0,185.9,,Unknown,DCHL,EILUN,Passenger,,5.0,25.0,GPS,1.0,AMRUM,,AIS,12.0,13.0,3.0,2.0
26/11/2024 23:38:30,Class A,211299300,54.632022,8.381967,Under way using engine,,0.0,185.9,,Unknown,DCHL,EILUN,Passenger,,5.0,25.0,GPS,1.0,AMRUM,,AIS,12.0,13.0,3.0,2.0
26/11/2024 23:38:39,Class A,211299300,54.632035,8.381978,Under way using engine,,0.0,185.9,,Unknown,DCHL,EILUN,Passenger,,5.0,25.0,GPS,1.0,AMRUM,,AIS,12.0,13.0,3.0,2.0
26/11/2024 23:38:49,Class A,211299300,54.632048,8.381997,Under way using engine,,0.0,185.9,,Unknown,DCHL,EILUN,Passenger,,5.0,25.0,GPS,1.0,AMRUM,,AIS,12.0,13.0,3.0,2.0
26/11/2024 23:39:09,Class A,211299300,54.632083,8.381872,Under way using engine,,0.0,185.9,,Unknown,DCHL,EILUN,Passenger,,5.0,25.0,GPS,1.0,AMRUM,,AIS,12.0,13.0,3.0,2.0
26/11/2024 23:39:30,Class A,211299300,54.63208,8.381868,Under way using engine,,0.0,185.9,,Unknown,DCHL,EILUN,Passenger,,5.0,25.0,GPS,1.0,AMRUM,,AIS,12.0,13.0,3.0,2.0
26/11/2024 23:39:49,Class A,211299300,54.632053,8.381888,Under way using engine,,0.0,185.9,,Unknown,DCHL,EILUN,Passenger,,5.0,25.0,GPS,1.0,AMRUM,,AIS,12.0,13.0,3.0,2.0
26/11/2024 23:40:09,Class A,211299300,54.631958,8.381933,Under way using engine,,0.0,185.9,,Unknown,DCHL,EILUN,Passenger,,5.0,25.0,GPS,1.0,AMRUM,,AIS,12.0,13.0,3.0,2.0
26/11/2024 23:40:30,Class A,211299300,54.631982,8.381938,Under way using engine,,0.0,185.9,,Unknown,DCHL,EILUN,Passenger,,5.0,25.0,GPS,1.0,AMRUM,,AIS,12.0,13.0,3.0,2.0
26/11/2024 23:40:49,Class A,211299300,54.632012,8.381953,Under way using engine,,0.0,185.9,,Unknown,DCHL,EILUN,Passenger,,5.0,25.0,GPS,1.0,AMRUM,,AIS,12.0,13.0,3.0,2.0
26/11/2024 23:41:09,Class A,211299300,54.632018,8.381947,Under way using engine,,0.0,185.9,,Unknown,DCHL,EILUN,Passenger,,5.0,25.0,GPS,1.0,AMRUM,,AIS,12.0,13.0,3.0,2.0
26/11/2024 23:41:30,Class A,211299300,54.63202,8.381958,Under way using engine,,0.0,185.9,,Unknown,DCHL,EILUN,Passenger,,5.0,25.0,GPS,1.0,AMRUM,,AIS,12.0,13.0,3.0,2.0
26/11/2024 23:42:10,Class A,211299300,54.632048,8.381925,Under way using engine,,0.0,185.9,,Unknown,DCHL,EILUN,Passenger,,5.0,25.0,GPS,1.0,AMRUM,,AIS,12.0,13.0,3.0,2.0
26/11/2024 23:42:30,Class A,211299300,54.63204,8.381925,Under way using engine,,0.0,185.9,,Unknown,DCHL,EILUN,Passenger,,5.0,25.0,GPS,1.0,AMRUM,,AIS,12.0,13.0,3.0,2.0
26/11/2024 23:43:49,Class A,211299300,54.632042,8.381945,Under way using engine,,0.0,185.9,,Unknown,DCHL,EILUN,Passenger,,5.0,25.0,GPS,1.0,AMRUM,,AIS,12.0,13.0,3.0,2.0
26/11/2024 23:44:29,Class A,211299300,54.632028,8.381973,Under way using engine,,0.0,185.9,,Unknown,DCHL,EILUN,Passenger,,5.0,25.0,GPS,1.0,AMRUM,,AIS,12.0,13.0,3.0,2.0
26/11/2024 23:44:49,Class A,211299300,54.632035,8.381978,Under way using engine,,0.0,185.9,,Unknown,DCHL,EILUN,Passenger,,5.0,25.0,GPS,1.0,AMRUM,,AIS,12.0,13.0,3.0,2.0
26/11/2024 23:45:10,Class A,211299300,54.632033,8.381993,Under way using engine,,0.0,185.9,,Unknown,DCHL,EILUN,Passenger,,5.0,25.0,GPS,1.0,AMRUM,,AIS,12.0,13.0,3.0,2.0
26/11/2024 23:46:49,Class A,211299300,54.632035,8.381985,Under way using engine,,0.0,185.9,,Unknown,DCHL,EILUN,Passenger,,5.0,25.0,GPS,1.0,AMRUM,,AIS,12.0,13.0,3.0,2.0
26/11/2024 23:47:10,Class A,211299300,54.632028,8.38194,Under way using engine,,0.0,185.9,,Unknown,DCHL,EILUN,Passenger,,5.0,25.0,GPS,1.0,AMRUM,,AIS,12.0,13.0,3.0,2.0
26/11/2024 23:47:29,Class A,211299300,54.632035,8.381922,Under way using engine,,0.0,185.9,,Unknown,DCHL,EILUN,Passenger,,5.0,25.0,GPS,1.0,AMRUM,,AIS,12.0,13.0,3.0,2.0
26/11/2024 23:47:49,Class A,211299300,54.63203,8.38193,Under way using engine,,0.0,185.9,,Unknown,DCHL,EILUN,Passenger,,5.0,25.0,GPS,1.0,AMRUM,,AIS,12.0,13.0,3.0,2.0
26/11/2024 23:48:09,Class A,211299300,54.632035,8.38192,Under way using engine,,0.0,185.9,,Unknown,DCHL,EILUN,Passenger,,5.0,25.0,GPS,1.0,AMRUM,,AIS,12.0,13.0,3.0,2.0
26/11/2024 23:48:30,Class A,211299300,54.631988,8.381937,Under way using engine,,0.0,185.9,,Unknown,DCHL,EILUN,Passenger,,5.0,25.0,GPS,1.0,AMRUM,,AIS,12.0,13.0,3.0,2.0
26/11/2024 23:48:49,Class A,211299300,54.631963,8.381942,Under way using engine,,0.0,185.9,,Unknown,DCHL,EILUN,Passenger,,5.0,25.0,GPS,1.0,AMRUM,,AIS,12.0,13.0,3.0,2.0
26/11/2024 23:49:09,Class A,211299300,54.632018,8.381898,Under way using engine,,0.0,185.9,,Unknown,DCHL,EILUN,Passenger,,5.0,25.0,GPS,1.0,AMRUM,,AIS,12.0,13.0,3.0,2.0
26/11/2024 23:49:30,Class A,211299300,54.632023,8.381902,Under way using engine,,0.0,185.9,,Unknown,DCHL,EILUN,Passenger,,5.0,25.0,GPS,1.0,AMRUM,,AIS,12.0,13.0,3.0,2.0
26/11/2024 23:49:49,Class A,211299300,54.63203,8.381918,Under way using engine,,0.0,185.9,,Unknown,DCHL,EILUN,Passenger,,5.0,25.0,GPS,1.0,AMRUM,,AIS,12.0,13.0,3.0,2.0
26/11/2024 23:50:49,Class A,211299300,54.632002,8.382003,Under way using engine,,0.0,185.9,,Unknown,DCHL,EILUN,Passenger,,5.0,25.0,GPS,1.0,AMRUM,,AIS,12.0,13.0,3.0,2.0
26/11/2024 23:51:09,Class A,211299300,54.631988,8.382015,Under way using engine,,0.0,185.9,,Unknown,DCHL,EILUN,Passenger,,5.0,25.0,GPS,1.0,AMRUM,,AIS,12.0,13.0,3.0,2.0
26/11/2024 23:51:30,Class A,211299300,54.631982,8.382007,Under way using engine,,0.0,185.9,,Unknown,DCHL,EILUN,Passenger,,5.0,25.0,GPS,1.0,AMRUM,,AIS,12.0,13.0,3.0,2.0
26/11/2024 23:52:09,Class A,211299300,54.631993,8.382015,Under way using engine,,0.0,185.9,,Unknown,DCHL,EILUN,Passenger,,5.0,25.0,GPS,1.0,AMRUM,,AIS,12.0,13.0,3.0,2.0
26/11/2024 23:52:30,Class A,211299300,54.632005,8.381997,Under way using engine,,0.0,185.9,,Unknown,DCHL,EILUN,Passenger,,5.0,25.0,GPS,1.0,AMRUM,,AIS,12.0,13.0,3.0,2.0
26/11/2024 23:53:09,Class A,211299300,54.632008,8.38199,Under way using engine,,0.0,185.9,,Unknown,DCHL,EILUN,Passenger,,5.0,25.0,GPS,1.0,AMRUM,,AIS,12.0,13.0,3.0,2.0
26/11/2024 23:53:49,Class A,211299300,54.631995,8.38199,Under way using engine,,0.0,185.9,,Unknown,DCHL,EILUN,Passenger,,5.0,25.0,GPS,1.0,AMRUM,,AIS,12.0,13.0,3.0,2.0
26/11/2024 23:55:10,Class A,211299300,54.63202,8.381973,Under way using engine,,0.0,185.9,,Unknown,DCHL,EILUN,Passenger,,5.0,25.0,GPS,1.0,AMRUM,,AIS,12.0,13.0,3.0,2.0
26/11/2024 23:55:29,Class A,211299300,54.632022,8.381985,Under way using engine,,0.0,185.9,,Unknown,DCHL,EILUN,Passenger,,5.0,25.0,GPS,1.0,AMRUM,,AIS,12.0,13.0,3.0,2.0
26/11/2024 23:56:49,Class A,211299300,54.631992,8.382012,Under way using engine,,0.0,185.9,,Unknown,DCHL,EILUN,Passenger,,5.0,25.0,GPS,1.0,AMRUM,,AIS,12.0,13.0,3.0,2.0
