Timestamp,Type of mobile,MMSI,Latitude,Longitude,Navigational status,ROT,SOG,COG,Heading,IMO,Callsign,Name,Ship type,Cargo type,Width,Length,Type of position fixing device,Draught,Destination,ETA,Data source type,A,B,C,D,Time_Group
2024-11-29 13:30:13,Class A,232008874,55.636717,7.679147,Restricted maneuverability,0.0,0.2,151.0,214.0,9773595,MBFZ5,BIBBY WAVEMASTER 1,Other,,20.0,90.0,Undefined,5.7,HORNS REV 3,23/11/2024 20:00:00,AIS,45.0,45.0,9.0,11.0,75.0
2024-11-29 13:30:13,Class A,232008874,55.636717,7.679147,Restricted maneuverability,0.0,0.2,151.0,214.0,9773595,MBFZ5,BIBBY WAVEMASTER 1,Other,,20.0,90.0,Undefined,5.7,HORNS REV 3,23/11/2024 20:00:00,AIS,45.0,45.0,9.0,11.0,75.0
2024-11-29 13:30:13,Class A,232008874,55.636717,7.679147,Restricted maneuverability,0.0,0.2,151.0,214.0,9773595,MBFZ5,BIBBY WAVEMASTER 1,Other,,20.0,90.0,Undefined,5.7,HORNS REV 3,23/11/2024 20:00:00,AIS,45.0,45.0,9.0,11.0,75.0
2024-11-29 13:30:13,Class A,232008874,55.636717,7.679147,Restricted maneuverability,0.0,0.2,151.0,214.0,9773595,MBFZ5,BIBBY WAVEMASTER 1,Other,,20.0,90.0,Undefined,5.7,HORNS REV 3,23/11/2024 20:00:00,AIS,45.0,45.0,9.0,11.0,75.0
2024-11-29 13:30:23,Class A,232008874,55.63673,7.679147,Restricted maneuverability,0.0,0.2,142.0,213.0,9773595,MBFZ5,BIBBY WAVEMASTER 1,Other,,20.0,90.0,Undefined,5.7,HORNS REV 3,23/11/2024 20:00:00,AIS,45.0,45.0,9.0,11.0,75.0
2024-11-29 13:30:23,Class A,232008874,55.63673,7.679147,Restricted maneuverability,0.0,0.2,142.0,213.0,9773595,MBFZ5,BIBBY WAVEMASTER 1,Other,,20.0,90.0,Undefined,5.7,HORNS REV 3,23/11/2024 20:00:00,AIS,45.0,45.0,9.0,11.0,75.0
2024-11-29 13:30:33,Class A,232008874,55.636752,7.679137,Restricted maneuverability,0.0,0.1,128.1,213.0,9773595,MBFZ5,BIBBY WAVEMASTER 1,Other,,20.0,90.0,Undefined,5.7,HORNS REV 3,23/11/2024 20:00:00,AIS,45.0,45.0,9.0,11.0,75.0
2024-11-29 13:30:33,Class A,232008874,55.636752,7.679137,Restricted maneuverability,0.0,0.1,128.1,213.0,9773595,MBFZ5,BIBBY WAVEMASTER 1,Other,,20.0,90.0,Undefined,5.7,HORNS REV 3,23/11/2024 20:00:00,AIS,45.0,45.0,9.0,11.0,75.0
2024-11-29 13:30:43,Class A,232008874,55.636757,7.679125,Restricted maneuverability,0.0,0.3,277.1,213.0,9773595,MBFZ5,BIBBY WAVEMASTER 1,Other,,20.0,90.0,Undefined,5.7,HORNS REV 3,23/11/2024 20:00:00,AIS,45.0,45.0,9.0,11.0,75.0
2024-11-29 13:30:43,Class A,232008874,55.636757,7.679125,Restricted maneuverability,0.0,0.3,277.1,213.0,9773595,MBFZ5,BIBBY WAVEMASTER 1,Other,,20.0,90.0,Undefined,5.7,HORNS REV 3,23/11/2024 20:00:00,AIS,45.0,45.0,9.0,11.0,75.0
2024-11-29 13:30:53,Class A,232008874,55.636748,7.679132,Restricted maneuverability,0.0,0.1,304.9,213.0,9773595,MBFZ5,BIBBY WAVEMASTER 1,Other,,20.0,90.0,Undefined,5.7,HORNS REV 3,23/11/2024 20:00:00,AIS,45.0,45.0,9.0,11.0,75.0
2024-11-29 13:30:53,Class A,232008874,55.636748,7.679132,Restricted maneuverability,0.0,0.1,304.9,213.0,9773595,MBFZ5,BIBBY WAVEMASTER 1,Other,,20.0,90.0,Undefined,5.7,HORNS REV 3,23/11/2024 20:00:00,AIS,45.0,45.0,9.0,11.0,75.0
2024-11-29 13:31:01,Class A,232008874,55.636732,7.679138,Restricted maneuverability,0.0,0.2,312.3,214.0,9773595,MBFZ5,BIBBY WAVEMASTER 1,Other,,20.0,90.0,Undefined,5.7,HORNS REV 3,23/11/2024 20:00:00,AIS,45.0,45.0,9.0,11.0,75.0
2024-11-29 13:31:13,Class A,232008874,55.63672,7.679147,Restricted maneuverability,0.0,0.2,113.8,214.0,9773595,MBFZ5,BIBBY WAVEMASTER 1,Other,,20.0,90.0,Undefined,5.7,HORNS REV 3,23/11/2024 20:00:00,AIS,45.0,45.0,9.0,11.0,75.0
2024-11-29 13:31:13,Class A,232008874,55.63672,7.679147,Restricted maneuverability,0.0,0.2,113.8,214.0,9773595,MBFZ5,BIBBY WAVEMASTER 1,Other,,20.0,90.0,Undefined,5.7,HORNS REV 3,23/11/2024 20:00:00,AIS,45.0,45.0,9.0,11.0,75.0
2024-11-29 13:31:33,Class A,232008874,55.636722,7.679142,Restricted maneuverability,,0.3,335.0,214.0,9773595,MBFZ5,BIBBY WAVEMASTER 1,Other,,20.0,90.0,Undefined,5.7,HORNS REV 3,23/11/2024 20:00:00,AIS,45.0,45.0,9.0,11.0,75.0
2024-11-29 13:31:33,Class A,232008874,55.636722,7.679142,Restricted maneuverability,,0.3,335.0,214.0,9773595,MBFZ5,BIBBY WAVEMASTER 1,Other,,20.0,90.0,Undefined,5.7,HORNS REV 3,23/11/2024 20:00:00,AIS,45.0,45.0,9.0,11.0,75.0
2024-11-29 13:31:42,Class A,232008874,55.636722,7.679138,Restricted maneuverability,0.0,0.2,307.4,214.0,9773595,MBFZ5,BIBBY WAVEMASTER 1,Other,,20.0,90.0,Undefined,5.7,HORNS REV 3,23/11/2024 20:00:00,AIS,45.0,45.0,9.0,11.0,75.0
2024-11-29 13:31:53,Class A,232008874,55.636722,7.67914,Restricted maneuverability,0.0,0.1,135.9,214.0,9773595,MBFZ5,BIBBY WAVEMASTER 1,Other,,20.0,90.0,Undefined,5.7,HORNS REV 3,23/11/2024 20:00:00,AIS,45.0,45.0,9.0,11.0,75.0
2024-11-29 13:31:53,Class A,232008874,55.636722,7.67914,Restricted maneuverability,0.0,0.1,135.9,214.0,9773595,MBFZ5,BIBBY WAVEMASTER 1,Other,,20.0,90.0,Undefined,5.7,HORNS REV 3,23/11/2024 20:00:00,AIS,45.0,45.0,9.0,11.0,75.0
2024-11-29 13:32:01,Class A,232008874,55.636723,7.679135,Restricted maneuverability,0.0,0.2,270.5,214.0,9773595,MBFZ5,BIBBY WAVEMASTER 1,Other,,20.0,90.0,Undefined,5.7,HORNS REV 3,23/11/2024 20:00:00,AIS,45.0,45.0,9.0,11.0,75.0
2024-11-29 13:32:13,Class A,232008874,55.636722,7.679147,Restricted maneuverability,0.0,0.2,135.7,214.0,9773595,MBFZ5,BIBBY WAVEMASTER 1,Other,,20.0,90.0,Undefined,5.7,HORNS REV 3,23/11/2024 20:00:00,AIS,45.0,45.0,9.0,11.0,75.0
2024-11-29 13:32:13,Class A,232008874,55.636722,7.679147,Restricted maneuverability,0.0,0.2,135.7,214.0,9773595,MBFZ5,BIBBY WAVEMASTER 1,Other,,20.0,90.0,Undefined,5.7,HORNS REV 3,23/11/2024 20:00:00,AIS,45.0,45.0,9.0,11.0,75.0
2024-11-29 13:32:23,Class A,232008874,55.636725,7.679143,Restricted maneuverability,0.0,0.1,347.1,214.0,9773595,MBFZ5,BIBBY WAVEMASTER 1,Other,,20.0,90.0,Undefined,5.7,HORNS REV 3,23/11/2024 20:00:00,AIS,45.0,45.0,9.0,11.0,75.0
2024-11-29 13:32:23,Class A,232008874,55.636725,7.679143,Restricted maneuverability,0.0,0.1,347.1,214.0,9773595,MBFZ5,BIBBY WAVEMASTER 1,Other,,20.0,90.0,Undefined,5.7,HORNS REV 3,23/11/2024 20:00:00,AIS,45.0,45.0,9.0,11.0,75.0
2024-11-29 13:32:33,Class A,232008874,55.63672,7.679113,Restricted maneuverability,0.0,0.3,341.1,214.0,9773595,MBFZ5,BIBBY WAVEMASTER 1,Other,,20.0,90.0,Undefined,5.7,HORNS REV 3,23/11/2024 20:00:00,AIS,45.0,45.0,9.0,11.0,75.0
2024-11-29 13:32:33,Class A,232008874,55.63672,7.679113,Restricted maneuverability,0.0,0.3,341.1,214.0,9773595,MBFZ5,BIBBY WAVEMASTER 1,Other,,20.0,90.0,Undefined,5.7,HORNS REV 3,23/11/2024 20:00:00,AIS,45.0,45.0,9.0,11.0,75.0
2024-11-29 13:32:42,Class A,232008874,55.636705,7.679113,Restricted maneuverability,0.0,0.2,122.9,215.0,9773595,MBFZ5,BIBBY WAVEMASTER 1,Other,,20.0,90.0,Undefined,5.7,HORNS REV 3,23/11/2024 20:00:00,AIS,45.0,45.0,9.0,11.0,75.0
2024-11-29 13:32:42,Class A,232008874,55.636705,7.679113,Restricted maneuverability,0.0,0.2,122.9,215.0,9773595,MBFZ5,BIBBY WAVEMASTER 1,Other,,20.0,90.0,Undefined,5.7,HORNS REV 3,23/11/2024 20:00:00,AIS,45.0,45.0,9.0,11.0,75.0
2024-11-29 13:32:53,Class A,232008874,55.636708,7.679108,Restricted maneuverability,0.0,0.3,337.6,214.0,9773595,MBFZ5,BIBBY WAVEMASTER 1,Other,,20.0,90.0,Undefined,5.7,HORNS REV 3,23/11/2024 20:00:00,AIS,45.0,45.0,9.0,11.0,75.0
2024-11-29 13:32:53,Class A,232008874,55.636708,7.679108,Restricted maneuverability,0.0,0.3,337.6,214.0,9773595,MBFZ5,BIBBY WAVEMASTER 1,Other,,20.0,90.0,Undefined,5.7,HORNS REV 3,23/11/2024 20:00:00,AIS,45.0,45.0,9.0,11.0,75.0
2024-11-29 13:33:03,Class A,232008874,55.636705,7.679125,Restricted maneuverability,0.0,0.2,115.9,214.0,9773595,MBFZ5,BIBBY WAVEMASTER 1,Other,,20.0,90.0,Undefined,5.7,HORNS REV 3,23/11/2024 20:00:00,AIS,45.0,45.0,9.0,11.0,75.0
2024-11-29 13:33:03,Class A,232008874,55.636705,7.679125,Restricted maneuverability,0.0,0.2,115.9,214.0,9773595,MBFZ5,BIBBY WAVEMASTER 1,Other,,20.0,90.0,Undefined,5.7,HORNS REV 3,23/11/2024 20:00:00,AIS,45.0,45.0,9.0,11.0,75.0
2024-11-29 13:33:13,Class A,232008874,55.63671,7.679153,Restricted maneuverability,0.0,0.1,152.1,214.0,9773595,MBFZ5,BIBBY WAVEMASTER 1,Other,,20.0,90.0,Undefined,5.7,HORNS REV 3,23/11/2024 20:00:00,AIS,45.0,45.0,9.0,11.0,75.0
2024-11-29 13:33:13,Class A,232008874,55.63671,7.679153,Restricted maneuverability,0.0,0.1,152.1,214.0,9773595,MBFZ5,BIBBY WAVEMASTER 1,Other,,20.0,90.0,Undefined,5.7,HORNS REV 3,23/11/2024 20:00:00,AIS,45.0,45.0,9.0,11.0,75.0
2024-11-29 13:33:23,Class A,232008874,55.63672,7.679147,Restricted maneuverability,0.0,0.6,309.8,213.0,9773595,MBFZ5,BIBBY WAVEMASTER 1,Other,,20.0,90.0,Undefined,5.7,HORNS REV 3,23/11/2024 20:00:00,AIS,45.0,45.0,9.0,11.0,75.0
2024-11-29 13:33:23,Class A,232008874,55.63672,7.679147,Restricted maneuverability,0.0,0.6,309.8,213.0,9773595,MBFZ5,BIBBY WAVEMASTER 1,Other,,20.0,90.0,Undefined,5.7,HORNS REV 3,23/11/2024 20:00:00,AIS,45.0,45.0,9.0,11.0,75.0
2024-11-29 13:33:33,Class A,232008874,55.636712,7.679172,Restricted maneuverability,0.0,0.2,308.8,213.0,9773595,MBFZ5,BIBBY WAVEMASTER 1,Other,,20.0,90.0,Undefined,5.7,HORNS REV 3,23/11/2024 20:00:00,AIS,45.0,45.0,9.0,11.0,75.0
2024-11-29 13:33:33,Class A,232008874,55.636712,7.679172,Restricted maneuverability,0.0,0.2,308.8,213.0,9773595,MBFZ5,BIBBY WAVEMASTER 1,Other,,20.0,90.0,Undefined,5.7,HORNS REV 3,23/11/2024 20:00:00,AIS,45.0,45.0,9.0,11.0,75.0
2024-11-29 13:33:42,Class A,232008874,55.636698,7.679207,Restricted maneuverability,0.0,0.2,286.5,213.0,9773595,MBFZ5,BIBBY WAVEMASTER 1,Other,,20.0,90.0,Undefined,5.7,HORNS REV 3,23/11/2024 20:00:00,AIS,45.0,45.0,9.0,11.0,75.0
2024-11-29 13:33:42,Class A,232008874,55.636698,7.679207,Restricted maneuverability,0.0,0.2,286.5,213.0,9773595,MBFZ5,BIBBY WAVEMASTER 1,Other,,20.0,90.0,Undefined,5.7,HORNS REV 3,23/11/2024 20:00:00,AIS,45.0,45.0,9.0,11.0,75.0
2024-11-29 13:33:53,Class A,232008874,55.636697,7.67918,Restricted maneuverability,0.0,0.2,139.8,213.0,9773595,MBFZ5,BIBBY WAVEMASTER 1,Other,,20.0,90.0,Undefined,5.7,HORNS REV 3,23/11/2024 20:00:00,AIS,45.0,45.0,9.0,11.0,75.0
2024-11-29 13:33:53,Class A,232008874,55.636697,7.67918,Restricted maneuverability,0.0,0.2,139.8,213.0,9773595,MBFZ5,BIBBY WAVEMASTER 1,Other,,20.0,90.0,Undefined,5.7,HORNS REV 3,23/11/2024 20:00:00,AIS,45.0,45.0,9.0,11.0,75.0
2024-11-29 13:34:03,Class A,232008874,55.636708,7.679143,Restricted maneuverability,0.0,0.2,141.0,213.0,9773595,MBFZ5,BIBBY WAVEMASTER 1,Other,,20.0,90.0,Undefined,5.7,HORNS REV 3,23/11/2024 20:00:00,AIS,45.0,45.0,9.0,11.0,75.0
2024-11-29 13:34:03,Class A,232008874,55.636708,7.679143,Restricted maneuverability,0.0,0.2,141.0,213.0,9773595,MBFZ5,BIBBY WAVEMASTER 1,Other,,20.0,90.0,Undefined,5.7,HORNS REV 3,23/11/2024 20:00:00,AIS,45.0,45.0,9.0,11.0,75.0
2024-11-29 13:34:12,Class A,232008874,55.636717,7.67914,Restricted maneuverability,0.0,0.1,136.1,213.0,9773595,MBFZ5,BIBBY WAVEMASTER 1,Other,,20.0,90.0,Undefined,5.7,HORNS REV 3,23/11/2024 20:00:00,AIS,45.0,45.0,9.0,11.0,75.0
2024-11-29 13:34:12,Class A,232008874,55.636717,7.67914,Restricted maneuverability,0.0,0.1,136.1,213.0,9773595,MBFZ5,BIBBY WAVEMASTER 1,Other,,20.0,90.0,Undefined,5.7,HORNS REV 3,23/11/2024 20:00:00,AIS,45.0,45.0,9.0,11.0,75.0
2024-11-29 13:34:23,Class A,232008874,55.636722,7.679092,Restricted maneuverability,0.0,0.4,317.9,214.0,9773595,MBFZ5,BIBBY WAVEMASTER 1,Other,,20.0,90.0,Undefined,5.7,HORNS REV 3,23/11/2024 20:00:00,AIS,45.0,45.0,9.0,11.0,75.0
2024-11-29 13:34:23,Class A,232008874,55.636722,7.679092,Restricted maneuverability,0.0,0.4,317.9,214.0,9773595,MBFZ5,BIBBY WAVEMASTER 1,Other,,20.0,90.0,Undefined,5.7,HORNS REV 3,23/11/2024 20:00:00,AIS,45.0,45.0,9.0,11.0,75.0
2024-11-29 13:34:33,Class A,232008874,55.63672,7.679125,Restricted maneuverability,0.0,0.5,296.2,214.0,9773595,MBFZ5,BIBBY WAVEMASTER 1,Other,,20.0,90.0,Undefined,5.7,HORNS REV 3,23/11/2024 20:00:00,AIS,45.0,45.0,9.0,11.0,75.0
2024-11-29 13:34:33,Class A,232008874,55.63672,7.679125,Restricted maneuverability,0.0,0.5,296.2,214.0,9773595,MBFZ5,BIBBY WAVEMASTER 1,Other,,20.0,90.0,Undefined,5.7,HORNS REV 3,23/11/2024 20:00:00,AIS,45.0,45.0,9.0,11.0,75.0
2024-11-29 13:34:42,Class A,232008874,55.636725,7.679135,Restricted maneuverability,0.0,0.4,310.8,214.0,9773595,MBFZ5,BIBBY WAVEMASTER 1,Other,,20.0,90.0,Undefined,5.7,HORNS REV 3,23/11/2024 20:00:00,AIS,45.0,45.0,9.0,11.0,75.0
2024-11-29 13:34:42,Class A,232008874,55.636725,7.679135,Restricted maneuverability,0.0,0.4,310.8,214.0,9773595,MBFZ5,BIBBY WAVEMASTER 1,Other,,20.0,90.0,Undefined,5.7,HORNS REV 3,23/11/2024 20:00:00,AIS,45.0,45.0,9.0,11.0,75.0
2024-11-29 13:34:52,Class A,232008874,55.636728,7.679132,Restricted maneuverability,0.0,0.1,292.2,214.0,9773595,MBFZ5,BIBBY WAVEMASTER 1,Other,,20.0,90.0,Undefined,5.7,HORNS REV 3,23/11/2024 20:00:00,AIS,45.0,45.0,9.0,11.0,75.0
2024-11-29 13:34:52,Class A,232008874,55.636728,7.679132,Restricted maneuverability,0.0,0.1,292.2,214.0,9773595,MBFZ5,BIBBY WAVEMASTER 1,Other,,20.0,90.0,Undefined,5.7,HORNS REV 3,23/11/2024 20:00:00,AIS,45.0,45.0,9.0,11.0,75.0
2024-11-29 13:35:03,Class A,232008874,55.636725,7.679137,Restricted maneuverability,0.0,0.2,138.5,213.0,9773595,MBFZ5,BIBBY WAVEMASTER 1,Other,,20.0,90.0,Undefined,5.7,HORNS REV 3,23/11/2024 20:00:00,AIS,45.0,45.0,9.0,11.0,75.0
2024-11-29 13:35:03,Class A,232008874,55.636725,7.679137,Restricted maneuverability,0.0,0.2,138.5,213.0,9773595,MBFZ5,BIBBY WAVEMASTER 1,Other,,20.0,90.0,Undefined,5.7,HORNS REV 3,23/11/2024 20:00:00,AIS,45.0,45.0,9.0,11.0,75.0
2024-11-29 13:35:12,Class A,232008874,55.636725,7.679145,Restricted maneuverability,0.0,0.3,127.6,212.0,9773595,MBFZ5,BIBBY WAVEMASTER 1,Other,,20.0,90.0,Undefined,5.7,HORNS REV 3,23/11/2024 20:00:00,AIS,45.0,45.0,9.0,11.0,75.0
2024-11-29 13:35:12,Class A,232008874,55.636725,7.679145,Restricted maneuverability,0.0,0.3,127.6,212.0,9773595,MBFZ5,BIBBY WAVEMASTER 1,Other,,20.0,90.0,Undefined,5.7,HORNS REV 3,23/11/2024 20:00:00,AIS,45.0,45.0,9.0,11.0,75.0
2024-11-29 13:35:23,Class A,232008874,55.636725,7.679158,Restricted maneuverability,0.0,0.0,332.0,212.0,9773595,MBFZ5,BIBBY WAVEMASTER 1,Other,,20.0,90.0,Undefined,5.7,HORNS REV 3,23/11/2024 20:00:00,AIS,45.0,45.0,9.0,11.0,75.0
2024-11-29 13:35:23,Class A,232008874,55.636725,7.679158,Restricted maneuverability,0.0,0.0,332.0,212.0,9773595,MBFZ5,BIBBY WAVEMASTER 1,Other,,20.0,90.0,Undefined,5.7,HORNS REV 3,23/11/2024 20:00:00,AIS,45.0,45.0,9.0,11.0,75.0
2024-11-29 13:35:33,Class A,232008874,55.636728,7.679162,Restricted maneuverability,0.0,0.1,350.1,213.0,9773595,MBFZ5,BIBBY WAVEMASTER 1,Other,,20.0,90.0,Undefined,5.7,HORNS REV 3,23/11/2024 20:00:00,AIS,45.0,45.0,9.0,11.0,75.0
2024-11-29 13:35:33,Class A,232008874,55.636728,7.679162,Restricted maneuverability,0.0,0.1,350.1,213.0,9773595,MBFZ5,BIBBY WAVEMASTER 1,Other,,20.0,90.0,Undefined,5.7,HORNS REV 3,23/11/2024 20:00:00,AIS,45.0,45.0,9.0,11.0,75.0
2024-11-29 13:35:42,Class A,232008874,55.636727,7.679158,Restricted maneuverability,0.0,0.0,304.4,213.0,9773595,MBFZ5,BIBBY WAVEMASTER 1,Other,,20.0,90.0,Undefined,5.7,HORNS REV 3,23/11/2024 20:00:00,AIS,45.0,45.0,9.0,11.0,75.0
2024-11-29 13:35:52,Class A,232008874,55.636727,7.679155,Restricted maneuverability,0.0,0.1,132.8,213.0,9773595,MBFZ5,BIBBY WAVEMASTER 1,Other,,20.0,90.0,Undefined,5.7,HORNS REV 3,23/11/2024 20:00:00,AIS,45.0,45.0,9.0,11.0,75.0
2024-11-29 13:35:52,Class A,232008874,55.636727,7.679155,Restricted maneuverability,0.0,0.1,132.8,213.0,9773595,MBFZ5,BIBBY WAVEMASTER 1,Other,,20.0,90.0,Undefined,5.7,HORNS REV 3,23/11/2024 20:00:00,AIS,45.0,45.0,9.0,11.0,75.0
2024-11-29 13:36:03,Class A,232008874,55.636725,7.679145,Restricted maneuverability,0.0,0.0,127.3,213.0,9773595,MBFZ5,BIBBY WAVEMASTER 1,Other,,20.0,90.0,Undefined,5.7,HORNS REV 3,23/11/2024 20:00:00,AIS,45.0,45.0,9.0,11.0,75.0
2024-11-29 13:36:03,Class A,232008874,55.636725,7.679145,Restricted maneuverability,0.0,0.0,127.3,213.0,9773595,MBFZ5,BIBBY WAVEMASTER 1,Other,,20.0,90.0,Undefined,5.7,HORNS REV 3,23/11/2024 20:00:00,AIS,45.0,45.0,9.0,11.0,75.0
2024-11-29 13:36:12,Class A,232008874,55.636718,7.679142,Restricted maneuverability,0.0,0.2,288.9,214.0,9773595,MBFZ5,BIBBY WAVEMASTER 1,Other,,20.0,90.0,Undefined,5.7,HORNS REV 3,23/11/2024 20:00:00,AIS,45.0,45.0,9.0,11.0,75.0
2024-11-29 13:36:12,Class A,232008874,55.636718,7.679142,Restricted maneuverability,0.0,0.2,288.9,214.0,9773595,MBFZ5,BIBBY WAVEMASTER 1,Other,,20.0,90.0,Undefined,5.7,HORNS REV 3,23/11/2024 20:00:00,AIS,45.0,45.0,9.0,11.0,75.0
2024-11-29 13:36:13,Class A,232008874,55.636718,7.679142,Restricted maneuverability,0.0,0.2,288.9,214.0,9773595,MBFZ5,BIBBY WAVEMASTER 1,Other,,20.0,90.0,Undefined,5.7,HORNS REV 3,23/11/2024 20:00:00,AIS,45.0,45.0,9.0,11.0,75.0
2024-11-29 13:36:13,Class A,232008874,55.636718,7.679142,Restricted maneuverability,0.0,0.2,288.9,214.0,9773595,MBFZ5,BIBBY WAVEMASTER 1,Other,,20.0,90.0,Undefined,5.7,HORNS REV 3,23/11/2024 20:00:00,AIS,45.0,45.0,9.0,11.0,75.0
2024-11-29 13:36:23,Class A,232008874,55.636722,7.67914,Restricted maneuverability,0.0,0.3,328.4,214.0,9773595,MBFZ5,BIBBY WAVEMASTER 1,Other,,20.0,90.0,Undefined,5.7,HORNS REV 3,23/11/2024 20:00:00,AIS,45.0,45.0,9.0,11.0,75.0
2024-11-29 13:36:23,Class A,232008874,55.636722,7.67914,Restricted maneuverability,0.0,0.3,328.4,214.0,9773595,MBFZ5,BIBBY WAVEMASTER 1,Other,,20.0,90.0,Undefined,5.7,HORNS REV 3,23/11/2024 20:00:00,AIS,45.0,45.0,9.0,11.0,75.0
2024-11-29 13:36:33,Class A,232008874,55.636722,7.679138,Restricted maneuverability,0.0,0.2,323.7,213.0,9773595,MBFZ5,BIBBY WAVEMASTER 1,Other,,20.0,90.0,Undefined,5.7,HORNS REV 3,23/11/2024 20:00:00,AIS,45.0,45.0,9.0,11.0,75.0
2024-11-29 13:36:33,Class A,232008874,55.636722,7.679138,Restricted maneuverability,0.0,0.2,323.7,213.0,9773595,MBFZ5,BIBBY WAVEMASTER 1,Other,,20.0,90.0,Undefined,5.7,HORNS REV 3,23/11/2024 20:00:00,AIS,45.0,45.0,9.0,11.0,75.0
2024-11-29 13:36:42,Class A,232008874,55.636718,7.679142,Restricted maneuverability,0.0,0.0,339.4,213.0,9773595,MBFZ5,BIBBY WAVEMASTER 1,Other,,20.0,90.0,Undefined,5.7,HORNS REV 3,23/11/2024 20:00:00,AIS,45.0,45.0,9.0,11.0,75.0
2024-11-29 13:36:42,Class A,232008874,55.636718,7.679142,Restricted maneuverability,0.0,0.0,339.4,213.0,9773595,MBFZ5,BIBBY WAVEMASTER 1,Other,,20.0,90.0,Undefined,5.7,HORNS REV 3,23/11/2024 20:00:00,AIS,45.0,45.0,9.0,11.0,75.0
2024-11-29 13:36:52,Class A,232008874,55.63672,7.679143,Restricted maneuverability,0.0,0.1,40.2,214.0,9773595,MBFZ5,BIBBY WAVEMASTER 1,Other,,20.0,90.0,Undefined,5.7,HORNS REV 3,23/11/2024 20:00:00,AIS,45.0,45.0,9.0,11.0,75.0
2024-11-29 13:36:52,Class A,232008874,55.63672,7.679143,Restricted maneuverability,0.0,0.1,40.2,214.0,9773595,MBFZ5,BIBBY WAVEMASTER 1,Other,,20.0,90.0,Undefined,5.7,HORNS REV 3,23/11/2024 20:00:00,AIS,45.0,45.0,9.0,11.0,75.0
2024-11-29 13:37:03,Class A,232008874,55.63672,7.679157,Restricted maneuverability,0.0,0.2,85.8,214.0,9773595,MBFZ5,BIBBY WAVEMASTER 1,Other,,20.0,90.0,Undefined,5.7,HORNS REV 3,23/11/2024 20:00:00,AIS,45.0,45.0,9.0,11.0,75.0
2024-11-29 13:37:03,Class A,232008874,55.63672,7.679157,Restricted maneuverability,0.0,0.2,85.8,214.0,9773595,MBFZ5,BIBBY WAVEMASTER 1,Other,,20.0,90.0,Undefined,5.7,HORNS REV 3,23/11/2024 20:00:00,AIS,45.0,45.0,9.0,11.0,75.0
2024-11-29 13:37:12,Class A,232008874,55.63672,7.67916,Restricted maneuverability,0.0,0.2,89.7,214.0,9773595,MBFZ5,BIBBY WAVEMASTER 1,Other,,20.0,90.0,Undefined,5.7,HORNS REV 3,23/11/2024 20:00:00,AIS,45.0,45.0,9.0,11.0,75.0
2024-11-29 13:37:23,Class A,232008874,55.636725,7.67915,Restricted maneuverability,0.0,0.3,313.8,214.0,9773595,MBFZ5,BIBBY WAVEMASTER 1,Other,,20.0,90.0,Undefined,5.7,HORNS REV 3,23/11/2024 20:00:00,AIS,45.0,45.0,9.0,11.0,75.0
2024-11-29 13:37:23,Class A,232008874,55.636725,7.67915,Restricted maneuverability,0.0,0.3,313.8,214.0,9773595,MBFZ5,BIBBY WAVEMASTER 1,Other,,20.0,90.0,Undefined,5.7,HORNS REV 3,23/11/2024 20:00:00,AIS,45.0,45.0,9.0,11.0,75.0
2024-11-29 13:37:32,Class A,232008874,55.636725,7.679143,Restricted maneuverability,0.0,0.5,301.0,213.0,9773595,MBFZ5,BIBBY WAVEMASTER 1,Other,,20.0,90.0,Undefined,5.7,HORNS REV 3,23/11/2024 20:00:00,AIS,45.0,45.0,9.0,11.0,75.0
2024-11-29 13:37:32,Class A,232008874,55.636725,7.679143,Restricted maneuverability,0.0,0.5,301.0,213.0,9773595,MBFZ5,BIBBY WAVEMASTER 1,Other,,20.0,90.0,Undefined,5.7,HORNS REV 3,23/11/2024 20:00:00,AIS,45.0,45.0,9.0,11.0,75.0
2024-11-29 13:37:42,Class A,232008874,55.63672,7.67915,Restricted maneuverability,0.0,0.1,96.2,213.0,9773595,MBFZ5,BIBBY WAVEMASTER 1,Other,,20.0,90.0,Undefined,5.7,HORNS REV 3,23/11/2024 20:00:00,AIS,45.0,45.0,9.0,11.0,75.0
2024-11-29 13:37:42,Class A,232008874,55.63672,7.67915,Restricted maneuverability,0.0,0.1,96.2,213.0,9773595,MBFZ5,BIBBY WAVEMASTER 1,Other,,20.0,90.0,Undefined,5.7,HORNS REV 3,23/11/2024 20:00:00,AIS,45.0,45.0,9.0,11.0,75.0
2024-11-29 13:37:52,Class A,232008874,55.636703,7.679165,Restricted maneuverability,0.0,0.6,128.8,214.0,9773595,MBFZ5,BIBBY WAVEMASTER 1,Other,,20.0,90.0,Undefined,5.7,HORNS REV 3,23/11/2024 20:00:00,AIS,45.0,45.0,9.0,11.0,75.0
2024-11-29 13:37:52,Class A,232008874,55.636703,7.679165,Restricted maneuverability,0.0,0.6,128.8,214.0,9773595,MBFZ5,BIBBY WAVEMASTER 1,Other,,20.0,90.0,Undefined,5.7,HORNS REV 3,23/11/2024 20:00:00,AIS,45.0,45.0,9.0,11.0,75.0
2024-11-29 13:38:03,Class A,232008874,55.636708,7.679143,Restricted maneuverability,0.0,0.3,246.7,214.0,9773595,MBFZ5,BIBBY WAVEMASTER 1,Other,,20.0,90.0,Undefined,5.7,HORNS REV 3,23/11/2024 20:00:00,AIS,45.0,45.0,9.0,11.0,75.0
2024-11-29 13:38:03,Class A,232008874,55.636708,7.679143,Restricted maneuverability,0.0,0.3,246.7,214.0,9773595,MBFZ5,BIBBY WAVEMASTER 1,Other,,20.0,90.0,Undefined,5.7,HORNS REV 3,23/11/2024 20:00:00,AIS,45.0,45.0,9.0,11.0,75.0
2024-11-29 13:38:12,Class A,232008874,55.636707,7.679155,Restricted maneuverability,0.0,0.2,129.0,214.0,9773595,MBFZ5,BIBBY WAVEMASTER 1,Other,,20.0,90.0,Undefined,5.7,HORNS REV 3,23/11/2024 20:00:00,AIS,45.0,45.0,9.0,11.0,75.0
2024-11-29 13:38:12,Class A,232008874,55.636707,7.679155,Restricted maneuverability,0.0,0.2,129.0,214.0,9773595,MBFZ5,BIBBY WAVEMASTER 1,Other,,20.0,90.0,Undefined,5.7,HORNS REV 3,23/11/2024 20:00:00,AIS,45.0,45.0,9.0,11.0,75.0
2024-11-29 13:38:23,Class A,232008874,55.636707,7.679165,Restricted maneuverability,0.0,0.2,106.7,213.0,9773595,MBFZ5,BIBBY WAVEMASTER 1,Other,,20.0,90.0,Undefined,5.7,HORNS REV 3,23/11/2024 20:00:00,AIS,45.0,45.0,9.0,11.0,75.0
2024-11-29 13:38:23,Class A,232008874,55.636707,7.679165,Restricted maneuverability,0.0,0.2,106.7,213.0,9773595,MBFZ5,BIBBY WAVEMASTER 1,Other,,20.0,90.0,Undefined,5.7,HORNS REV 3,23/11/2024 20:00:00,AIS,45.0,45.0,9.0,11.0,75.0
2024-11-29 13:38:32,Class A,232008874,55.636705,7.679168,Restricted maneuverability,0.0,0.0,206.0,212.0,9773595,MBFZ5,BIBBY WAVEMASTER 1,Other,,20.0,90.0,Undefined,5.7,HORNS REV 3,23/11/2024 20:00:00,AIS,45.0,45.0,9.0,11.0,75.0
2024-11-29 13:38:32,Class A,232008874,55.636705,7.679168,Restricted maneuverability,0.0,0.0,206.0,212.0,9773595,MBFZ5,BIBBY WAVEMASTER 1,Other,,20.0,90.0,Undefined,5.7,HORNS REV 3,23/11/2024 20:00:00,AIS,45.0,45.0,9.0,11.0,75.0
2024-11-29 13:38:41,Class A,232008874,55.636733,7.679157,Restricted maneuverability,0.0,0.1,60.9,212.0,9773595,MBFZ5,BIBBY WAVEMASTER 1,Other,,20.0,90.0,Undefined,5.7,HORNS REV 3,23/11/2024 20:00:00,AIS,45.0,45.0,9.0,11.0,75.0
2024-11-29 13:38:41,Class A,232008874,55.636733,7.679157,Restricted maneuverability,0.0,0.1,60.9,212.0,9773595,MBFZ5,BIBBY WAVEMASTER 1,Other,,20.0,90.0,Undefined,5.7,HORNS REV 3,23/11/2024 20:00:00,AIS,45.0,45.0,9.0,11.0,75.0
2024-11-29 13:38:52,Class A,232008874,55.636752,7.679148,Restricted maneuverability,0.0,0.1,320.8,212.0,9773595,MBFZ5,BIBBY WAVEMASTER 1,Other,,20.0,90.0,Undefined,5.7,HORNS REV 3,23/11/2024 20:00:00,AIS,45.0,45.0,9.0,11.0,75.0
2024-11-29 13:39:03,Class A,232008874,55.636757,7.679153,Restricted maneuverability,,0.3,50.6,212.0,9773595,MBFZ5,BIBBY WAVEMASTER 1,Other,,20.0,90.0,Undefined,5.7,HORNS REV 3,23/11/2024 20:00:00,AIS,45.0,45.0,9.0,11.0,75.0
2024-11-29 13:39:03,Class A,232008874,55.636757,7.679153,Restricted maneuverability,,0.3,50.6,212.0,9773595,MBFZ5,BIBBY WAVEMASTER 1,Other,,20.0,90.0,Undefined,5.7,HORNS REV 3,23/11/2024 20:00:00,AIS,45.0,45.0,9.0,11.0,75.0
2024-11-29 13:39:12,Class A,232008874,55.636752,7.679143,Restricted maneuverability,0.0,0.2,228.4,212.0,9773595,MBFZ5,BIBBY WAVEMASTER 1,Other,,20.0,90.0,Undefined,5.7,HORNS REV 3,23/11/2024 20:00:00,AIS,45.0,45.0,9.0,11.0,75.0
2024-11-29 13:39:12,Class A,232008874,55.636752,7.679143,Restricted maneuverability,0.0,0.2,228.4,212.0,9773595,MBFZ5,BIBBY WAVEMASTER 1,Other,,20.0,90.0,Undefined,5.7,HORNS REV 3,23/11/2024 20:00:00,AIS,45.0,45.0,9.0,11.0,75.0
2024-11-29 13:39:23,Class A,232008874,55.636733,7.67916,Restricted maneuverability,0.0,0.3,146.0,212.0,9773595,MBFZ5,BIBBY WAVEMASTER 1,Other,,20.0,90.0,Undefined,5.7,HORNS REV 3,23/11/2024 20:00:00,AIS,45.0,45.0,9.0,11.0,75.0
2024-11-29 13:39:23,Class A,232008874,55.636733,7.67916,Restricted maneuverability,0.0,0.3,146.0,212.0,9773595,MBFZ5,BIBBY WAVEMASTER 1,Other,,20.0,90.0,Undefined,5.7,HORNS REV 3,23/11/2024 20:00:00,AIS,45.0,45.0,9.0,11.0,75.0
2024-11-29 13:39:32,Class A,232008874,55.636723,7.679163,Restricted maneuverability,0.0,0.2,125.6,213.0,9773595,MBFZ5,BIBBY WAVEMASTER 1,Other,,20.0,90.0,Undefined,5.7,HORNS REV 3,23/11/2024 20:00:00,AIS,45.0,45.0,9.0,11.0,75.0
2024-11-29 13:39:32,Class A,232008874,55.636723,7.679163,Restricted maneuverability,0.0,0.2,125.6,213.0,9773595,MBFZ5,BIBBY WAVEMASTER 1,Other,,20.0,90.0,Undefined,5.7,HORNS REV 3,23/11/2024 20:00:00,AIS,45.0,45.0,9.0,11.0,75.0
2024-11-29 13:39:41,Class A,232008874,55.636722,7.679153,Restricted maneuverability,0.0,0.1,342.1,213.0,9773595,MBFZ5,BIBBY WAVEMASTER 1,Other,,20.0,90.0,Undefined,5.7,HORNS REV 3,23/11/2024 20:00:00,AIS,45.0,45.0,9.0,11.0,75.0
2024-11-29 13:39:41,Class A,232008874,55.636722,7.679153,Restricted maneuverability,0.0,0.1,342.1,213.0,9773595,MBFZ5,BIBBY WAVEMASTER 1,Other,,20.0,90.0,Undefined,5.7,HORNS REV 3,23/11/2024 20:00:00,AIS,45.0,45.0,9.0,11.0,75.0
2024-11-29 13:40:03,Class A,232008874,55.636723,7.679147,Restricted maneuverability,0.0,0.2,294.4,214.0,9773595,MBFZ5,BIBBY WAVEMASTER 1,Other,,20.0,90.0,Undefined,5.7,HORNS REV 3,23/11/2024 20:00:00,AIS,45.0,45.0,9.0,11.0,75.0
2024-11-29 13:40:03,Class A,232008874,55.636723,7.679147,Restricted maneuverability,0.0,0.2,294.4,214.0,9773595,MBFZ5,BIBBY WAVEMASTER 1,Other,,20.0,90.0,Undefined,5.7,HORNS REV 3,23/11/2024 20:00:00,AIS,45.0,45.0,9.0,11.0,75.0
2024-11-29 13:40:12,Class A,232008874,55.636725,7.67915,Restricted maneuverability,0.0,0.1,285.7,214.0,9773595,MBFZ5,BIBBY WAVEMASTER 1,Other,,20.0,90.0,Undefined,5.7,HORNS REV 3,23/11/2024 20:00:00,AIS,45.0,45.0,9.0,11.0,75.0
2024-11-29 13:40:23,Class A,232008874,55.636727,7.67915,Restricted maneuverability,0.0,0.2,295.3,214.0,9773595,MBFZ5,BIBBY WAVEMASTER 1,Other,,20.0,90.0,Undefined,5.7,HORNS REV 3,23/11/2024 20:00:00,AIS,45.0,45.0,9.0,11.0,75.0
2024-11-29 13:40:23,Class A,232008874,55.636727,7.67915,Restricted maneuverability,0.0,0.2,295.3,214.0,9773595,MBFZ5,BIBBY WAVEMASTER 1,Other,,20.0,90.0,Undefined,5.7,HORNS REV 3,23/11/2024 20:00:00,AIS,45.0,45.0,9.0,11.0,75.0
2024-11-29 13:40:32,Class A,232008874,55.636728,7.679147,Restricted maneuverability,0.0,0.2,282.9,214.0,9773595,MBFZ5,BIBBY WAVEMASTER 1,Other,,20.0,90.0,Undefined,5.7,HORNS REV 3,23/11/2024 20:00:00,AIS,45.0,45.0,9.0,11.0,75.0
2024-11-29 13:40:32,Class A,232008874,55.636728,7.679147,Restricted maneuverability,0.0,0.2,282.9,214.0,9773595,MBFZ5,BIBBY WAVEMASTER 1,Other,,20.0,90.0,Undefined,5.7,HORNS REV 3,23/11/2024 20:00:00,AIS,45.0,45.0,9.0,11.0,75.0
2024-11-29 13:40:41,Class A,232008874,55.636732,7.679153,Restricted maneuverability,0.0,0.1,341.9,214.0,9773595,MBFZ5,BIBBY WAVEMASTER 1,Other,,20.0,90.0,Undefined,5.7,HORNS REV 3,23/11/2024 20:00:00,AIS,45.0,45.0,9.0,11.0,75.0
2024-11-29 13:40:41,Class A,232008874,55.636732,7.679153,Restricted maneuverability,0.0,0.1,341.9,214.0,9773595,MBFZ5,BIBBY WAVEMASTER 1,Other,,20.0,90.0,Undefined,5.7,HORNS REV 3,23/11/2024 20:00:00,AIS,45.0,45.0,9.0,11.0,75.0
2024-11-29 13:41:02,Class A,232008874,55.636735,7.679148,Restricted maneuverability,,0.3,337.8,214.0,9773595,MBFZ5,BIBBY WAVEMASTER 1,Other,,20.0,90.0,Undefined,5.7,HORNS REV 3,23/11/2024 20:00:00,AIS,45.0,45.0,9.0,11.0,75.0
2024-11-29 13:41:02,Class A,232008874,55.636735,7.679148,Restricted maneuverability,,0.3,337.8,214.0,9773595,MBFZ5,BIBBY WAVEMASTER 1,Other,,20.0,90.0,Undefined,5.7,HORNS REV 3,23/11/2024 20:00:00,AIS,45.0,45.0,9.0,11.0,75.0
2024-11-29 13:41:12,Class A,232008874,55.63673,7.67914,Restricted maneuverability,0.0,0.4,280.5,214.0,9773595,MBFZ5,BIBBY WAVEMASTER 1,Other,,20.0,90.0,Undefined,5.7,HORNS REV 3,23/11/2024 20:00:00,AIS,45.0,45.0,9.0,11.0,75.0
2024-11-29 13:41:12,Class A,232008874,55.63673,7.67914,Restricted maneuverability,0.0,0.4,280.5,214.0,9773595,MBFZ5,BIBBY WAVEMASTER 1,Other,,20.0,90.0,Undefined,5.7,HORNS REV 3,23/11/2024 20:00:00,AIS,45.0,45.0,9.0,11.0,75.0
2024-11-29 13:41:23,Class A,232008874,55.636732,7.679157,Restricted maneuverability,0.0,0.2,14.0,214.0,9773595,MBFZ5,BIBBY WAVEMASTER 1,Other,,20.0,90.0,Undefined,5.7,HORNS REV 3,23/11/2024 20:00:00,AIS,45.0,45.0,9.0,11.0,75.0
2024-11-29 13:41:23,Class A,232008874,55.636732,7.679157,Restricted maneuverability,0.0,0.2,14.0,214.0,9773595,MBFZ5,BIBBY WAVEMASTER 1,Other,,20.0,90.0,Undefined,5.7,HORNS REV 3,23/11/2024 20:00:00,AIS,45.0,45.0,9.0,11.0,75.0
2024-11-29 13:41:32,Class A,232008874,55.636728,7.679157,Restricted maneuverability,0.0,0.1,254.7,214.0,9773595,MBFZ5,BIBBY WAVEMASTER 1,Other,,20.0,90.0,Undefined,5.7,HORNS REV 3,23/11/2024 20:00:00,AIS,45.0,45.0,9.0,11.0,75.0
2024-11-29 13:41:32,Class A,232008874,55.636728,7.679157,Restricted maneuverability,0.0,0.1,254.7,214.0,9773595,MBFZ5,BIBBY WAVEMASTER 1,Other,,20.0,90.0,Undefined,5.7,HORNS REV 3,23/11/2024 20:00:00,AIS,45.0,45.0,9.0,11.0,75.0
2024-11-29 13:41:41,Class A,232008874,55.636732,7.679163,Restricted maneuverability,0.0,0.2,0.4,214.0,9773595,MBFZ5,BIBBY WAVEMASTER 1,Other,,20.0,90.0,Undefined,5.7,HORNS REV 3,23/11/2024 20:00:00,AIS,45.0,45.0,9.0,11.0,75.0
2024-11-29 13:41:41,Class A,232008874,55.636732,7.679163,Restricted maneuverability,0.0,0.2,0.4,214.0,9773595,MBFZ5,BIBBY WAVEMASTER 1,Other,,20.0,90.0,Undefined,5.7,HORNS REV 3,23/11/2024 20:00:00,AIS,45.0,45.0,9.0,11.0,75.0
2024-11-29 13:42:12,Class A,232008874,55.63673,7.679168,Restricted maneuverability,0.0,0.4,111.3,213.0,9773595,MBFZ5,BIBBY WAVEMASTER 1,Other,,20.0,90.0,Undefined,5.7,HORNS REV 3,23/11/2024 20:00:00,AIS,45.0,45.0,9.0,11.0,75.0
2024-11-29 13:42:12,Class A,232008874,55.63673,7.679168,Restricted maneuverability,0.0,0.4,111.3,213.0,9773595,MBFZ5,BIBBY WAVEMASTER 1,Other,,20.0,90.0,Undefined,5.7,HORNS REV 3,23/11/2024 20:00:00,AIS,45.0,45.0,9.0,11.0,75.0
2024-11-29 13:42:13,Class A,232008874,55.63673,7.679168,Restricted maneuverability,0.0,0.4,111.3,213.0,9773595,MBFZ5,BIBBY WAVEMASTER 1,Other,,20.0,90.0,Undefined,5.7,HORNS REV 3,23/11/2024 20:00:00,AIS,45.0,45.0,9.0,11.0,75.0
2024-11-29 13:42:13,Class A,232008874,55.63673,7.679168,Restricted maneuverability,0.0,0.4,111.3,213.0,9773595,MBFZ5,BIBBY WAVEMASTER 1,Other,,20.0,90.0,Undefined,5.7,HORNS REV 3,23/11/2024 20:00:00,AIS,45.0,45.0,9.0,11.0,75.0
2024-11-29 13:42:23,Class A,232008874,55.636732,7.679172,Restricted maneuverability,0.0,0.2,112.0,213.0,9773595,MBFZ5,BIBBY WAVEMASTER 1,Other,,20.0,90.0,Undefined,5.7,HORNS REV 3,23/11/2024 20:00:00,AIS,45.0,45.0,9.0,11.0,75.0
2024-11-29 13:42:23,Class A,232008874,55.636732,7.679172,Restricted maneuverability,0.0,0.2,112.0,213.0,9773595,MBFZ5,BIBBY WAVEMASTER 1,Other,,20.0,90.0,Undefined,5.7,HORNS REV 3,23/11/2024 20:00:00,AIS,45.0,45.0,9.0,11.0,75.0
2024-11-29 13:42:32,Class A,232008874,55.636735,7.67918,Restricted maneuverability,0.0,0.3,94.8,213.0,9773595,MBFZ5,BIBBY WAVEMASTER 1,Other,,20.0,90.0,Undefined,5.7,HORNS REV 3,23/11/2024 20:00:00,AIS,45.0,45.0,9.0,11.0,75.0
2024-11-29 13:42:41,Class A,232008874,55.636735,7.679182,Restricted maneuverability,0.0,0.3,106.0,214.0,9773595,MBFZ5,BIBBY WAVEMASTER 1,Other,,20.0,90.0,Undefined,5.7,HORNS REV 3,23/11/2024 20:00:00,AIS,45.0,45.0,9.0,11.0,75.0
2024-11-29 13:42:41,Class A,232008874,55.636735,7.679182,Restricted maneuverability,0.0,0.3,106.0,214.0,9773595,MBFZ5,BIBBY WAVEMASTER 1,Other,,20.0,90.0,Undefined,5.7,HORNS REV 3,23/11/2024 20:00:00,AIS,45.0,45.0,9.0,11.0,75.0
2024-11-29 13:42:52,Class A,232008874,55.636737,7.679177,Restricted maneuverability,0.0,0.2,61.1,214.0,9773595,MBFZ5,BIBBY WAVEMASTER 1,Other,,20.0,90.0,Undefined,5.7,HORNS REV 3,23/11/2024 20:00:00,AIS,45.0,45.0,9.0,11.0,75.0
2024-11-29 13:42:52,Class A,232008874,55.636737,7.679177,Restricted maneuverability,0.0,0.2,61.1,214.0,9773595,MBFZ5,BIBBY WAVEMASTER 1,Other,,20.0,90.0,Undefined,5.7,HORNS REV 3,23/11/2024 20:00:00,AIS,45.0,45.0,9.0,11.0,75.0
2024-11-29 13:43:02,Class A,232008874,55.636737,7.679177,Restricted maneuverability,0.0,0.2,70.4,213.0,9773595,MBFZ5,BIBBY WAVEMASTER 1,Other,,20.0,90.0,Undefined,5.7,HORNS REV 3,23/11/2024 20:00:00,AIS,45.0,45.0,9.0,11.0,75.0
2024-11-29 13:43:12,Class A,232008874,55.63673,7.679195,Restricted maneuverability,0.0,0.4,112.7,214.0,9773595,MBFZ5,BIBBY WAVEMASTER 1,Other,,20.0,90.0,Undefined,5.7,HORNS REV 3,23/11/2024 20:00:00,AIS,45.0,45.0,9.0,11.0,75.0
2024-11-29 13:43:12,Class A,232008874,55.63673,7.679195,Restricted maneuverability,0.0,0.4,112.7,214.0,9773595,MBFZ5,BIBBY WAVEMASTER 1,Other,,20.0,90.0,Undefined,5.7,HORNS REV 3,23/11/2024 20:00:00,AIS,45.0,45.0,9.0,11.0,75.0
2024-11-29 13:43:23,Class A,232008874,55.636735,7.679175,Restricted maneuverability,0.0,0.3,315.1,213.0,9773595,MBFZ5,BIBBY WAVEMASTER 1,Other,,20.0,90.0,Undefined,5.7,HORNS REV 3,23/11/2024 20:00:00,AIS,45.0,45.0,9.0,11.0,75.0
2024-11-29 13:43:23,Class A,232008874,55.636735,7.679175,Restricted maneuverability,0.0,0.3,315.1,213.0,9773595,MBFZ5,BIBBY WAVEMASTER 1,Other,,20.0,90.0,Undefined,5.7,HORNS REV 3,23/11/2024 20:00:00,AIS,45.0,45.0,9.0,11.0,75.0
2024-11-29 13:43:32,Class A,232008874,55.636733,7.679167,Restricted maneuverability,0.0,0.3,264.7,214.0,9773595,MBFZ5,BIBBY WAVEMASTER 1,Other,,20.0,90.0,Undefined,5.7,HORNS REV 3,23/11/2024 20:00:00,AIS,45.0,45.0,9.0,11.0,75.0
2024-11-29 13:43:32,Class A,232008874,55.636733,7.679167,Restricted maneuverability,0.0,0.3,264.7,214.0,9773595,MBFZ5,BIBBY WAVEMASTER 1,Other,,20.0,90.0,Undefined,5.7,HORNS REV 3,23/11/2024 20:00:00,AIS,45.0,45.0,9.0,11.0,75.0
2024-11-29 13:43:41,Class A,232008874,55.636733,7.679163,Restricted maneuverability,0.0,0.0,177.9,213.0,9773595,MBFZ5,BIBBY WAVEMASTER 1,Other,,20.0,90.0,Undefined,5.7,HORNS REV 3,23/11/2024 20:00:00,AIS,45.0,45.0,9.0,11.0,75.0
2024-11-29 13:43:41,Class A,232008874,55.636733,7.679163,Restricted maneuverability,0.0,0.0,177.9,213.0,9773595,MBFZ5,BIBBY WAVEMASTER 1,Other,,20.0,90.0,Undefined,5.7,HORNS REV 3,23/11/2024 20:00:00,AIS,45.0,45.0,9.0,11.0,75.0
2024-11-29 13:43:52,Class A,232008874,55.636733,7.679157,Restricted maneuverability,0.0,0.1,186.7,214.0,9773595,MBFZ5,BIBBY WAVEMASTER 1,Other,,20.0,90.0,Undefined,5.7,HORNS REV 3,23/11/2024 20:00:00,AIS,45.0,45.0,9.0,11.0,75.0
2024-11-29 13:44:02,Class A,232008874,55.636738,7.679157,Restricted maneuverability,0.0,0.1,13.1,213.0,9773595,MBFZ5,BIBBY WAVEMASTER 1,Other,,20.0,90.0,Undefined,5.7,HORNS REV 3,23/11/2024 20:00:00,AIS,45.0,45.0,9.0,11.0,75.0
2024-11-29 13:44:02,Class A,232008874,55.636738,7.679157,Restricted maneuverability,0.0,0.1,13.1,213.0,9773595,MBFZ5,BIBBY WAVEMASTER 1,Other,,20.0,90.0,Undefined,5.7,HORNS REV 3,23/11/2024 20:00:00,AIS,45.0,45.0,9.0,11.0,75.0
2024-11-29 13:44:12,Class A,232008874,55.636737,7.679168,Restricted maneuverability,0.0,0.4,92.1,213.0,9773595,MBFZ5,BIBBY WAVEMASTER 1,Other,,20.0,90.0,Undefined,5.7,HORNS REV 3,23/11/2024 20:00:00,AIS,45.0,45.0,9.0,11.0,75.0
2024-11-29 13:44:12,Class A,232008874,55.636737,7.679168,Restricted maneuverability,0.0,0.4,92.1,213.0,9773595,MBFZ5,BIBBY WAVEMASTER 1,Other,,20.0,90.0,Undefined,5.7,HORNS REV 3,23/11/2024 20:00:00,AIS,45.0,45.0,9.0,11.0,75.0
2024-11-29 13:44:23,Class A,232008874,55.636735,7.679167,Restricted maneuverability,,0.1,96.7,213.0,9773595,MBFZ5,BIBBY WAVEMASTER 1,Other,,20.0,90.0,Undefined,5.7,HORNS REV 3,23/11/2024 20:00:00,AIS,45.0,45.0,9.0,11.0,75.0
2024-11-29 13:44:23,Class A,232008874,55.636735,7.679167,Restricted maneuverability,,0.1,96.7,213.0,9773595,MBFZ5,BIBBY WAVEMASTER 1,Other,,20.0,90.0,Undefined,5.7,HORNS REV 3,23/11/2024 20:00:00,AIS,45.0,45.0,9.0,11.0,75.0
2024-11-29 13:44:32,Class A,232008874,55.636735,7.679168,Restricted maneuverability,0.0,0.2,338.1,213.0,9773595,MBFZ5,BIBBY WAVEMASTER 1,Other,,20.0,90.0,Undefined,5.7,HORNS REV 3,23/11/2024 20:00:00,AIS,45.0,45.0,9.0,11.0,75.0
2024-11-29 13:44:32,Class A,232008874,55.636735,7.679168,Restricted maneuverability,0.0,0.2,338.1,213.0,9773595,MBFZ5,BIBBY WAVEMASTER 1,Other,,20.0,90.0,Undefined,5.7,HORNS REV 3,23/11/2024 20:00:00,AIS,45.0,45.0,9.0,11.0,75.0
2024-11-29 13:44:41,Class A,232008874,55.636732,7.679168,Restricted maneuverability,0.0,0.2,287.4,213.0,9773595,MBFZ5,BIBBY WAVEMASTER 1,Other,,20.0,90.0,Undefined,5.7,HORNS REV 3,23/11/2024 20:00:00,AIS,45.0,45.0,9.0,11.0,75.0
2024-11-29 13:44:41,Class A,232008874,55.636732,7.679168,Restricted maneuverability,0.0,0.2,287.4,213.0,9773595,MBFZ5,BIBBY WAVEMASTER 1,Other,,20.0,90.0,Undefined,5.7,HORNS REV 3,23/11/2024 20:00:00,AIS,45.0,45.0,9.0,11.0,75.0
2024-11-29 13:44:52,Class A,232008874,55.63673,7.679163,Restricted maneuverability,0.0,0.2,265.4,213.0,9773595,MBFZ5,BIBBY WAVEMASTER 1,Other,,20.0,90.0,Undefined,5.7,HORNS REV 3,23/11/2024 20:00:00,AIS,45.0,45.0,9.0,11.0,75.0
2024-11-29 13:44:52,Class A,232008874,55.63673,7.679163,Restricted maneuverability,0.0,0.2,265.4,213.0,9773595,MBFZ5,BIBBY WAVEMASTER 1,Other,,20.0,90.0,Undefined,5.7,HORNS REV 3,23/11/2024 20:00:00,AIS,45.0,45.0,9.0,11.0,75.0
2024-11-29 13:45:02,Class A,232008874,55.636728,7.679168,Restricted maneuverability,0.0,0.2,173.9,213.0,9773595,MBFZ5,BIBBY WAVEMASTER 1,Other,,20.0,90.0,Undefined,5.7,HORNS REV 3,23/11/2024 20:00:00,AIS,45.0,45.0,9.0,11.0,75.0
2024-11-29 13:45:02,Class A,232008874,55.636728,7.679168,Restricted maneuverability,0.0,0.2,173.9,213.0,9773595,MBFZ5,BIBBY WAVEMASTER 1,Other,,20.0,90.0,Undefined,5.7,HORNS REV 3,23/11/2024 20:00:00,AIS,45.0,45.0,9.0,11.0,75.0
2024-11-29 13:45:12,Class A,232008874,55.636728,7.679165,Restricted maneuverability,0.0,0.1,304.0,212.0,9773595,MBFZ5,BIBBY WAVEMASTER 1,Other,,20.0,90.0,Undefined,5.7,HORNS REV 3,23/11/2024 20:00:00,AIS,45.0,45.0,9.0,11.0,75.0
2024-11-29 13:45:12,Class A,232008874,55.636728,7.679165,Restricted maneuverability,0.0,0.1,304.0,212.0,9773595,MBFZ5,BIBBY WAVEMASTER 1,Other,,20.0,90.0,Undefined,5.7,HORNS REV 3,23/11/2024 20:00:00,AIS,45.0,45.0,9.0,11.0,75.0
2024-11-29 13:45:23,Class A,232008874,55.636728,7.679165,Restricted maneuverability,0.0,0.1,121.0,213.0,9773595,MBFZ5,BIBBY WAVEMASTER 1,Other,,20.0,90.0,Undefined,5.7,HORNS REV 3,23/11/2024 20:00:00,AIS,45.0,45.0,9.0,11.0,75.0
2024-11-29 13:45:23,Class A,232008874,55.636728,7.679165,Restricted maneuverability,0.0,0.1,121.0,213.0,9773595,MBFZ5,BIBBY WAVEMASTER 1,Other,,20.0,90.0,Undefined,5.7,HORNS REV 3,23/11/2024 20:00:00,AIS,45.0,45.0,9.0,11.0,75.0
2024-11-29 13:45:32,Class A,232008874,55.63673,7.679153,Restricted maneuverability,0.0,0.1,270.9,213.0,9773595,MBFZ5,BIBBY WAVEMASTER 1,Other,,20.0,90.0,Undefined,5.7,HORNS REV 3,23/11/2024 20:00:00,AIS,45.0,45.0,9.0,11.0,75.0
2024-11-29 13:45:32,Class A,232008874,55.63673,7.679153,Restricted maneuverability,0.0,0.1,270.9,213.0,9773595,MBFZ5,BIBBY WAVEMASTER 1,Other,,20.0,90.0,Undefined,5.7,HORNS REV 3,23/11/2024 20:00:00,AIS,45.0,45.0,9.0,11.0,75.0
2024-11-29 13:45:43,Class A,232008874,55.636728,7.679153,Restricted maneuverability,0.0,0.1,186.3,214.0,9773595,MBFZ5,BIBBY WAVEMASTER 1,Other,,20.0,90.0,Undefined,5.7,HORNS REV 3,23/11/2024 20:00:00,AIS,45.0,45.0,9.0,11.0,75.0
2024-11-29 13:45:43,Class A,232008874,55.636728,7.679153,Restricted maneuverability,0.0,0.1,186.3,214.0,9773595,MBFZ5,BIBBY WAVEMASTER 1,Other,,20.0,90.0,Undefined,5.7,HORNS REV 3,23/11/2024 20:00:00,AIS,45.0,45.0,9.0,11.0,75.0
2024-11-29 13:45:52,Class A,232008874,55.636732,7.679153,Restricted maneuverability,0.0,0.1,35.7,214.0,9773595,MBFZ5,BIBBY WAVEMASTER 1,Other,,20.0,90.0,Undefined,5.7,HORNS REV 3,23/11/2024 20:00:00,AIS,45.0,45.0,9.0,11.0,75.0
2024-11-29 13:45:52,Class A,232008874,55.636732,7.679153,Restricted maneuverability,0.0,0.1,35.7,214.0,9773595,MBFZ5,BIBBY WAVEMASTER 1,Other,,20.0,90.0,Undefined,5.7,HORNS REV 3,23/11/2024 20:00:00,AIS,45.0,45.0,9.0,11.0,75.0
2024-11-29 13:46:02,Class A,232008874,55.636728,7.679157,Restricted maneuverability,0.0,0.1,18.0,213.0,9773595,MBFZ5,BIBBY WAVEMASTER 1,Other,,20.0,90.0,Undefined,5.7,HORNS REV 3,23/11/2024 20:00:00,AIS,45.0,45.0,9.0,11.0,75.0
2024-11-29 13:46:02,Class A,232008874,55.636728,7.679157,Restricted maneuverability,0.0,0.1,18.0,213.0,9773595,MBFZ5,BIBBY WAVEMASTER 1,Other,,20.0,90.0,Undefined,5.7,HORNS REV 3,23/11/2024 20:00:00,AIS,45.0,45.0,9.0,11.0,75.0
2024-11-29 13:46:12,Class A,232008874,55.636728,7.679163,Restricted maneuverability,0.0,0.2,122.0,213.0,9773595,MBFZ5,BIBBY WAVEMASTER 1,Other,,20.0,90.0,Undefined,5.7,HORNS REV 3,23/11/2024 20:00:00,AIS,45.0,45.0,9.0,11.0,75.0
2024-11-29 13:46:12,Class A,232008874,55.636728,7.679163,Restricted maneuverability,0.0,0.2,122.0,213.0,9773595,MBFZ5,BIBBY WAVEMASTER 1,Other,,20.0,90.0,Undefined,5.7,HORNS REV 3,23/11/2024 20:00:00,AIS,45.0,45.0,9.0,11.0,75.0
2024-11-29 13:46:23,Class A,232008874,55.636725,7.67916,Restricted maneuverability,,0.2,247.8,213.0,9773595,MBFZ5,BIBBY WAVEMASTER 1,Other,,20.0,90.0,Undefined,5.7,HORNS REV 3,23/11/2024 20:00:00,AIS,45.0,45.0,9.0,11.0,75.0
2024-11-29 13:46:33,Class A,232008874,55.636728,7.679157,Restricted maneuverability,0.0,0.3,283.9,213.0,9773595,MBFZ5,BIBBY WAVEMASTER 1,Other,,20.0,90.0,Undefined,5.7,HORNS REV 3,23/11/2024 20:00:00,AIS,45.0,45.0,9.0,11.0,75.0
2024-11-29 13:46:33,Class A,232008874,55.636728,7.679157,Restricted maneuverability,0.0,0.3,283.9,213.0,9773595,MBFZ5,BIBBY WAVEMASTER 1,Other,,20.0,90.0,Undefined,5.7,HORNS REV 3,23/11/2024 20:00:00,AIS,45.0,45.0,9.0,11.0,75.0
2024-11-29 13:46:43,Class A,232008874,55.636733,7.67916,Restricted maneuverability,0.0,0.2,318.0,212.0,9773595,MBFZ5,BIBBY WAVEMASTER 1,Other,,20.0,90.0,Undefined,5.7,HORNS REV 3,23/11/2024 20:00:00,AIS,45.0,45.0,9.0,11.0,75.0
2024-11-29 13:46:52,Class A,232008874,55.636753,7.679173,Restricted maneuverability,0.0,0.5,304.6,213.0,9773595,MBFZ5,BIBBY WAVEMASTER 1,Other,,20.0,90.0,Undefined,5.7,HORNS REV 3,23/11/2024 20:00:00,AIS,45.0,45.0,9.0,11.0,75.0
2024-11-29 13:46:52,Class A,232008874,55.636753,7.679173,Restricted maneuverability,0.0,0.5,304.6,213.0,9773595,MBFZ5,BIBBY WAVEMASTER 1,Other,,20.0,90.0,Undefined,5.7,HORNS REV 3,23/11/2024 20:00:00,AIS,45.0,45.0,9.0,11.0,75.0
2024-11-29 13:47:02,Class A,232008874,55.636743,7.679235,Restricted maneuverability,0.0,0.5,2.7,214.0,9773595,MBFZ5,BIBBY WAVEMASTER 1,Other,,20.0,90.0,Undefined,5.7,HORNS REV 3,23/11/2024 20:00:00,AIS,45.0,45.0,9.0,11.0,75.0
2024-11-29 13:47:12,Class A,232008874,55.636742,7.679267,Restricted maneuverability,,0.3,5.6,215.0,9773595,MBFZ5,BIBBY WAVEMASTER 1,Other,,20.0,90.0,Undefined,5.7,HORNS REV 3,23/11/2024 20:00:00,AIS,45.0,45.0,9.0,11.0,75.0
2024-11-29 13:47:12,Class A,232008874,55.636742,7.679267,Restricted maneuverability,,0.3,5.6,215.0,9773595,MBFZ5,BIBBY WAVEMASTER 1,Other,,20.0,90.0,Undefined,5.7,HORNS REV 3,23/11/2024 20:00:00,AIS,45.0,45.0,9.0,11.0,75.0
2024-11-29 13:47:22,Class A,232008874,55.636758,7.679258,Restricted maneuverability,0.0,0.2,331.6,215.0,9773595,MBFZ5,BIBBY WAVEMASTER 1,Other,,20.0,90.0,Undefined,5.7,HORNS REV 3,23/11/2024 20:00:00,AIS,45.0,45.0,9.0,11.0,75.0
2024-11-29 13:47:22,Class A,232008874,55.636758,7.679258,Restricted maneuverability,0.0,0.2,331.6,215.0,9773595,MBFZ5,BIBBY WAVEMASTER 1,Other,,20.0,90.0,Undefined,5.7,HORNS REV 3,23/11/2024 20:00:00,AIS,45.0,45.0,9.0,11.0,75.0
2024-11-29 13:47:33,Class A,232008874,55.636732,7.679167,Restricted maneuverability,0.0,0.1,202.5,217.0,9773595,MBFZ5,BIBBY WAVEMASTER 1,Other,,20.0,90.0,Undefined,5.7,HORNS REV 3,23/11/2024 20:00:00,AIS,45.0,45.0,9.0,11.0,75.0
2024-11-29 13:47:33,Class A,232008874,55.636732,7.679167,Restricted maneuverability,0.0,0.1,202.5,217.0,9773595,MBFZ5,BIBBY WAVEMASTER 1,Other,,20.0,90.0,Undefined,5.7,HORNS REV 3,23/11/2024 20:00:00,AIS,45.0,45.0,9.0,11.0,75.0
2024-11-29 13:47:43,Class A,232008874,55.636728,7.679163,Restricted maneuverability,0.0,0.0,304.8,218.0,9773595,MBFZ5,BIBBY WAVEMASTER 1,Other,,20.0,90.0,Undefined,5.7,HORNS REV 3,23/11/2024 20:00:00,AIS,45.0,45.0,9.0,11.0,75.0
2024-11-29 13:47:52,Class A,232008874,55.636718,7.679167,Restricted maneuverability,0.0,0.4,143.8,219.0,9773595,MBFZ5,BIBBY WAVEMASTER 1,Other,,20.0,90.0,Undefined,5.7,HORNS REV 3,23/11/2024 20:00:00,AIS,45.0,45.0,9.0,11.0,75.0
2024-11-29 13:47:52,Class A,232008874,55.636718,7.679167,Restricted maneuverability,0.0,0.4,143.8,219.0,9773595,MBFZ5,BIBBY WAVEMASTER 1,Other,,20.0,90.0,Undefined,5.7,HORNS REV 3,23/11/2024 20:00:00,AIS,45.0,45.0,9.0,11.0,75.0
2024-11-29 13:48:03,Class A,232008874,55.636722,7.67916,Restricted maneuverability,0.0,0.2,332.3,219.0,9773595,MBFZ5,BIBBY WAVEMASTER 1,Other,,20.0,90.0,Undefined,5.7,HORNS REV 3,23/11/2024 20:00:00,AIS,45.0,45.0,9.0,11.0,75.0
2024-11-29 13:48:12,Class A,232008874,55.636722,7.679167,Restricted maneuverability,0.0,0.4,342.8,219.0,9773595,MBFZ5,BIBBY WAVEMASTER 1,Other,,20.0,90.0,Undefined,5.7,HORNS REV 3,23/11/2024 20:00:00,AIS,45.0,45.0,9.0,11.0,75.0
2024-11-29 13:48:12,Class A,232008874,55.636722,7.679167,Restricted maneuverability,0.0,0.4,342.8,219.0,9773595,MBFZ5,BIBBY WAVEMASTER 1,Other,,20.0,90.0,Undefined,5.7,HORNS REV 3,23/11/2024 20:00:00,AIS,45.0,45.0,9.0,11.0,75.0
2024-11-29 13:48:13,Class A,232008874,55.636722,7.679167,Restricted maneuverability,0.0,0.4,342.8,219.0,9773595,MBFZ5,BIBBY WAVEMASTER 1,Other,,20.0,90.0,Undefined,5.7,HORNS REV 3,23/11/2024 20:00:00,AIS,45.0,45.0,9.0,11.0,75.0
2024-11-29 13:48:22,Class A,232008874,55.636712,7.679185,Restricted maneuverability,0.0,0.2,85.5,219.0,9773595,MBFZ5,BIBBY WAVEMASTER 1,Other,,20.0,90.0,Undefined,5.7,HORNS REV 3,23/11/2024 20:00:00,AIS,45.0,45.0,9.0,11.0,75.0
2024-11-29 13:48:33,Class A,232008874,55.636707,7.679185,Restricted maneuverability,0.0,0.1,197.6,220.0,9773595,MBFZ5,BIBBY WAVEMASTER 1,Other,,20.0,90.0,Undefined,5.7,HORNS REV 3,23/11/2024 20:00:00,AIS,45.0,45.0,9.0,11.0,75.0
2024-11-29 13:48:33,Class A,232008874,55.636707,7.679185,Restricted maneuverability,0.0,0.1,197.6,220.0,9773595,MBFZ5,BIBBY WAVEMASTER 1,Other,,20.0,90.0,Undefined,5.7,HORNS REV 3,23/11/2024 20:00:00,AIS,45.0,45.0,9.0,11.0,75.0
2024-11-29 13:48:43,Class A,232008874,55.636703,7.67918,Restricted maneuverability,,0.2,188.9,220.0,9773595,MBFZ5,BIBBY WAVEMASTER 1,Other,,20.0,90.0,Undefined,5.7,HORNS REV 3,23/11/2024 20:00:00,AIS,45.0,45.0,9.0,11.0,75.0
2024-11-29 13:48:53,Class A,232008874,55.636703,7.679178,Restricted maneuverability,0.0,0.2,125.1,219.0,9773595,MBFZ5,BIBBY WAVEMASTER 1,Other,,20.0,90.0,Undefined,5.7,HORNS REV 3,23/11/2024 20:00:00,AIS,45.0,45.0,9.0,11.0,75.0
2024-11-29 13:48:53,Class A,232008874,55.636703,7.679178,Restricted maneuverability,0.0,0.2,125.1,219.0,9773595,MBFZ5,BIBBY WAVEMASTER 1,Other,,20.0,90.0,Undefined,5.7,HORNS REV 3,23/11/2024 20:00:00,AIS,45.0,45.0,9.0,11.0,75.0
2024-11-29 13:49:03,Class A,232008874,55.636708,7.679168,Restricted maneuverability,0.0,0.1,351.0,219.0,9773595,MBFZ5,BIBBY WAVEMASTER 1,Other,,20.0,90.0,Undefined,5.7,HORNS REV 3,23/11/2024 20:00:00,AIS,45.0,45.0,9.0,11.0,75.0
2024-11-29 13:49:12,Class A,232008874,55.636708,7.67916,Restricted maneuverability,0.0,0.1,260.0,219.0,9773595,MBFZ5,BIBBY WAVEMASTER 1,Other,,20.0,90.0,Undefined,5.7,HORNS REV 3,23/11/2024 20:00:00,AIS,45.0,45.0,9.0,11.0,75.0
2024-11-29 13:49:12,Class A,232008874,55.636708,7.67916,Restricted maneuverability,0.0,0.1,260.0,219.0,9773595,MBFZ5,BIBBY WAVEMASTER 1,Other,,20.0,90.0,Undefined,5.7,HORNS REV 3,23/11/2024 20:00:00,AIS,45.0,45.0,9.0,11.0,75.0
2024-11-29 13:49:22,Class A,232008874,55.6367,7.679168,Restricted maneuverability,0.0,0.3,146.1,219.0,9773595,MBFZ5,BIBBY WAVEMASTER 1,Other,,20.0,90.0,Undefined,5.7,HORNS REV 3,23/11/2024 20:00:00,AIS,45.0,45.0,9.0,11.0,75.0
2024-11-29 13:49:43,Class A,232008874,55.636697,7.679163,Restricted maneuverability,0.0,0.1,287.3,220.0,9773595,MBFZ5,BIBBY WAVEMASTER 1,Other,,20.0,90.0,Undefined,5.7,HORNS REV 3,23/11/2024 20:00:00,AIS,45.0,45.0,9.0,11.0,75.0
2024-11-29 13:49:53,Class A,232008874,55.636697,7.679172,Restricted maneuverability,0.0,0.2,78.6,219.0,9773595,MBFZ5,BIBBY WAVEMASTER 1,Other,,20.0,90.0,Undefined,5.7,HORNS REV 3,23/11/2024 20:00:00,AIS,45.0,45.0,9.0,11.0,75.0
2024-11-29 13:50:03,Class A,232008874,55.6367,7.679167,Restricted maneuverability,0.0,0.0,291.4,219.0,9773595,MBFZ5,BIBBY WAVEMASTER 1,Other,,20.0,90.0,Undefined,5.7,HORNS REV 3,23/11/2024 20:00:00,AIS,45.0,45.0,9.0,11.0,75.0
2024-11-29 13:50:12,Class A,232008874,55.636748,7.679157,Restricted maneuverability,0.0,0.3,350.1,219.0,9773595,MBFZ5,BIBBY WAVEMASTER 1,Other,,20.0,90.0,Undefined,5.7,HORNS REV 3,23/11/2024 20:00:00,AIS,45.0,45.0,9.0,11.0,75.0
2024-11-29 13:50:12,Class A,232008874,55.636748,7.679157,Restricted maneuverability,0.0,0.3,350.1,219.0,9773595,MBFZ5,BIBBY WAVEMASTER 1,Other,,20.0,90.0,Undefined,5.7,HORNS REV 3,23/11/2024 20:00:00,AIS,45.0,45.0,9.0,11.0,75.0
2024-11-29 13:50:22,Class A,232008874,55.636822,7.679183,Restricted maneuverability,0.0,0.3,75.7,219.0,9773595,MBFZ5,BIBBY WAVEMASTER 1,Other,,20.0,90.0,Undefined,5.7,HORNS REV 3,23/11/2024 20:00:00,AIS,45.0,45.0,9.0,11.0,75.0
2024-11-29 13:50:43,Class A,232008874,55.636732,7.679175,Restricted maneuverability,0.0,0.2,352.0,219.0,9773595,MBFZ5,BIBBY WAVEMASTER 1,Other,,20.0,90.0,Undefined,5.7,HORNS REV 3,23/11/2024 20:00:00,AIS,45.0,45.0,9.0,11.0,75.0
2024-11-29 13:50:53,Class A,232008874,55.636725,7.679157,Restricted maneuverability,0.0,0.0,235.6,218.0,9773595,MBFZ5,BIBBY WAVEMASTER 1,Other,,20.0,90.0,Undefined,5.7,HORNS REV 3,23/11/2024 20:00:00,AIS,45.0,45.0,9.0,11.0,75.0
2024-11-29 13:50:53,Class A,232008874,55.636725,7.679157,Restricted maneuverability,0.0,0.0,235.6,218.0,9773595,MBFZ5,BIBBY WAVEMASTER 1,Other,,20.0,90.0,Undefined,5.7,HORNS REV 3,23/11/2024 20:00:00,AIS,45.0,45.0,9.0,11.0,75.0
2024-11-29 13:51:03,Class A,232008874,55.63671,7.679138,Restricted maneuverability,0.0,0.1,339.3,218.0,9773595,MBFZ5,BIBBY WAVEMASTER 1,Other,,20.0,90.0,Undefined,5.7,HORNS REV 3,23/11/2024 20:00:00,AIS,45.0,45.0,9.0,11.0,75.0
2024-11-29 13:51:12,Class A,232008874,55.6367,7.679148,Restricted maneuverability,0.0,0.1,41.3,219.0,9773595,MBFZ5,BIBBY WAVEMASTER 1,Other,,20.0,90.0,Undefined,5.7,HORNS REV 3,23/11/2024 20:00:00,AIS,45.0,45.0,9.0,11.0,75.0
2024-11-29 13:51:12,Class A,232008874,55.6367,7.679148,Restricted maneuverability,0.0,0.1,41.3,219.0,9773595,MBFZ5,BIBBY WAVEMASTER 1,Other,,20.0,90.0,Undefined,5.7,HORNS REV 3,23/11/2024 20:00:00,AIS,45.0,45.0,9.0,11.0,75.0
2024-11-29 13:51:22,Class A,232008874,55.6367,7.67916,Restricted maneuverability,0.0,0.2,350.7,218.0,9773595,MBFZ5,BIBBY WAVEMASTER 1,Other,,20.0,90.0,Undefined,5.7,HORNS REV 3,23/11/2024 20:00:00,AIS,45.0,45.0,9.0,11.0,75.0
2024-11-29 13:51:22,Class A,232008874,55.6367,7.67916,Restricted maneuverability,0.0,0.2,350.7,218.0,9773595,MBFZ5,BIBBY WAVEMASTER 1,Other,,20.0,90.0,Undefined,5.7,HORNS REV 3,23/11/2024 20:00:00,AIS,45.0,45.0,9.0,11.0,75.0
2024-11-29 13:51:43,Class A,232008874,55.63669,7.679163,Restricted maneuverability,0.0,0.2,105.1,218.0,9773595,MBFZ5,BIBBY WAVEMASTER 1,Other,,20.0,90.0,Undefined,5.7,HORNS REV 3,23/11/2024 20:00:00,AIS,45.0,45.0,9.0,11.0,75.0
2024-11-29 13:51:43,Class A,232008874,55.63669,7.679163,Restricted maneuverability,0.0,0.2,105.1,218.0,9773595,MBFZ5,BIBBY WAVEMASTER 1,Other,,20.0,90.0,Undefined,5.7,HORNS REV 3,23/11/2024 20:00:00,AIS,45.0,45.0,9.0,11.0,75.0
2024-11-29 13:51:53,Class A,232008874,55.636698,7.679172,Restricted maneuverability,0.0,0.1,60.4,218.0,9773595,MBFZ5,BIBBY WAVEMASTER 1,Other,,20.0,90.0,Undefined,5.7,HORNS REV 3,23/11/2024 20:00:00,AIS,45.0,45.0,9.0,11.0,75.0
2024-11-29 13:51:53,Class A,232008874,55.636698,7.679172,Restricted maneuverability,0.0,0.1,60.4,218.0,9773595,MBFZ5,BIBBY WAVEMASTER 1,Other,,20.0,90.0,Undefined,5.7,HORNS REV 3,23/11/2024 20:00:00,AIS,45.0,45.0,9.0,11.0,75.0
2024-11-29 13:52:03,Class A,232008874,55.636707,7.679188,Restricted maneuverability,0.0,0.1,70.7,218.0,9773595,MBFZ5,BIBBY WAVEMASTER 1,Other,,20.0,90.0,Undefined,5.7,HORNS REV 3,23/11/2024 20:00:00,AIS,45.0,45.0,9.0,11.0,75.0
2024-11-29 13:52:03,Class A,232008874,55.636707,7.679188,Restricted maneuverability,0.0,0.1,70.7,218.0,9773595,MBFZ5,BIBBY WAVEMASTER 1,Other,,20.0,90.0,Undefined,5.7,HORNS REV 3,23/11/2024 20:00:00,AIS,45.0,45.0,9.0,11.0,75.0
2024-11-29 13:52:12,Class A,232008874,55.6367,7.679193,Restricted maneuverability,0.0,0.2,4.4,217.0,9773595,MBFZ5,BIBBY WAVEMASTER 1,Other,,20.0,90.0,Undefined,5.7,HORNS REV 3,23/11/2024 20:00:00,AIS,45.0,45.0,9.0,11.0,75.0
2024-11-29 13:52:12,Class A,232008874,55.6367,7.679193,Restricted maneuverability,0.0,0.2,4.4,217.0,9773595,MBFZ5,BIBBY WAVEMASTER 1,Other,,20.0,90.0,Undefined,5.7,HORNS REV 3,23/11/2024 20:00:00,AIS,45.0,45.0,9.0,11.0,75.0
2024-11-29 13:52:22,Class A,232008874,55.636722,7.67918,Restricted maneuverability,0.0,0.2,334.7,217.0,9773595,MBFZ5,BIBBY WAVEMASTER 1,Other,,20.0,90.0,Undefined,5.7,HORNS REV 3,23/11/2024 20:00:00,AIS,45.0,45.0,9.0,11.0,75.0
2024-11-29 13:52:22,Class A,232008874,55.636722,7.67918,Restricted maneuverability,0.0,0.2,334.7,217.0,9773595,MBFZ5,BIBBY WAVEMASTER 1,Other,,20.0,90.0,Undefined,5.7,HORNS REV 3,23/11/2024 20:00:00,AIS,45.0,45.0,9.0,11.0,75.0
2024-11-29 13:52:32,Class A,232008874,55.63673,7.679173,Restricted maneuverability,0.0,0.2,305.3,217.0,9773595,MBFZ5,BIBBY WAVEMASTER 1,Other,,20.0,90.0,Undefined,5.7,HORNS REV 3,23/11/2024 20:00:00,AIS,45.0,45.0,9.0,11.0,75.0
2024-11-29 13:52:32,Class A,232008874,55.63673,7.679173,Restricted maneuverability,0.0,0.2,305.3,217.0,9773595,MBFZ5,BIBBY WAVEMASTER 1,Other,,20.0,90.0,Undefined,5.7,HORNS REV 3,23/11/2024 20:00:00,AIS,45.0,45.0,9.0,11.0,75.0
2024-11-29 13:52:43,Class A,232008874,55.636728,7.679173,Restricted maneuverability,0.0,0.1,235.4,218.0,9773595,MBFZ5,BIBBY WAVEMASTER 1,Other,,20.0,90.0,Undefined,5.7,HORNS REV 3,23/11/2024 20:00:00,AIS,45.0,45.0,9.0,11.0,75.0
2024-11-29 13:52:43,Class A,232008874,55.636728,7.679173,Restricted maneuverability,0.0,0.1,235.4,218.0,9773595,MBFZ5,BIBBY WAVEMASTER 1,Other,,20.0,90.0,Undefined,5.7,HORNS REV 3,23/11/2024 20:00:00,AIS,45.0,45.0,9.0,11.0,75.0
2024-11-29 13:52:53,Class A,232008874,55.636722,7.679178,Restricted maneuverability,,0.3,125.0,218.0,9773595,MBFZ5,BIBBY WAVEMASTER 1,Other,,20.0,90.0,Undefined,5.7,HORNS REV 3,23/11/2024 20:00:00,AIS,45.0,45.0,9.0,11.0,75.0
2024-11-29 13:52:53,Class A,232008874,55.636722,7.679178,Restricted maneuverability,,0.3,125.0,218.0,9773595,MBFZ5,BIBBY WAVEMASTER 1,Other,,20.0,90.0,Undefined,5.7,HORNS REV 3,23/11/2024 20:00:00,AIS,45.0,45.0,9.0,11.0,75.0
2024-11-29 13:53:03,Class A,232008874,55.63672,7.679175,Restricted maneuverability,,0.2,116.7,219.0,9773595,MBFZ5,BIBBY WAVEMASTER 1,Other,,20.0,90.0,Undefined,5.7,HORNS REV 3,23/11/2024 20:00:00,AIS,45.0,45.0,9.0,11.0,75.0
2024-11-29 13:53:12,Class A,232008874,55.636718,7.679172,Restricted maneuverability,0.0,0.3,135.0,219.0,9773595,MBFZ5,BIBBY WAVEMASTER 1,Other,,20.0,90.0,Undefined,5.7,HORNS REV 3,23/11/2024 20:00:00,AIS,45.0,45.0,9.0,11.0,75.0
2024-11-29 13:53:21,Class A,232008874,55.636722,7.679172,Restricted maneuverability,,0.2,123.6,219.0,9773595,MBFZ5,BIBBY WAVEMASTER 1,Other,,20.0,90.0,Undefined,5.7,HORNS REV 3,23/11/2024 20:00:00,AIS,45.0,45.0,9.0,11.0,75.0
2024-11-29 13:53:21,Class A,232008874,55.636722,7.679172,Restricted maneuverability,,0.2,123.6,219.0,9773595,MBFZ5,BIBBY WAVEMASTER 1,Other,,20.0,90.0,Undefined,5.7,HORNS REV 3,23/11/2024 20:00:00,AIS,45.0,45.0,9.0,11.0,75.0
2024-11-29 13:53:32,Class A,232008874,55.636725,7.679172,Restricted maneuverability,0.0,0.2,345.6,220.0,9773595,MBFZ5,BIBBY WAVEMASTER 1,Other,,20.0,90.0,Undefined,5.7,HORNS REV 3,23/11/2024 20:00:00,AIS,45.0,45.0,9.0,11.0,75.0
2024-11-29 13:53:32,Class A,232008874,55.636725,7.679172,Restricted maneuverability,0.0,0.2,345.6,220.0,9773595,MBFZ5,BIBBY WAVEMASTER 1,Other,,20.0,90.0,Undefined,5.7,HORNS REV 3,23/11/2024 20:00:00,AIS,45.0,45.0,9.0,11.0,75.0
2024-11-29 13:53:53,Class A,232008874,55.636728,7.679167,Restricted maneuverability,,0.2,308.7,219.0,9773595,MBFZ5,BIBBY WAVEMASTER 1,Other,,20.0,90.0,Undefined,5.7,HORNS REV 3,23/11/2024 20:00:00,AIS,45.0,45.0,9.0,11.0,75.0
2024-11-29 13:53:53,Class A,232008874,55.636728,7.679167,Restricted maneuverability,,0.2,308.7,219.0,9773595,MBFZ5,BIBBY WAVEMASTER 1,Other,,20.0,90.0,Undefined,5.7,HORNS REV 3,23/11/2024 20:00:00,AIS,45.0,45.0,9.0,11.0,75.0
2024-11-29 13:54:03,Class A,232008874,55.636728,7.679158,Restricted maneuverability,0.0,0.2,283.9,219.0,9773595,MBFZ5,BIBBY WAVEMASTER 1,Other,,20.0,90.0,Undefined,5.7,HORNS REV 3,23/11/2024 20:00:00,AIS,45.0,45.0,9.0,11.0,75.0
2024-11-29 13:54:21,Class A,232008874,55.636722,7.679158,Restricted maneuverability,0.0,0.1,5.8,218.0,9773595,MBFZ5,BIBBY WAVEMASTER 1,Other,,20.0,90.0,Undefined,5.7,HORNS REV 3,23/11/2024 20:00:00,AIS,45.0,45.0,9.0,11.0,75.0
2024-11-29 13:54:32,Class A,232008874,55.636717,7.679125,Restricted maneuverability,,0.4,268.4,218.0,9773595,MBFZ5,BIBBY WAVEMASTER 1,Other,,20.0,90.0,Undefined,5.7,HORNS REV 3,23/11/2024 20:00:00,AIS,45.0,45.0,9.0,11.0,75.0
2024-11-29 13:54:32,Class A,232008874,55.636717,7.679125,Restricted maneuverability,,0.4,268.4,218.0,9773595,MBFZ5,BIBBY WAVEMASTER 1,Other,,20.0,90.0,Undefined,5.7,HORNS REV 3,23/11/2024 20:00:00,AIS,45.0,45.0,9.0,11.0,75.0
2024-11-29 13:54:53,Class A,232008874,55.636687,7.678892,Restricted maneuverability,,0.5,270.7,219.0,9773595,MBFZ5,BIBBY WAVEMASTER 1,Other,,20.0,90.0,Undefined,5.7,HORNS REV 3,23/11/2024 20:00:00,AIS,45.0,45.0,9.0,11.0,75.0
2024-11-29 13:55:03,Class A,232008874,55.636685,7.678875,Restricted maneuverability,0.0,0.6,282.2,219.0,9773595,MBFZ5,BIBBY WAVEMASTER 1,Other,,20.0,90.0,Undefined,5.7,HORNS REV 3,23/11/2024 20:00:00,AIS,45.0,45.0,9.0,11.0,75.0
2024-11-29 13:55:12,Class A,232008874,55.636705,7.679147,Restricted maneuverability,0.0,0.1,288.1,218.0,9773595,MBFZ5,BIBBY WAVEMASTER 1,Other,,20.0,90.0,Undefined,5.7,HORNS REV 3,23/11/2024 20:00:00,AIS,45.0,45.0,9.0,11.0,75.0
2024-11-29 13:55:12,Class A,232008874,55.636705,7.679147,Restricted maneuverability,0.0,0.1,288.1,218.0,9773595,MBFZ5,BIBBY WAVEMASTER 1,Other,,20.0,90.0,Undefined,5.7,HORNS REV 3,23/11/2024 20:00:00,AIS,45.0,45.0,9.0,11.0,75.0
2024-11-29 13:55:21,Class A,232008874,55.636712,7.679153,Restricted maneuverability,0.0,0.2,273.1,218.0,9773595,MBFZ5,BIBBY WAVEMASTER 1,Other,,20.0,90.0,Undefined,5.7,HORNS REV 3,23/11/2024 20:00:00,AIS,45.0,45.0,9.0,11.0,75.0
2024-11-29 13:55:21,Class A,232008874,55.636712,7.679153,Restricted maneuverability,0.0,0.2,273.1,218.0,9773595,MBFZ5,BIBBY WAVEMASTER 1,Other,,20.0,90.0,Undefined,5.7,HORNS REV 3,23/11/2024 20:00:00,AIS,45.0,45.0,9.0,11.0,75.0
2024-11-29 13:55:32,Class A,232008874,55.636717,7.67916,Restricted maneuverability,0.0,0.1,242.0,217.0,9773595,MBFZ5,BIBBY WAVEMASTER 1,Other,,20.0,90.0,Undefined,5.7,HORNS REV 3,23/11/2024 20:00:00,AIS,45.0,45.0,9.0,11.0,75.0
2024-11-29 13:55:32,Class A,232008874,55.636717,7.67916,Restricted maneuverability,0.0,0.1,242.0,217.0,9773595,MBFZ5,BIBBY WAVEMASTER 1,Other,,20.0,90.0,Undefined,5.7,HORNS REV 3,23/11/2024 20:00:00,AIS,45.0,45.0,9.0,11.0,75.0
2024-11-29 13:55:53,Class A,232008874,55.636712,7.67911,Restricted maneuverability,0.0,0.2,173.3,218.0,9773595,MBFZ5,BIBBY WAVEMASTER 1,Other,,20.0,90.0,Undefined,5.7,HORNS REV 3,23/11/2024 20:00:00,AIS,45.0,45.0,9.0,11.0,75.0
2024-11-29 13:55:53,Class A,232008874,55.636712,7.67911,Restricted maneuverability,0.0,0.2,173.3,218.0,9773595,MBFZ5,BIBBY WAVEMASTER 1,Other,,20.0,90.0,Undefined,5.7,HORNS REV 3,23/11/2024 20:00:00,AIS,45.0,45.0,9.0,11.0,75.0
2024-11-29 13:56:03,Class A,232008874,55.636712,7.679165,Restricted maneuverability,0.0,0.1,50.5,218.0,9773595,MBFZ5,BIBBY WAVEMASTER 1,Other,,20.0,90.0,Undefined,5.7,HORNS REV 3,23/11/2024 20:00:00,AIS,45.0,45.0,9.0,11.0,75.0
2024-11-29 13:56:03,Class A,232008874,55.636712,7.679165,Restricted maneuverability,0.0,0.1,50.5,218.0,9773595,MBFZ5,BIBBY WAVEMASTER 1,Other,,20.0,90.0,Undefined,5.7,HORNS REV 3,23/11/2024 20:00:00,AIS,45.0,45.0,9.0,11.0,75.0
2024-11-29 13:56:12,Class A,232008874,55.636712,7.679157,Restricted maneuverability,0.0,0.1,223.5,218.0,9773595,MBFZ5,BIBBY WAVEMASTER 1,Other,,20.0,90.0,Undefined,5.7,HORNS REV 3,23/11/2024 20:00:00,AIS,45.0,45.0,9.0,11.0,75.0
2024-11-29 13:56:21,Class A,232008874,55.636717,7.67915,Restricted maneuverability,0.0,0.1,304.8,218.0,9773595,MBFZ5,BIBBY WAVEMASTER 1,Other,,20.0,90.0,Undefined,5.7,HORNS REV 3,23/11/2024 20:00:00,AIS,45.0,45.0,9.0,11.0,75.0
2024-11-29 13:56:21,Class A,232008874,55.636717,7.67915,Restricted maneuverability,0.0,0.1,304.8,218.0,9773595,MBFZ5,BIBBY WAVEMASTER 1,Other,,20.0,90.0,Undefined,5.7,HORNS REV 3,23/11/2024 20:00:00,AIS,45.0,45.0,9.0,11.0,75.0
2024-11-29 13:56:33,Class A,232008874,55.636715,7.679158,Restricted maneuverability,,0.3,330.6,219.0,9773595,MBFZ5,BIBBY WAVEMASTER 1,Other,,20.0,90.0,Undefined,5.7,HORNS REV 3,23/11/2024 20:00:00,AIS,45.0,45.0,9.0,11.0,75.0
2024-11-29 13:56:33,Class A,232008874,55.636715,7.679158,Restricted maneuverability,,0.3,330.6,219.0,9773595,MBFZ5,BIBBY WAVEMASTER 1,Other,,20.0,90.0,Undefined,5.7,HORNS REV 3,23/11/2024 20:00:00,AIS,45.0,45.0,9.0,11.0,75.0
2024-11-29 13:56:53,Class A,232008874,55.636715,7.679168,Restricted maneuverability,0.0,0.2,137.9,219.0,9773595,MBFZ5,BIBBY WAVEMASTER 1,Other,,20.0,90.0,Undefined,5.7,HORNS REV 3,23/11/2024 20:00:00,AIS,45.0,45.0,9.0,11.0,75.0
2024-11-29 13:56:53,Class A,232008874,55.636715,7.679168,Restricted maneuverability,0.0,0.2,137.9,219.0,9773595,MBFZ5,BIBBY WAVEMASTER 1,Other,,20.0,90.0,Undefined,5.7,HORNS REV 3,23/11/2024 20:00:00,AIS,45.0,45.0,9.0,11.0,75.0
2024-11-29 13:57:03,Class A,232008874,55.636715,7.679167,Restricted maneuverability,0.0,0.1,191.6,219.0,9773595,MBFZ5,BIBBY WAVEMASTER 1,Other,,20.0,90.0,Undefined,5.7,HORNS REV 3,23/11/2024 20:00:00,AIS,45.0,45.0,9.0,11.0,75.0
2024-11-29 13:57:21,Class A,232008874,55.636718,7.679172,Restricted maneuverability,0.0,0.3,307.5,219.0,9773595,MBFZ5,BIBBY WAVEMASTER 1,Other,,20.0,90.0,Undefined,5.7,HORNS REV 3,23/11/2024 20:00:00,AIS,45.0,45.0,9.0,11.0,75.0
2024-11-29 13:57:43,Class A,232008874,55.636713,7.679192,Restricted maneuverability,0.0,0.4,138.0,218.0,9773595,MBFZ5,BIBBY WAVEMASTER 1,Other,,20.0,90.0,Undefined,5.7,HORNS REV 3,23/11/2024 20:00:00,AIS,45.0,45.0,9.0,11.0,75.0
2024-11-29 13:57:43,Class A,232008874,55.636713,7.679192,Restricted maneuverability,0.0,0.4,138.0,218.0,9773595,MBFZ5,BIBBY WAVEMASTER 1,Other,,20.0,90.0,Undefined,5.7,HORNS REV 3,23/11/2024 20:00:00,AIS,45.0,45.0,9.0,11.0,75.0
2024-11-29 13:57:53,Class A,232008874,55.636718,7.679197,Restricted maneuverability,0.0,0.1,56.5,218.0,9773595,MBFZ5,BIBBY WAVEMASTER 1,Other,,20.0,90.0,Undefined,5.7,HORNS REV 3,23/11/2024 20:00:00,AIS,45.0,45.0,9.0,11.0,75.0
2024-11-29 13:57:53,Class A,232008874,55.636718,7.679197,Restricted maneuverability,0.0,0.1,56.5,218.0,9773595,MBFZ5,BIBBY WAVEMASTER 1,Other,,20.0,90.0,Undefined,5.7,HORNS REV 3,23/11/2024 20:00:00,AIS,45.0,45.0,9.0,11.0,75.0
2024-11-29 13:58:03,Class A,232008874,55.636717,7.679198,Restricted maneuverability,0.0,0.2,326.6,218.0,9773595,MBFZ5,BIBBY WAVEMASTER 1,Other,,20.0,90.0,Undefined,5.7,HORNS REV 3,23/11/2024 20:00:00,AIS,45.0,45.0,9.0,11.0,75.0
2024-11-29 13:58:21,Class A,232008874,55.636713,7.679177,Restricted maneuverability,0.0,0.2,295.1,218.0,9773595,MBFZ5,BIBBY WAVEMASTER 1,Other,,20.0,90.0,Undefined,5.7,HORNS REV 3,23/11/2024 20:00:00,AIS,45.0,45.0,9.0,11.0,75.0
2024-11-29 13:58:21,Class A,232008874,55.636713,7.679177,Restricted maneuverability,0.0,0.2,295.1,218.0,9773595,MBFZ5,BIBBY WAVEMASTER 1,Other,,20.0,90.0,Undefined,5.7,HORNS REV 3,23/11/2024 20:00:00,AIS,45.0,45.0,9.0,11.0,75.0
2024-11-29 13:58:21,Class A,232008874,55.636713,7.679177,Restricted maneuverability,0.0,0.2,295.1,218.0,9773595,MBFZ5,BIBBY WAVEMASTER 1,Other,,20.0,90.0,Undefined,5.7,HORNS REV 3,23/11/2024 20:00:00,AIS,45.0,45.0,9.0,11.0,75.0
2024-11-29 13:58:33,Class A,232008874,55.636707,7.679143,Restricted maneuverability,0.0,0.1,248.9,218.0,9773595,MBFZ5,BIBBY WAVEMASTER 1,Other,,20.0,90.0,Undefined,5.7,HORNS REV 3,23/11/2024 20:00:00,AIS,45.0,45.0,9.0,11.0,75.0
2024-11-29 13:58:33,Class A,232008874,55.636707,7.679143,Restricted maneuverability,0.0,0.1,248.9,218.0,9773595,MBFZ5,BIBBY WAVEMASTER 1,Other,,20.0,90.0,Undefined,5.7,HORNS REV 3,23/11/2024 20:00:00,AIS,45.0,45.0,9.0,11.0,75.0
2024-11-29 13:58:43,Class A,232008874,55.636707,7.679132,Restricted maneuverability,,0.1,323.6,218.0,9773595,MBFZ5,BIBBY WAVEMASTER 1,Other,,20.0,90.0,Undefined,5.7,HORNS REV 3,23/11/2024 20:00:00,AIS,45.0,45.0,9.0,11.0,75.0
2024-11-29 13:58:43,Class A,232008874,55.636707,7.679132,Restricted maneuverability,,0.1,323.6,218.0,9773595,MBFZ5,BIBBY WAVEMASTER 1,Other,,20.0,90.0,Undefined,5.7,HORNS REV 3,23/11/2024 20:00:00,AIS,45.0,45.0,9.0,11.0,75.0
2024-11-29 13:58:53,Class A,232008874,55.636707,7.679142,Restricted maneuverability,,0.3,114.8,218.0,9773595,MBFZ5,BIBBY WAVEMASTER 1,Other,,20.0,90.0,Undefined,5.7,HORNS REV 3,23/11/2024 20:00:00,AIS,45.0,45.0,9.0,11.0,75.0
2024-11-29 13:58:53,Class A,232008874,55.636707,7.679142,Restricted maneuverability,,0.3,114.8,218.0,9773595,MBFZ5,BIBBY WAVEMASTER 1,Other,,20.0,90.0,Undefined,5.7,HORNS REV 3,23/11/2024 20:00:00,AIS,45.0,45.0,9.0,11.0,75.0
2024-11-29 13:59:02,Class A,232008874,55.63671,7.679153,Restricted maneuverability,0.0,0.3,130.2,218.0,9773595,MBFZ5,BIBBY WAVEMASTER 1,Other,,20.0,90.0,Undefined,5.7,HORNS REV 3,23/11/2024 20:00:00,AIS,45.0,45.0,9.0,11.0,75.0
2024-11-29 13:59:21,Class A,232008874,55.63674,7.679097,Restricted maneuverability,0.0,0.5,329.5,219.0,9773595,MBFZ5,BIBBY WAVEMASTER 1,Other,,20.0,90.0,Undefined,5.7,HORNS REV 3,23/11/2024 20:00:00,AIS,45.0,45.0,9.0,11.0,75.0
2024-11-29 13:59:33,Class A,232008874,55.63675,7.679082,Restricted maneuverability,0.0,0.2,347.2,219.0,9773595,MBFZ5,BIBBY WAVEMASTER 1,Other,,20.0,90.0,Undefined,5.7,HORNS REV 3,23/11/2024 20:00:00,AIS,45.0,45.0,9.0,11.0,75.0
2024-11-29 13:59:43,Class A,232008874,55.63675,7.67908,Restricted maneuverability,0.0,0.1,28.9,219.0,9773595,MBFZ5,BIBBY WAVEMASTER 1,Other,,20.0,90.0,Undefined,5.7,HORNS REV 3,23/11/2024 20:00:00,AIS,45.0,45.0,9.0,11.0,75.0
2024-11-29 13:59:52,Class A,232008874,55.63675,7.679082,Restricted maneuverability,,0.2,67.9,219.0,9773595,MBFZ5,BIBBY WAVEMASTER 1,Other,,20.0,90.0,Undefined,5.7,HORNS REV 3,23/11/2024 20:00:00,AIS,45.0,45.0,9.0,11.0,75.0
2024-11-29 14:00:02,Class A,232008874,55.636747,7.67908,Restricted maneuverability,,0.1,259.0,219.0,9773595,MBFZ5,BIBBY WAVEMASTER 1,Other,,20.0,90.0,Undefined,5.7,HORNS REV 3,23/11/2024 20:00:00,AIS,45.0,45.0,9.0,11.0,75.0
